11/06/2014 11:22:39
id6
C:\Users\Annotations\Desktop\Annotations\Test_Data\G2\Islands.mp4
C:\Users\Annotations\Desktop\Annotations\Trace2011\Ratings\arousal.jpg
Arousal
-1,1
0,255,255	255,255,0	125,125,125
0
0,06	0
0,12	0
0,16	0
0,19	0
0,23	0
0,25	0
0,31	0
0,35	0
0,37	0
0,42	0
0,44	0
0,49	0
0,52	0
0,58	0
0,63	0
0,65	0
0,7	0
0,72	0
0,77	0
0,79	0
0,85	0
1,01	0
1,07	0
1,11	0
1,14	0
1,16	0
1,18	0
1,22	0
1,26	0
1,29	0
1,33	0
1,35	0
1,39	0
1,42	0
1,46	0
1,49	0
1,53	0
1,57	0
1,62	0
1,64	0
1,69	0
1,71	0
1,76	0
1,77	0
1,78	0
1,82	0
1,84	0
1,89	0
1,91	0
1,95	0
1,99	0
2,03	0
2,06	0
2,1	0
2,11	0
2,14	0
2,15	0
2,16	0
2,17	0
2,18	0
2,19	0
2,2	0
2,23	0
2,25	0
2,35	0
2,4	0
2,43	0
2,48	0
2,51	0
2,57	0
2,61	0
2,65	0
2,69	0
2,72	0
2,78	0
2,82	0
2,85	0
2,89	0
2,91	0
2,96	0
2,99	0
3,03	0
3,06	0
3,11	0
3,13	0
3,18	0
3,21	0
3,27	0
3,28	0
3,29	0
3,3	0
3,31	0
3,34	0
3,39	0
3,41	0
3,46	0
3,48	0
3,52	0
3,53	0
3,54	0
3,55	0
3,6	0
3,62	0
3,67	0
3,7	0
3,74	0
3,77	0
3,82	0
3,85	0
3,9	0
3,93	0
3,98	0
4	0
4,05	0
4,07	0
4,13	0
4,18	0
4,2	0
4,26	0
4,31	0
4,34	0
4,39	0
4,42	0
4,47	0
4,49	0
4,54	0
4,57	0
4,62	0
4,64	0
4,69	0
4,72	0
4,76	0
4,79	0
4,84	0
4,85	0
4,89	0
4,91	0
4,93	0
4,94	0
4,95	0
4,97	0
5,01	0
5,04	0
5,07	0
5,11	0
5,16	0
5,18	0
5,21	0
5,22	0
5,24	0
5,29	0
5,32	0
5,36	0
5,37	0
5,38	0
5,41	0
5,43	0
5,46	0
5,5	0
5,54	0
5,58	0
5,59	0
5,62	0
5,67	0
5,68	0
5,74	0
5,79	0
5,81	0
5,86	0
5,88	0
5,94	0
5,99	0
6,02	0
6,06	0
6,09	0
6,15	0
6,19	0
6,22	0
6,27	0
6,3	0
6,35	0
6,38	0
6,41	0
6,44	0
6,48	0
6,49	0
6,51	0
6,55	0
6,58	0
6,62	0
6,64	0
6,68	0
6,71	0
6,74	0
6,76	0
6,77	0
6,8	0
6,84	0
6,88	0
6,91	0
6,95	0
6,96	0
6,98	0
7,02	0
7,05	0
7,11	0
7,15	0
7,18	0
7,21	0
7,25	0
7,3	0
7,31	0
7,34	0
7,37	0
7,41	0
7,43	0
7,48	0
7,5	0
7,56	0
7,61	0
7,64	0
7,68	0
7,7	0
7,74	0
7,76	0
7,8	0
7,83	0
7,88	0
7,89	0
7,93	0
7,95	0
7,99	0
8,01	0
8,14	0
8,19	0
8,22	0
8,26	0
8,29	0
8,33	0
8,35	0
8,4	0
8,43	0
8,5	0
8,55	0
8,58	0
8,62	0
8,65	0
8,7	0
8,73	0
8,77	0
8,8	0
8,85	0
8,87	0
8,9	0
8,92	0
8,95	0
9	0
9,02	0
9,06	0
9,09	0
9,14	0
9,16	0
9,21	0
9,23	0
9,28	0
9,31	0
9,36	0
9,38	0
9,43	0
9,47	0
9,53	0
9,59	0
9,64	0
9,67	0
9,72	0
9,84	0
9,89	0
9,91	0
9,96	0
9,98	0
10,03	0
10,06	0
10,11	0
10,13	0
10,18	0
10,2	0
10,25	0
10,28	0
10,33	0
10,36	0
10,41	0
10,43	0
10,48	0
10,51	0
10,58	0
10,62	0
10,65	0
10,7	0
10,72	0
10,77	0
10,79	0
10,85	0
10,9	0
10,92	0
10,97	0
10,99	0
11,04	0
11,06	0
11,12	0
11,17	0
11,19	0
11,24	0
11,26	0
11,31	0
11,34	0
11,4	0
11,45	0
11,47	0
11,52	0
11,56	0
11,61	0
11,63	0
11,69	0
11,73	0
11,76	0
11,81	0
11,84	0
11,88	0
11,92	0
11,96	0
11,98	0
12,03	0
12,06	0
12,11	0
12,14	0
12,18	0
12,2	0
12,25	0
12,27	0
12,32	0
12,34	0
12,39	0
12,42	0
12,49	0
12,56	0
12,62	0
12,68	0
12,73	0
12,75	0
12,81	0
12,86	0
12,88	0
12,93	0
12,95	0
13	0
13,03	0
13,08	0
13,11	0
13,16	0
13,18	0
13,22	0
13,25	0
13,29	0
13,32	0
13,37	0
13,39	0
13,43	0
13,46	0
13,5	0
13,53	0
13,59	0
13,65	0
13,7	0
13,73	0
13,77	0
13,81	0
13,92	0
13,97	0
13,98	0
14	0
14,01	0
14,04	0
14,07	0
14,11	0
14,14	0
14,18	0
14,21	0
14,26	0
14,27	0
14,3	0
14,33	0
14,37	0
14,4	0
14,42	0
14,43	0
14,46	0
14,51	0
14,52	0
14,56	0
14,59	0
14,61	0
14,62	0
14,65	0
14,7	0
14,71	0
14,77	0
14,82	0
14,83	0
14,87	0
14,9	0
14,94	0
14,96	0
14,98	0
15,01	0
15,03	0
15,07	0
15,1	0
15,14	0
15,17	0
15,21	0
15,23	0
15,25	0
15,27	0
15,28	0
15,29	0
15,33	0
15,34	0
15,37	0
15,41	0
15,42	0
15,45	0
15,49	0
15,51	0
15,57	0
15,62	0
15,63	0
15,66	0
15,68	0
15,7	0
15,75	0
15,78	0
15,84	0
15,9	0
15,91	0
15,96	0
15,99	0
16,05	0
16,1	0
16,11	0
16,17	0
16,21	0
16,23	0
16,29	0
16,34	0
16,36	0
16,41	0
16,44	0
16,48	0
16,51	0
16,57	0
16,62	0
16,64	0
16,67	0
16,69	0
16,72	0
16,77	0
16,8	0
16,84	0
16,87	0
16,91	0
16,94	0
16,99	0
17,01	0
17,06	0
17,08	0
17,11	0
17,13	0
17,14	0
17,19	0
17,22	0
17,27	0
17,3	0
17,35	0
17,38	0
17,43	0
17,46	0
17,5	0
17,54	0
17,6	0
17,64	0
17,67	0
17,72	0
17,74	0
17,79	0
17,82	0
17,88	0
17,91	0
17,95	0
18,01	0
18,05	0
18,08	0
18,11	0
18,13	0
18,15	0
18,21	0
18,22	0
18,27	0
18,32	0
18,36	0
18,39	0
18,43	0
18,46	0
18,51	0
18,55	0
18,59	0
18,62	0
18,66	0
18,7	0
18,75	0
18,77	0
18,82	0
18,83	0
18,85	0
18,87	0
18,88	0
18,89	0
18,91	0
18,93	0
18,96	0
19	0
19,03	0
19,09	0
19,14	0
19,15	0
19,17	0
19,19	0
19,22	0
19,25	0
19,27	0
19,29	0
19,3	0
19,31	0
19,32	0
19,34	0
19,35	0
19,37	0
19,39	0
19,42	0
19,44	0
19,47	0
19,5	0
19,55	0
19,57	0
19,62	0
19,65	0
19,7	0
19,72	0
19,77	0
19,8	0
19,85	0
19,87	0
19,92	0
19,94	0
19,99	0
20,01	0
20,07	0
20,12	0
20,16	0
20,21	0
20,24	0
20,29	0
20,31	0
20,39	0
20,43	0
20,46	0
20,51	0
20,55	0
20,59	0
20,62	0
20,67	0
20,69	0
20,74	0
20,76	0
20,81	0
20,85	0
20,89	0
20,91	0
20,97	0
21,01	0
21,03	0
21,09	0
21,13	0
21,16	0
21,23	0
21,28	0
21,31	0
21,36	0
21,39	0
21,44	0
21,46	0
21,51	0
21,56	0
21,61	0
21,63	0
21,65	0
21,66	0
21,67	0
21,69	0
21,71	0
21,73	0
21,76	0
21,81	0
21,83	0
21,88	0
21,91	0
21,95	0
21,98	0
22,03	0
22,05	0
22,1	0
22,13	0
22,18	0
22,21	0
22,26	0
22,28	0
22,33	0
22,37	0
22,41	0
22,43	0
22,48	0
22,51	0
22,56	0
22,59	0
22,64	0
22,67	0
22,71	0
22,74	0
22,79	0
22,81	0
22,84	0
22,87	0
22,91	0
22,92	0
22,93	0
22,97	0
22,99	0
23,05	0
23,1	0
23,12	0
23,17	0
23,21	0
23,25	0
23,27	0
23,31	0
23,34	0
23,38	0
23,41	0
23,46	0
23,49	0
23,54	0
23,58	0
23,6	0
23,62	0
23,65	0
23,7	0
23,72	0
23,75	0
23,77	0
23,8	0
23,84	0
23,87	0
23,92	0
23,95	0
24	0
24,01	0
24,05	0
24,07	0
24,12	0
24,15	0
24,2	0
24,24	0
24,29	0
24,32	0
24,36	0
24,39	0
24,44	0
24,47	0
24,52	0
24,55	0
24,6	0
24,62	0
24,66	0
24,68	0
24,8	0
24,85	0
24,86	0
24,89	0
24,92	0
24,97	0
24,99	0
25,04	0
25,07	0
25,11	0
25,14	0
25,19	0
25,2	0
25,21	0
25,25	0
25,27	0
25,3	0
25,34	0
25,39	0
25,42	0
25,46	0
25,49	0
25,52	0
25,55	0
25,58	0
25,61	0
25,66	0
25,69	0
25,72	0
25,74	0
25,76	0
25,81	0
25,82	0
25,87	0
25,89	0
25,93	0
25,95	0
25,99	0
26,02	0
26,07	0
26,09	0
26,1	0
26,13	0
26,14	0
26,16	0
26,19	0
26,23	0
26,29	0
26,34	0
26,36	0
26,37	0
26,39	0
26,41	0
26,42	0
26,47	0
26,5	0
26,55	0
26,56	0
26,62	0
26,66	0
26,67	0
26,69	0
26,73	0
26,75	0
26,77	0
26,8	0
26,82	0
26,87	0
26,9	0
26,95	0
26,98	0
27	0
27,02	0
27,05	0
27,09	0
27,12	0
27,16	0
27,18	0
27,22	0
27,24	0
27,3	0
27,35	0
27,38	0
27,43	0
27,46	0
27,51	0
27,55	0
27,59	0
27,61	0
27,67	0
27,72	0
27,74	0
27,8	0
27,84	0
27,88	0
27,92	0
27,95	0
28	0
28,03	0
28,07	0
28,09	0
28,15	0
28,17	0
28,2	0
28,23	0
28,27	0
28,31	0
28,35	0
28,38	0
28,43	0
28,46	0
28,51	0
28,55	0
28,6	0
28,61	0
28,66	0
28,69	0
28,72	0
28,73	0
28,75	0
28,8	0
28,81	0
28,85	0
28,86	0
28,9	0
28,95	0
28,97	0
29,01	0
29,02	0
29,05	0
29,08	0
29,1	0
29,11	0
29,15	0
29,18	0
29,2	0
29,24	0
29,28	0
29,32	0
29,37	0
29,39	0
29,44	0
29,47	0
29,52	0
29,56	0
29,6	0
29,61	0
29,62	0
29,66	0
29,69	0
29,74	0
29,75	0
29,79	0
29,8	0
29,81	0
29,83	0
29,86	0
29,88	0
29,89	0
29,94	0
29,97	0
30,02	0
30,05	0
30,1	0
30,11	0
30,15	0
30,16	0
30,17	0
30,32	0
30,38	0
30,43	0
30,46	0
30,51	0
30,52	0
30,57	0
30,6	0
30,65	0
30,67	0
30,72	0
30,75	0
30,79	0
30,82	0
30,86	0
30,89	0
30,94	0
30,97	0
31	0
31,01	0
31,03	0
31,07	0
31,09	0
31,11	0
31,14	0
31,15	0
31,2	0
31,22	0
31,23	0
31,25	0
31,28	0
31,35	0
31,4	0
31,43	0
31,45	0
31,48	0
31,5	0
31,53	0
31,56	0
31,61	0
31,64	0
31,66	0
31,69	0
31,72	0
31,75	0
31,77	0
31,8	0
31,88	0
31,93	0
31,96	0
32,01	0
32,03	0
32,07	0
32,08	0
32,11	0
32,16	0
32,18	0
32,23	0
32,25	0
32,27	0
32,29	0
32,3	0
32,31	0
32,36	0
32,38	0
32,44	0
32,47	0
32,49	0
32,52	0
32,57	0
32,6	0
32,66	0
32,72	0
32,77	0
32,78	0
32,82	0
32,83	0
32,84	0
32,85	0
32,91	0
32,96	0
32,97	0
33,01	0
33,05	0
33,08	0
33,11	0
33,14	0
33,17	0
33,23	0
33,28	0
33,3	0
33,34	0
33,37	0
33,4	0
33,41	0
33,42	0
33,44	0
33,49	0
33,51	0
33,56	0
33,59	0
33,63	0
33,65	0
33,71	0
33,76	0
33,79	0
33,84	0
33,87	0
33,92	0
33,94	0
33,96	0
33,97	0
33,98	0
33,99	0
34	0
34,01	0
34,06	0
34,09	0
34,13	0
34,16	0
34,21	0
34,23	0
34,27	0
34,3	0
34,34	0
34,36	0
34,41	0
34,44	0
34,48	0
34,51	0
34,56	0
34,59	0
34,64	0
34,67	0
34,71	0
34,73	0
34,8	0
34,85	0
34,87	0
34,92	0
34,94	0
34,99	0
35,02	0
35,07	0
35,1	0
35,13	0
35,16	0
35,2	0
35,22	0
35,28	0
35,32	0
35,34	0
35,38	0
35,39	0
35,41	0
35,46	0
35,48	0
35,53	0
35,57	0
35,61	0
35,64	0
35,67	0
35,7	0
35,74	0
35,77	0
35,84	0
35,88	0
35,89	0
35,92	0
35,97	0
35,98	0
36	0
36,02	0
36,04	0
36,06	0
36,09	0
36,14	0
36,16	0
36,22	0
36,23	0
36,25	0
36,28	0
36,33	0
36,36	0
36,41	0
36,44	0
36,48	0
36,51	0
36,56	0
36,59	0
36,63	0
36,66	0
36,71	0
36,74	0
36,79	0
36,83	0
36,88	0
36,91	0
36,95	0
36,98	0
37,03	0
37,06	0
37,11	0
37,14	0
37,19	0
37,21	0
37,27	0
37,31	0
37,35	0
37,39	0
37,41	0
37,47	0
37,51	0
37,54	0
37,57	0
37,59	0
37,6	0
37,63	0
37,66	0
37,72	0
37,76	0
37,79	0
37,82	0
37,84	0
37,88	0
37,92	0
37,96	0
38	0
38,03	0
38,08	0
38,1	0
38,15	0
38,18	0
38,23	0
38,25	0
38,28	0
38,29	0
38,32	0
38,35	0
38,37	0
38,39	0
38,41	0
38,44	0
38,48	0
38,5	0
38,56	0
38,6	0
38,63	0
38,68	0
38,71	0
38,75	0
38,77	0
38,81	0
38,82	0
38,83	0
38,89	0
38,92	0
38,94	0
38,95	0
39	0
39,02	0
39,07	0
39,1	0
39,15	0
39,17	0
39,22	0
39,25	0
39,3	0
39,35	0
39,37	0
39,42	0
39,45	0
39,49	0
39,52	0
39,58	0
39,64	0
39,68	0
39,71	0
39,76	0
39,77	0
39,79	0
39,81	0
39,85	0
39,88	0
39,9	0
39,95	0
39,99	0
40,03	0
40,05	0
40,08	0
40,11	0
40,15	0
40,18	0
40,23	0
40,26	0
40,27	0
40,3	0
40,31	0
40,33	0
40,36	0
40,37	0
40,41	0
40,44	0
40,48	0
40,51	0
40,56	0
40,58	0
40,64	0
40,69	0
40,71	0
40,73	0
40,76	0
40,78	0
40,83	0
40,85	0
40,91	0
40,97	0
41,01	0
41,04	0
41,09	0
41,11	0
41,18	0
41,23	0
41,26	0
41,38	0
41,43	0
41,45	0
41,5	0
41,53	0
41,58	0
41,61	0
41,65	0
41,68	0
41,73	0
41,77	0
41,82	0
41,85	0
41,91	0
41,96	0
41,99	0
42,03	0
42,06	0
42,11	0
42,13	0
42,2	0
42,24	0
42,27	0
42,31	0
42,34	0
42,39	0
42,41	0
42,46	0
42,49	0
42,53	0
42,57	0
42,62	0
42,65	0
42,67	0
42,7	0
42,72	0
42,76	0
42,78	0
42,8	0
42,82	0
42,85	0
42,93	0
42,96	0
42,98	0
43	0
43,05	0
43,08	0
43,13	0
43,15	0
43,19	0
43,22	0
43,27	0
43,3	0
43,34	0
43,36	0
43,4	0
43,42	0
43,47	0
43,5	0
43,56	0
43,6	0
43,64	0
43,68	0
43,7	0
43,75	0
43,77	0
43,83	0
43,87	0
43,91	0
43,96	0
43,99	0
44,03	0
44,05	0
44,07	0
44,1	0
44,11	0
44,16	0
44,17	0
44,21	0
44,23	0
44,27	0
44,29	0
44,35	0
44,36	0
44,39	0
44,42	0
44,46	0
44,47	0
44,49	0
44,54	0
44,56	0
44,61	0
44,63	0
44,66	0
44,69	0
44,72	0
44,74	0
44,77	0
44,83	0
44,85	0
44,87	0
44,9	0
44,93	0
44,95	0
44,97	0
45,01	0
45,04	0
45,09	0
45,12	0
45,16	0
45,2	0
45,24	0
45,27	0
45,31	0
45,35	0
45,39	0
45,42	0
45,46	0
45,49	0
45,53	0
45,57	0
45,61	0
45,63	0
45,67	0
45,7	0
45,76	0
45,81	0
45,83	0
45,88	0
45,9	0
45,96	0
46	0
46,04	0
46,08	0
46,11	0
46,16	0
46,18	0
46,23	0
46,25	0
46,3	0
46,33	0
46,38	0
46,41	0
46,46	0
46,49	0
46,53	0
46,58	0
46,64	0
46,66	0
46,69	0
46,71	0
46,76	0
46,79	0
46,88	0
46,91	0
46,92	0
46,94	0
46,99	0
47,02	0
47,04	0
47,07	0
47,09	0
47,14	0
47,16	0
47,21	0
47,24	0
47,29	0
47,3	0
47,33	0
47,35	0
47,38	0
47,43	0
47,45	0
47,47	0
47,5	0
47,53	0
47,58	0
47,6	0
47,65	0
47,68	0
47,72	0
47,74	0
47,79	0
47,81	0
47,87	0
47,91	0
47,94	0
48,01	0
48,05	0
48,08	0
48,13	0
48,15	0
48,17	0
48,19	0
48,22	0
48,28	0
48,32	0
48,35	0
48,4	0
48,47	0
48,51	0
48,54	0
48,59	0
48,61	0
48,65	0
48,68	0
48,72	0
48,75	0
48,8	0
48,86	0
48,91	0
48,93	0
49,01	0
49,06	0
49,08	0
49,13	0
49,15	0
49,2	0
49,22	0
49,27	0
49,29	0
49,34	0
49,38	0
49,44	0
49,48	0
49,51	0
49,56	0
49,59	0
49,64	0
49,67	0
49,71	0
49,74	0
49,79	0
49,81	0
49,85	0
49,88	0
49,93	0
49,96	0
50,01	0
50,06	0
50,09	0
50,14	0
50,17	0
50,22	0
50,25	0
50,3	0
50,33	0
50,37	0
50,4	0
50,45	0
50,49	0
50,53	0
50,57	0
50,61	0
50,63	0
50,68	0
50,71	0
50,77	0
50,82	0
50,85	0
50,9	0
50,93	0
50,98	0
51,03	0
51,07	0
51,11	0
51,16	0
51,18	0
51,23	0
51,27	0
51,32	0
51,35	0
51,4	0
51,43	0
51,48	0
51,51	0
51,57	0
51,63	0
51,68	0
51,71	0
51,76	0
51,78	0
51,83	0
51,86	0
51,92	0
51,97	0
52	0
52,05	0
52,08	0
52,13	0
52,16	0
52,21	0
52,27	0
52,32	0
52,35	0
52,4	0
52,43	0
52,48	0
52,5	0
52,57	0
52,62	0
52,75	0
52,79	0
52,81	0
52,86	0
52,88	0
52,93	0
52,96	0
53	0
53,03	0
53,07	0
53,09	0
53,11	0
53,13	0
53,16	0
53,19	0
53,2	0
53,23	0
53,27	0
53,28	0
53,3	0
53,33	0
53,37	0
53,4	0
53,42	0
53,44	0
53,47	0
53,49	0
53,54	0
53,58	0
53,63	0
53,66	0
53,71	0
53,74	0
53,79	0
53,84	0
53,87	0
53,92	0
53,95	0
53,99	0
54,02	0
54,07	0
54,09	0
54,16	0
54,23	0
54,28	0
54,33	0
54,36	0
54,41	0
54,43	0
54,49	0
54,51	0
54,57	0
54,59	0
54,63	0
54,65	0
54,7	0
54,73	0
54,78	0
54,81	0
54,87	0
54,93	0
54,96	0
55	0
55,03	0
55,08	0
55,11	0
55,16	0
55,18	0
55,24	0
55,29	0
55,31	0
55,36	0
55,39	0
55,44	0
55,47	0
55,52	0
55,57	0
55,61	0
55,64	0
55,69	0
55,72	0
55,76	0
55,79	0
55,84	0
55,86	0
55,92	0
55,97	0
56	0
56,05	0
56,08	0
56,12	0
56,15	0
56,2	0
56,26	0
56,32	0
56,35	0
56,39	0
56,42	0
56,47	0
56,5	0
56,54	0
56,59	0
56,64	0
56,66	0
56,71	0
56,73	0
56,79	0
56,83	0
56,86	0
56,91	0
56,94	0
56,99	0
57,02	0
57,06	0
57,09	0
57,14	0
57,17	0
57,22	0
57,25	0
57,3	0
57,33	0
57,38	0
57,43	0
57,46	0
57,5	0
57,54	0
57,58	0
57,61	0
57,65	0
57,68	0
57,73	0
57,77	0
57,82	0
57,86	0
57,9	0
57,94	0
57,99	0
58,04	0
58,07	0
58,12	0
58,15	0
58,2	0
58,23	0
58,29	0
58,33	0
58,37	0
58,4	0
58,44	0
58,47	0
58,5	0
58,53	0
58,6	0
58,64	0
58,67	0
58,72	0
58,74	0
58,88	0
58,92	0
58,95	0
59	0
59,02	0
59,07	0
59,1	0
59,15	0
59,18	0
59,23	0
59,28	0
59,31	0
59,36	0
59,38	0
59,43	0
59,46	0
59,52	0
59,55	0
59,6	0
59,65	0
59,68	0
59,7	0
59,71	0
59,73	0
59,76	0
59,81	0
59,85	0
59,89	0
59,92	0
59,97	0
60	0
60,04	0
60,08	0
60,13	0
60,16	0
60,21	0
60,24	0
60,29	0
60,31	0
60,37	0
60,4	0
60,45	0
60,48	0
60,53	0
60,57	0
60,62	0
60,68	0
60,7	0
60,76	0
60,78	0
60,83	0
60,89	0
60,92	0
60,97	0
61	0
61,04	0
61,07	0
61,12	0
61,15	0
61,21	0
61,24	0
61,29	0
61,32	0
61,36	0
61,39	0
61,44	0
61,47	0
61,52	0
61,56	0
61,61	0
61,63	0
61,68	0
61,71	0
61,76	0
61,79	0
61,84	0
61,86	0
61,93	0
61,98	0
62	0
62,05	0
62,08	0
62,13	0
62,16	0
62,21	0
62,23	0
62,28	0
62,31	0
62,36	0
62,39	0
62,44	0
62,47	0
62,52	0
62,55	0
62,6	0
62,62	0
62,67	0
62,7	0
62,75	0
62,8	0
62,82	0
62,89	0
62,93	0
62,97	0
63,01	0
63,04	0
63,09	0
63,12	0
63,17	0
63,19	0
63,24	0
63,26	0
63,31	0
63,34	0
63,39	0
63,42	0
63,46	0
63,49	0
63,55	0
63,59	0
63,64	0
63,66	0
63,71	0
63,74	0
63,79	0
63,84	0
63,86	0
63,91	0
63,98	0
64,03	0
64,06	0
64,11	0
64,16	0
64,19	0
64,24	0
64,29	0
64,31	0
64,39	0
64,44	0
64,49	0
64,52	0
64,58	0
64,72	0
64,76	0
64,79	0
64,84	0
64,86	0
64,9	0
64,94	0
64,99	0
65,04	0
65,09	0
65,14	0
65,17	0
65,21	0
65,24	0
65,29	0
65,33	0
65,38	0
65,4	0
65,45	0
65,48	0
65,51	0
65,54	0
65,55	0
65,6	0
65,62	0
65,66	0
65,68	0
65,74	0
65,77	0
65,79	0
65,84	0
65,87	0
65,92	0
65,94	0
66	0
66,02	0
66,04	0
66,07	0
66,13	0
66,17	0
66,2	0
66,25	0
66,28	0
66,31	0
66,34	0
66,35	0
66,4	0
66,43	0
66,48	0
66,51	0
66,56	0
66,6	0
66,66	0
66,68	0
66,73	0
66,75	0
66,8	0
66,83	0
66,88	0
66,91	0
66,96	0
66,98	0
67	0
67,02	0
67,05	0
67,1	0
67,13	0
67,18	0
67,2	0
67,26	0
67,28	0
67,32	0
67,35	0
67,4	0
67,43	0
67,48	0
67,51	0
67,57	0
67,63	0
67,68	0
67,71	0
67,76	0
67,79	0
67,83	0
67,86	0
67,91	0
67,97	0
68,02	0
68,05	0
68,1	0
68,15	0
68,18	0
68,23	0
68,29	0
68,31	0
68,36	0
68,39	0
68,44	0
68,47	0
68,52	0
68,56	0
68,62	0
68,67	0
68,7	0
68,75	0
68,78	0
68,82	0
68,85	0
68,9	0
68,93	0
68,98	0
69,01	0
69,06	0
69,12	0
69,17	0
69,21	0
69,26	0
69,29	0
69,35	0
69,4	0
69,43	0
69,48	0
69,5	0
69,56	0
69,63	0
69,68	0
69,71	0
69,76	0
69,78	0
69,83	0
69,86	0
69,9	0
69,93	0
69,98	0
70,01	0
70,06	0
70,09	0
70,14	0
70,17	0
70,22	0
70,25	0
70,29	0
70,32	0
70,39	0
70,44	0
70,46	0
70,6	0
70,67	0
70,73	0
70,77	0
70,81	0
70,85	0
70,88	0
70,93	0
70,98	0
71,01	0
71,07	0
71,1	0
71,15	0
71,18	0
71,23	0
71,26	0
71,32	0
71,36	0
71,39	0
71,45	0
71,49	0
71,53	0
71,58	0
71,61	0
71,67	0
71,84	0
71,89	0
71,92	0
71,97	0
72	0
72,05	0
72,07	0
72,11	0
72,14	0
72,2	0
72,25	0
72,28	0
72,32	0
72,35	0
72,41	0
72,46	0
72,49	0
72,54	0
72,58	0
72,64	0
72,7	0
72,75	0
72,79	0
72,83	0
72,87	0
72,92	0
72,95	0
73	0
73,02	0
73,08	0
73,13	0
73,16	0
73,2	0
73,23	0
73,28	0
73,31	0
73,36	0
73,39	0
73,44	0
73,46	0
73,52	0
73,58	0
73,62	0
73,65	0
73,71	0
73,76	0
73,79	0
73,83	0
73,86	0
73,91	0
73,94	0
73,98	0
74,02	0
74,07	0
74,09	0
74,15	0
74,2	0
74,23	0
74,28	0
74,3	0
74,35	0
74,39	0
74,44	0
74,48	0
74,53	0
74,57	0
74,62	0
74,65	0
74,7	0
74,73	0
74,77	0
74,81	0
74,86	0
74,88	0
74,94	0
74,99	0
75,02	0
75,07	0
75,09	0
75,14	0
75,17	0
75,22	0
75,25	0
75,3	0
75,33	0
75,38	0
75,4	0
75,45	0
75,48	0
75,53	0
75,56	0
75,62	0
75,67	0
75,69	0
75,74	0
75,79	0
75,86	0
75,9	0
75,93	0
75,98	0
76,01	0
76,06	0
76,09	0
76,13	0
76,16	0
76,21	0
76,23	0
76,29	0
76,34	0
76,37	0
76,42	0
76,45	0
76,5	0
76,53	0
76,58	0
76,61	0
76,75	0
76,81	0
76,86	0
76,89	0
76,93	0
76,96	0
77,01	0
77,03	0
77,11	0
77,15	0
77,21	0
77,26	0
77,29	0
77,35	0
77,39	0
77,4	0
77,45	0
77,48	0
77,52	0
77,56	0
77,6	0
77,63	0
77,68	0
77,71	0
77,76	0
77,78	0
77,84	0
77,89	0
77,92	0
77,97	0
77,99	0
78,05	0
78,09	0
78,12	0
78,18	0
78,24	0
78,29	0
78,32	0
78,37	0
78,39	0
78,44	0
78,46	0
78,51	0
78,54	0
78,6	0
78,64	0
78,67	0
78,72	0
78,75	0
78,8	0
78,83	0
78,89	0
78,93	0
78,96	0
79,01	0
79,04	0
79,08	0
79,11	0
79,16	0
79,19	0
79,24	0
79,26	0
79,3	0
79,35	0
79,4	0
79,43	0
79,47	0
79,5	0
79,55	0
79,6	0
79,65	0
79,68	0
79,73	0
79,75	0
79,81	0
79,85	0
79,91	0
79,96	0
79,98	0
80,03	0
80,06	0
80,1	0
80,14	0
80,18	0
80,2	0
80,25	0
80,29	0
80,33	0
80,36	0
80,41	0
80,47	0
80,52	0
80,58	0
80,6	0
80,65	0
80,68	0
80,73	0
80,76	0
80,81	0
80,84	0
80,9	0
80,95	0
80,98	0
81,03	0
81,06	0
81,11	0
81,14	0
81,19	0
81,21	0
81,26	0
81,29	0
81,33	0
81,36	0
81,41	0
81,44	0
81,49	0
81,52	0
81,58	0
81,63	0
81,66	0
81,72	0
81,77	0
81,8	0
81,85	0
81,88	0
81,93	0
81,95	0
82	0
82,03	0
82,09	0
82,14	0
82,17	0
82,21	0
82,25	0
82,29	0
82,32	0
82,38	0
82,42	0
82,44	0
82,49	0
82,53	0
82,59	0
82,73	0
82,79	0
82,83	0
82,86	0
82,93	0
82,98	0
83,01	0
83,06	-0,0060606
83,09	-0,0242424
83,14	-0,07272726
83,18	-0,1515151
83,22	-0,2393939
83,25	-0,269697
83,3	-0,3666667
83,33	-0,3666667
83,38	-0,3878788
83,41	-0,3878788
83,45	-0,3878788
83,48	-0,3878788
83,52	-0,3878788
83,56	-0,3878788
83,61	-0,3878788
83,64	-0,3878788
83,68	-0,3878788
83,7	-0,3878788
83,76	-0,3878788
83,8	-0,3878788
83,83	-0,3878788
83,89	-0,3878788
83,95	-0,3878788
84,01	-0,3878788
84,06	-0,3878788
84,09	-0,3878788
84,13	-0,3878788
84,16	-0,3878788
84,21	-0,3878788
84,23	-0,3878788
84,29	-0,3878788
84,34	-0,3878788
84,37	-0,3878788
84,41	-0,3878788
84,43	-0,3878788
84,49	-0,3878788
84,55	-0,3878788
84,6	-0,3878788
84,63	-0,3878788
84,68	-0,3878788
84,71	-0,3878788
84,77	-0,3878788
84,82	-0,3878788
84,85	-0,3878788
84,9	-0,3878788
84,94	-0,3878788
85	-0,3878788
85,05	-0,3878788
85,08	-0,3878788
85,13	-0,3878788
85,17	-0,3878788
85,21	-0,3878788
85,24	-0,3878788
85,3	-0,3878788
85,34	-0,3878788
85,38	-0,3878788
85,42	-0,3878788
85,45	-0,3878788
85,5	-0,3878788
85,53	-0,3878788
85,59	-0,3878788
85,65	-0,3878788
85,7	-0,3878788
85,73	-0,3878788
85,79	-0,3878788
85,84	-0,3878788
85,87	-0,3878788
85,9	-0,3878788
85,93	-0,3878788
85,96	-0,3878788
85,98	-0,3878788
86,01	-0,3878788
86,07	-0,3878788
86,11	-0,3878788
86,14	-0,3878788
86,19	-0,3878788
86,21	-0,3878788
86,26	-0,3878788
86,29	-0,3878788
86,33	-0,3878788
86,37	-0,3878788
86,42	-0,3878788
86,45	-0,3878788
86,5	-0,3878788
86,53	-0,3878788
86,59	-0,3878788
86,64	-0,3878788
86,67	-0,3878788
86,73	-0,3878788
86,79	-0,3878788
86,84	-0,3878788
86,87	-0,3878788
86,94	-0,3878788
87	-0,3878788
87,04	-0,3878788
87,07	-0,3878788
87,12	-0,3878788
87,15	-0,3878788
87,2	-0,3878788
87,22	-0,3878788
87,27	-0,3878788
87,3	-0,3878788
87,35	-0,3878788
87,37	-0,3878788
87,42	-0,3878788
87,44	-0,3878788
87,48	-0,3878788
87,52	-0,3878788
87,57	-0,3878788
87,6	-0,3878788
87,65	-0,3878788
87,67	-0,3878788
87,72	-0,3878788
87,75	-0,3878788
87,81	-0,3878788
87,83	-0,3878788
87,84	-0,3878788
87,86	-0,3878788
87,88	-0,3878788
87,93	-0,3878788
87,96	-0,3878788
88,02	-0,3878788
88,07	-0,3878788
88,09	-0,3878788
88,12	-0,3878788
88,15	-0,3878788
88,19	-0,3878788
88,22	-0,3878788
88,28	-0,3878788
88,32	-0,3878788
88,33	-0,3878788
88,43	-0,3878788
88,48	-0,3878788
88,51	-0,3878788
88,57	-0,3878788
88,6	-0,3878788
88,62	-0,3878788
88,65	-0,3878788
88,7	-0,3878788
88,72	-0,3878788
88,76	-0,3878788
88,79	-0,3878788
88,84	-0,3878788
88,87	-0,3878788
88,93	-0,3878788
88,95	-0,3878788
88,98	-0,3878788
88,99	-0,3878788
89,02	-0,3878788
89,06	-0,3878788
89,12	-0,3878788
89,14	-0,3878788
89,16	-0,3878788
89,17	-0,3878788
89,2	-0,3878788
89,24	-0,3878788
89,26	-0,3878788
89,29	-0,3878788
89,31	-0,3878788
89,34	-0,3878788
89,36	-0,3878788
89,37	-0,3878788
89,4	-0,3878788
89,44	-0,3878788
89,46	-0,3878788
89,51	-0,3878788
89,54	-0,3878788
89,58	-0,3878788
89,61	-0,3878788
89,66	-0,3878788
89,69	-0,3878788
89,74	-0,3878788
89,77	-0,3878788
89,81	-0,3878788
89,84	-0,3878788
89,89	-0,3878788
89,92	-0,3878788
89,97	-0,3878788
89,99	-0,3878788
90,04	-0,3878788
90,07	-0,3878788
90,11	-0,3878788
90,14	-0,3878788
90,2	-0,3878788
90,25	-0,3878788
90,27	-0,3878788
90,32	-0,3878788
90,35	-0,3878788
90,4	-0,3878788
90,43	-0,3878788
90,49	-0,3878788
90,53	-0,3878788
90,54	-0,3878788
90,56	-0,3878788
90,61	-0,3878788
90,63	-0,3878788
90,65	-0,3878788
90,68	-0,3878788
90,7	-0,3878788
90,75	-0,3878788
90,77	-0,3878788
90,82	-0,3878788
90,83	-0,3878788
90,87	-0,3878788
90,88	-0,3878788
90,9	-0,3878788
90,92	-0,3878788
90,94	-0,3878788
90,96	-0,3878788
90,97	-0,3878788
91,02	-0,3878788
91,04	-0,3878788
91,08	-0,3878788
91,11	-0,3878788
91,16	-0,3878788
91,19	-0,3878788
91,23	-0,3878788
91,25	-0,3878788
91,3	-0,3878788
91,33	-0,3878788
91,38	-0,3878788
91,43	-0,3878788
91,48	-0,3878788
91,51	-0,3878788
91,58	-0,3878788
91,63	-0,3878788
91,66	-0,3878788
91,7	-0,3878788
91,73	-0,3878788
91,78	-0,3878788
91,81	-0,3878788
91,86	-0,3878788
91,89	-0,3878788
91,94	-0,3878788
91,97	-0,3878788
92,01	-0,3878788
92,04	-0,3878788
92,08	-0,3878788
92,1	-0,3878788
92,14	-0,3878788
92,17	-0,3878788
92,24	-0,3878788
92,28	-0,3878788
92,31	-0,3878788
92,36	-0,3878788
92,39	-0,3878788
92,45	-0,3878788
92,49	-0,3878788
92,52	-0,3878788
92,57	-0,3878788
92,61	-0,3878788
92,65	-0,3878788
92,69	-0,3878788
92,74	-0,3878788
92,77	-0,3878788
92,81	-0,3878788
92,84	-0,3878788
92,89	-0,3878788
92,92	-0,3878788
92,96	-0,3878788
92,99	-0,3878788
93,04	-0,3878788
93,06	-0,3878788
93,12	-0,3878788
93,16	-0,3878788
93,2	-0,3878788
93,26	-0,3878788
93,31	-0,3878788
93,34	-0,3878788
93,39	-0,3878788
93,43	-0,3878788
93,48	-0,3878788
93,51	-0,3878788
93,56	-0,3878788
93,59	-0,3878788
93,64	-0,3878788
93,67	-0,3878788
93,73	-0,3878788
93,78	-0,3878788
93,8	-0,3878788
93,86	-0,3878788
93,91	-0,3878788
93,94	-0,3878788
93,98	-0,3878788
94,01	-0,3878788
94,07	-0,3878788
94,2	-0,3878788
94,26	-0,3878788
94,31	-0,3878788
94,34	-0,3878788
94,39	-0,3878788
94,42	-0,3878788
94,47	-0,3878788
94,5	-0,3878788
94,55	-0,3878788
94,58	-0,3878788
94,64	-0,3878788
94,68	-0,3878788
94,71	-0,3878788
94,76	-0,3878788
94,79	-0,3878788
94,84	-0,3878788
94,86	-0,3878788
94,91	-0,3878788
94,92	-0,3878788
94,96	-0,3878788
94,97	-0,3878788
94,99	-0,3878788
95,04	-0,3878788
95,07	-0,3878788
95,12	-0,3878788
95,14	-0,3878788
95,19	-0,3878788
95,2	-0,3878788
95,24	-0,3878788
95,27	-0,3878788
95,29	-0,3878788
95,32	-0,3878788
95,35	-0,3878788
95,41	-0,3878788
95,47	-0,3878788
95,52	-0,3878788
95,53	-0,3878788
95,58	-0,3878788
95,6	-0,3878788
95,64	-0,3878788
95,67	-0,3878788
95,72	-0,3878788
95,74	-0,3878788
95,8	-0,3878788
95,84	-0,3878788
95,86	-0,3878788
95,92	-0,3878788
95,97	-0,3878788
96	-0,3878788
96,04	-0,3878788
96,07	-0,3878788
96,12	-0,3878788
96,16	-0,3878788
96,21	-0,3878788
96,26	-0,3878788
96,3	-0,3878788
96,34	-0,3878788
96,36	-0,3878788
96,42	-0,3878788
96,47	-0,3878788
96,5	-0,3878788
96,54	-0,3878788
96,58	-0,3878788
96,64	-0,3878788
96,69	-0,3878788
96,72	-0,3878788
96,77	-0,3878788
96,8	-0,3878788
96,85	-0,3878788
96,87	-0,3878788
96,92	-0,3878788
96,95	-0,3878788
97	-0,3878788
97,04	-0,3878788
97,08	-0,3878788
97,11	-0,3878788
97,16	-0,3878788
97,18	-0,3878788
97,24	-0,3878788
97,26	-0,3878788
97,27	-0,3878788
97,29	-0,3878788
97,3	-0,3878788
97,33	-0,3878788
97,37	-0,3878788
97,38	-0,3878788
97,4	-0,3878788
97,44	-0,3878788
97,47	-0,3878788
97,5	-0,3878788
97,53	-0,3878788
97,56	-0,3878788
97,57	-0,3878788
97,58	-0,3878788
97,59	-0,3878788
97,61	-0,3878788
97,64	-0,3878788
97,67	-0,3878788
97,71	-0,3878788
97,74	-0,3878788
97,8	-0,3878788
97,86	-0,3878788
97,92	-0,3878788
97,97	-0,3878788
98	-0,3878788
98,05	-0,3878788
98,08	-0,3878788
98,12	-0,3878788
98,14	-0,3878788
98,19	-0,3878788
98,2	-0,3878788
98,25	-0,3878788
98,28	-0,3878788
98,34	-0,3878788
98,39	-0,3878788
98,41	-0,3878788
98,47	-0,3878788
98,52	-0,3878788
98,56	-0,3878788
98,6	-0,3878788
98,63	-0,3878788
98,68	-0,3878788
98,7	-0,3878788
98,75	-0,3878788
98,78	-0,3878788
98,83	-0,3878788
98,86	-0,3878788
98,92	-0,3878788
98,97	-0,3878788
99	-0,3878788
99,04	-0,3878788
99,06	-0,3878788
99,12	-0,3878788
99,16	-0,3878788
99,18	-0,3878788
99,23	-0,3878788
99,26	-0,3878788
99,31	-0,3878788
99,34	-0,3878788
99,4	-0,3878788
99,42	-0,3878788
99,45	-0,3878788
99,47	-0,3878788
99,5	-0,3878788
99,54	-0,3878788
99,58	-0,3878788
99,65	-0,3878788
99,7	-0,3878788
99,72	-0,3878788
99,76	-0,3878788
99,77	-0,3878788
99,78	-0,3878788
99,88	-0,3878788
99,93	-0,3878788
99,97	-0,3878788
100,02	-0,3878788
100,04	-0,3878788
100,08	-0,3878788
100,11	-0,3878788
100,16	-0,3878788
100,19	-0,3878788
100,24	-0,3878788
100,26	-0,3878788
100,31	-0,3878788
100,34	-0,3878788
100,41	-0,3878788
100,45	-0,3878788
100,49	-0,3878788
100,53	-0,3878788
100,57	-0,3878788
100,63	-0,3878788
100,68	-0,3878788
100,71	-0,3878788
100,76	-0,3878788
100,78	-0,3878788
100,84	-0,3878788
100,89	-0,3878788
100,91	-0,3878788
100,95	-0,3878788
100,98	-0,3878788
100,99	-0,3878788
101	-0,3878788
101,01	-0,3878788
101,02	-0,3878788
101,03	-0,3878788
101,05	-0,3878788
101,06	-0,3878788
101,08	-0,3878788
101,1	-0,3878788
101,16	-0,3878788
101,21	-0,3878788
101,23	-0,3878788
101,28	-0,3878788
101,3	-0,3878788
101,36	-0,3878788
101,41	-0,3878788
101,43	-0,3878788
101,49	-0,3878788
101,55	-0,3878788
101,58	-0,3878788
101,64	-0,3878788
101,68	-0,3878788
101,69	-0,3878788
101,71	-0,3878788
101,73	-0,3878788
101,76	-0,3878788
101,79	-0,3878788
101,8	-0,3878788
101,83	-0,3878788
101,88	-0,3878788
101,9	-0,3878788
101,95	-0,3878788
101,98	-0,3878788
102,03	-0,3878788
102,05	-0,3878788
102,08	-0,3878788
102,11	-0,3878788
102,16	-0,3878788
102,18	-0,3878788
102,24	-0,3878788
102,29	-0,3878788
102,31	-0,3878788
102,36	-0,3878788
102,37	-0,3878788
102,41	-0,3878788
102,43	-0,3878788
102,46	-0,3878788
102,48	-0,3878788
102,51	-0,3878788
102,58	-0,3878788
102,62	-0,3878788
102,65	-0,3878788
102,7	-0,3878788
102,71	-0,3878788
102,75	-0,3878788
102,77	-0,3878788
102,82	-0,3878788
102,85	-0,3878788
102,91	-0,3878788
102,96	-0,3878788
102,98	-0,3878788
103,03	-0,3878788
103,05	-0,3878788
103,12	-0,3878788
103,2	-0,3878788
103,24	-0,3878788
103,27	-0,3878788
103,32	-0,3878788
103,34	-0,3878788
103,39	-0,3878788
103,42	-0,3878788
103,47	-0,3878788
103,5	-0,3878788
103,54	-0,3878788
103,58	-0,3878788
103,63	-0,3878788
103,66	-0,3878788
103,71	-0,3878788
103,73	-0,3878788
103,78	-0,3878788
103,82	-0,3878788
103,86	-0,3878788
103,9	-0,3878788
103,94	-0,3878788
103,96	-0,3878788
104,02	-0,3969697
104,07	-0,4151515
104,1	-0,430303
104,15	-0,4484848
104,17	-0,460606
104,22	-0,4727273
104,25	-0,4787879
104,3	-0,4787879
104,33	-0,4787879
104,38	-0,4787879
104,41	-0,4787879
104,46	-0,4787879
104,49	-0,4787879
104,54	-0,4787879
104,59	-0,4787879
104,65	-0,4878788
104,69	-0,4909091
104,72	-0,4909091
104,77	-0,5
104,79	-0,5030303
104,85	-0,5181818
104,9	-0,5242424
104,94	-0,5272727
105	-0,5272727
105,05	-0,5272727
105,08	-0,5272727
105,13	-0,5272727
105,15	-0,5272727
105,2	-0,5272727
105,33	-0,5515152
105,38	-0,5515152
105,4	-0,5515152
105,45	-0,6030303
105,48	-0,6242424
105,53	-0,6242424
105,56	-0,6242424
105,62	-0,6242424
105,66	-0,6242424
105,69	-0,6242424
105,74	-0,6242424
105,78	-0,6242424
105,81	-0,6242424
105,85	-0,6242424
105,86	-0,6242424
105,87	-0,6242424
105,9	-0,6242424
105,93	-0,6242424
105,97	-0,6242424
106,01	-0,6242424
106,03	-0,6242424
106,08	-0,6242424
106,11	-0,6242424
106,15	-0,6242424
106,18	-0,6242424
106,22	-0,6242424
106,24	-0,6242424
106,26	-0,6242424
106,3	-0,6242424
106,31	-0,6242424
106,32	-0,6242424
106,34	-0,6242424
106,37	-0,6242424
106,39	-0,6242424
106,4	-0,6242424
106,41	-0,6242424
106,44	-0,6242424
106,49	-0,6242424
106,52	-0,6242424
106,57	-0,6242424
106,59	-0,6242424
106,65	-0,6242424
106,68	-0,6242424
106,69	-0,6242424
106,71	-0,6242424
106,76	-0,6242424
106,79	-0,6242424
106,83	-0,6242424
106,86	-0,6242424
106,92	-0,6242424
106,97	-0,6242424
106,99	-0,6242424
107,03	-0,6242424
107,05	-0,6242424
107,07	-0,6242424
107,1	-0,6242424
107,13	-0,6242424
107,18	-0,6242424
107,2	-0,6242424
107,23	-0,6242424
107,27	-0,6242424
107,33	-0,6242424
107,34	-0,6242424
107,37	-0,6242424
107,39	-0,6242424
107,4	-0,6242424
107,42	-0,6242424
107,44	-0,6242424
107,47	-0,6242424
107,52	-0,6242424
107,54	-0,6242424
107,58	-0,6242424
107,6	-0,6242424
107,64	-0,6242424
107,67	-0,6242424
107,7	-0,6242424
107,73	-0,6242424
107,77	-0,6242424
107,79	-0,6242424
107,85	-0,6242424
107,89	-0,6242424
107,92	-0,6242424
107,97	-0,6242424
108	-0,6242424
108,05	-0,6242424
108,08	-0,6242424
108,13	-0,6242424
108,15	-0,6242424
108,2	-0,6242424
108,21	-0,6242424
108,23	-0,6242424
108,26	-0,6242424
108,28	-0,6242424
108,31	-0,6242424
108,34	-0,6242424
108,38	-0,6242424
108,41	-0,6242424
108,46	-0,6242424
108,47	-0,6242424
108,5	-0,6242424
108,52	-0,6242424
108,54	-0,6242424
108,56	-0,6242424
108,58	-0,6242424
108,6	-0,6242424
108,65	-0,6242424
108,67	-0,6242424
108,72	-0,6242424
108,74	-0,6242424
108,77	-0,6242424
108,8	-0,6242424
108,82	-0,6242424
108,85	-0,6242424
108,88	-0,6242424
108,91	-0,6242424
108,93	-0,6242424
108,96	-0,6242424
109,01	-0,6242424
109,02	-0,6242424
109,08	-0,6242424
109,13	-0,6242424
109,15	-0,6242424
109,21	-0,6242424
109,25	-0,6242424
109,28	-0,6242424
109,32	-0,6242424
109,35	-0,6242424
109,4	-0,6242424
109,42	-0,6242424
109,48	-0,6242424
109,52	-0,6242424
109,57	-0,6242424
109,62	-0,6242424
109,65	-0,6242424
109,7	-0,6242424
109,72	-0,6242424
109,77	-0,6242424
109,8	-0,6242424
109,84	-0,6242424
109,88	-0,6242424
109,92	-0,6242424
109,94	-0,6242424
109,99	-0,6242424
110,01	-0,6242424
110,07	-0,6242424
110,12	-0,6242424
110,15	-0,6242424
110,19	-0,6242424
110,23	-0,6242424
110,27	-0,6242424
110,31	-0,6242424
110,37	-0,6242424
110,41	-0,6242424
110,44	-0,6242424
110,49	-0,6242424
110,52	-0,6242424
110,57	-0,6242424
110,6	-0,6242424
110,74	-0,6242424
110,79	-0,6242424
110,82	-0,6242424
110,87	-0,6242424
110,9	-0,6242424
110,96	-0,6242424
111,01	-0,6242424
111,04	-0,6242424
111,09	-0,6242424
111,13	-0,6242424
111,18	-0,6242424
111,21	-0,6242424
111,26	-0,6242424
111,3	-0,6242424
111,35	-0,6242424
111,39	-0,6242424
111,41	-0,6242424
111,47	-0,6242424
111,51	-0,6242424
111,52	-0,6242424
111,54	-0,6242424
111,59	-0,6242424
111,61	-0,6242424
111,66	-0,6242424
111,69	-0,6242424
111,73	-0,6242424
111,75	-0,6242424
111,81	-0,6242424
111,86	-0,6242424
111,89	-0,6242424
111,94	-0,6242424
111,97	-0,6242424
112,01	-0,6242424
112,04	-0,6242424
112,08	-0,6242424
112,13	-0,6242424
112,18	-0,6242424
112,2	-0,6242424
112,26	-0,6242424
112,31	-0,6242424
112,34	-0,6242424
112,38	-0,6242424
112,41	-0,6242424
112,45	-0,6242424
112,47	-0,6242424
112,53	-0,6242424
112,59	-0,6242424
112,64	-0,6242424
112,67	-0,6242424
112,72	-0,6242424
112,75	-0,6242424
112,8	-0,6242424
112,82	-0,6242424
112,87	-0,6242424
112,9	-0,6242424
112,95	-0,6242424
112,98	-0,6242424
113,04	-0,6242424
113,1	-0,6242424
113,15	-0,6242424
113,18	-0,6242424
113,22	-0,6242424
113,26	-0,6242424
113,3	-0,6242424
113,33	-0,6242424
113,39	-0,6242424
113,44	-0,6242424
113,47	-0,6242424
113,52	-0,6242424
113,56	-0,6242424
113,61	-0,6242424
113,65	-0,6242424
113,7	-0,6242424
113,72	-0,6242424
113,77	-0,6242424
113,8	-0,6242424
113,85	-0,6242424
113,88	-0,6242424
113,92	-0,6242424
113,95	-0,6242424
114	-0,6242424
114,03	-0,6242424
114,08	-0,6242424
114,11	-0,6242424
114,17	-0,6242424
114,22	-0,6242424
114,25	-0,6242424
114,29	-0,6242424
114,32	-0,6242424
114,37	-0,6242424
114,4	-0,6242424
114,45	-0,6242424
114,47	-0,6242424
114,52	-0,6242424
114,56	-0,6242424
114,6	-0,6242424
114,63	-0,6242424
114,68	-0,6242424
114,7	-0,6242424
114,75	-0,6242424
114,78	-0,6242424
114,84	-0,6242424
114,9	-0,6242424
114,96	-0,6242424
115,01	-0,6242424
115,04	-0,6242424
115,08	-0,6242424
115,1	-0,6242424
115,13	-0,6242424
115,17	-0,6242424
115,21	-0,6242424
115,23	-0,6242424
115,28	-0,6242424
115,3	-0,6242424
115,35	-0,6242424
115,38	-0,6242424
115,43	-0,6242424
115,46	-0,6242424
115,51	-0,6242424
115,55	-0,6242424
115,6	-0,6242424
115,61	-0,6242424
115,65	-0,6242424
115,67	-0,6242424
115,69	-0,6242424
115,74	-0,6242424
115,77	-0,6242424
115,82	-0,6242424
115,85	-0,6242424
115,89	-0,6242424
115,92	-0,6242424
115,96	-0,6242424
115,99	-0,6242424
116,03	-0,6242424
116,06	-0,6242424
116,13	-0,6242424
116,18	-0,6242424
116,21	-0,6242424
116,25	-0,6242424
116,31	-0,6242424
116,36	-0,6242424
116,41	-0,6242424
116,44	-0,6242424
116,57	-0,6242424
116,63	-0,6242424
116,68	-0,6242424
116,71	-0,6242424
116,76	-0,6242424
116,79	-0,6242424
116,84	-0,6242424
116,87	-0,6242424
116,92	-0,6242424
116,93	-0,6242424
116,95	-0,6242424
116,97	-0,6242424
117	-0,6242424
117,04	-0,6242424
117,07	-0,6242424
117,12	-0,6242424
117,14	-0,6242424
117,2	-0,6242424
117,24	-0,6242424
117,26	-0,6242424
117,33	-0,6242424
117,38	-0,6242424
117,44	-0,6242424
117,49	-0,6242424
117,52	-0,6242424
117,58	-0,6242424
117,63	-0,6242424
117,66	-0,6242424
117,7	-0,6242424
117,74	-0,6242424
117,79	-0,6242424
117,81	-0,6242424
117,86	-0,6242424
117,89	-0,6242424
117,94	-0,6242424
117,97	-0,6242424
118,01	-0,6242424
118,04	-0,6242424
118,08	-0,6242424
118,1	-0,6242424
118,12	-0,6242424
118,17	-0,6242424
118,19	-0,6242424
118,23	-0,6242424
118,25	-0,6242424
118,31	-0,6242424
118,36	-0,6242424
118,38	-0,6242424
118,43	-0,6242424
118,45	-0,6242424
118,48	-0,6242424
118,51	-0,6242424
118,57	-0,6242424
118,61	-0,6242424
118,63	-0,6242424
118,69	-0,6242424
118,74	-0,6242424
118,77	-0,6242424
118,79	-0,6242424
118,82	-0,6242424
118,84	-0,6242424
118,88	-0,6242424
118,9	-0,6242424
118,93	-0,6242424
118,96	-0,6242424
119,01	-0,6242424
119,02	-0,6242424
119,05	-0,6242424
119,08	-0,6242424
119,12	-0,6242424
119,14	-0,6242424
119,19	-0,6242424
119,22	-0,6242424
119,26	-0,6242424
119,3	-0,6242424
119,36	-0,6242424
119,4	-0,6242424
119,42	-0,6242424
119,47	-0,6242424
119,5	-0,6242424
119,54	-0,6242424
119,58	-0,6242424
119,62	-0,6242424
119,65	-0,6242424
119,7	-0,6242424
119,72	-0,6242424
119,77	-0,6242424
119,8	-0,6242424
119,87	-0,6242424
119,92	-0,6242424
119,94	-0,6242424
119,98	-0,6242424
120,01	-0,6242424
120,06	-0,6242424
120,09	-0,6242424
120,14	-0,6242424
120,17	-0,6242424
120,22	-0,6242424
120,25	-0,6242424
120,3	-0,6242424
120,33	-0,6242424
120,37	-0,6242424
120,4	-0,6242424
120,46	-0,6242424
120,48	-0,6242424
120,55	-0,6242424
120,6	-0,6242424
120,63	-0,6242424
120,69	-0,6242424
120,74	-0,6242424
120,77	-0,6242424
120,82	-0,6242424
120,86	-0,6242424
120,91	-0,6242424
120,93	-0,6242424
120,99	-0,6242424
121,03	-0,6242424
121,06	-0,6242424
121,1	-0,6242424
121,13	-0,6242424
121,18	-0,6242424
121,21	-0,6242424
121,26	-0,6242424
121,3	-0,6242424
121,35	-0,6242424
121,38	-0,6242424
121,44	-0,6242424
121,49	-0,6242424
121,52	-0,6242424
121,58	-0,6242424
121,64	-0,6242424
121,69	-0,6242424
121,72	-0,6242424
121,77	-0,6242424
121,8	-0,6242424
121,85	-0,6242424
121,88	-0,6242424
121,93	-0,6242424
121,96	-0,6242424
122,02	-0,6242424
122,07	-0,6242424
122,1	-0,6242424
122,25	-0,6242424
122,3	-0,6242424
122,33	-0,6242424
122,37	-0,6242424
122,4	-0,6242424
122,45	-0,6242424
122,47	-0,6242424
122,48	-0,6242424
122,51	-0,6242424
122,54	-0,6242424
122,61	-0,6242424
122,66	-0,6242424
122,69	-0,6242424
122,71	-0,6242424
122,73	-0,6242424
122,76	-0,6242424
122,79	-0,6242424
122,82	-0,6242424
122,87	-0,6242424
122,89	-0,6242424
122,95	-0,6242424
122,99	-0,6242424
123	-0,6242424
123,01	-0,6242424
123,05	-0,6242424
123,08	-0,6242424
123,13	-0,6242424
123,16	-0,6242424
123,2	-0,6242424
123,21	-0,6242424
123,24	-0,6242424
123,3	-0,6242424
123,35	-0,6242424
123,37	-0,6242424
123,42	-0,6242424
123,45	-0,6242424
123,49	-0,6242424
123,51	-0,6242424
123,55	-0,6242424
123,58	-0,6242424
123,63	-0,6242424
123,67	-0,6242424
123,7	-0,6242424
123,72	-0,6242424
123,77	-0,6242424
123,79	-0,6242424
123,84	-0,6242424
123,86	-0,6242424
123,91	-0,6242424
123,94	-0,6242424
123,99	-0,6242424
124,01	-0,6242424
124,07	-0,6242424
124,12	-0,6242424
124,14	-0,6242424
124,2	-0,6242424
124,24	-0,6242424
124,27	-0,6242424
124,32	-0,6242424
124,35	-0,6242424
124,4	-0,6242424
124,42	-0,6242424
124,48	-0,6242424
124,53	-0,6242424
124,57	-0,6242424
124,62	-0,6242424
124,64	-0,6242424
124,68	-0,6242424
124,72	-0,6242424
124,77	-0,6242424
124,8	-0,6242424
124,85	-0,6242424
124,88	-0,6242424
124,93	-0,6242424
124,96	-0,6242424
125,01	-0,6242424
125,04	-0,6242424
125,09	-0,6242424
125,12	-0,6242424
125,16	-0,6242424
125,19	-0,6242424
125,24	-0,6242424
125,27	-0,6242424
125,32	-0,6242424
125,33	-0,6242424
125,36	-0,6242424
125,37	-0,6242424
125,38	-0,6242424
125,39	-0,6242424
125,44	-0,6242424
125,47	-0,6242424
125,5	-0,6242424
125,53	-0,6242424
125,56	-0,6242424
125,57	-0,6242424
125,59	-0,6242424
125,62	-0,6242424
125,66	-0,6242424
125,69	-0,6242424
125,73	-0,6242424
125,77	-0,6242424
125,8	-0,6242424
125,86	-0,6242424
125,91	-0,6242424
125,93	-0,6242424
125,98	-0,6242424
126	-0,6242424
126,06	-0,6242424
126,11	-0,6242424
126,14	-0,6242424
126,19	-0,6242424
126,22	-0,6242424
126,26	-0,6242424
126,29	-0,6242424
126,32	-0,6242424
126,34	-0,6242424
126,36	-0,6242424
126,4	-0,6242424
126,43	-0,6242424
126,48	-0,6242424
126,5	-0,6242424
126,54	-0,6242424
126,57	-0,6242424
126,62	-0,6242424
126,65	-0,6242424
126,68	-0,6242424
126,72	-0,6242424
126,75	-0,6242424
126,79	-0,6242424
126,84	-0,6242424
126,86	-0,6242424
126,9	-0,6242424
126,93	-0,6242424
126,97	-0,6242424
126,99	-0,6242424
127,04	-0,6242424
127,07	-0,6242424
127,13	-0,6242424
127,17	-0,6242424
127,2	-0,6242424
127,25	-0,6242424
127,27	-0,6242424
127,33	-0,6242424
127,38	-0,6242424
127,41	-0,6242424
127,45	-0,6242424
127,48	-0,6242424
127,53	-0,6242424
127,56	-0,6242424
127,61	-0,6242424
127,64	-0,6242424
127,69	-0,6242424
127,72	-0,6242424
127,87	-0,6242424
127,92	-0,6242424
127,95	-0,6242424
128	-0,6242424
128,03	-0,6242424
128,08	-0,6242424
128,11	-0,6242424
128,16	-0,6242424
128,19	-0,6242424
128,24	-0,6242424
128,27	-0,6242424
128,32	-0,6242424
128,36	-0,6242424
128,4	-0,6242424
128,44	-0,6242424
128,48	-0,6242424
128,51	-0,6242424
128,57	-0,6242424
128,63	-0,6242424
128,68	-0,6242424
128,71	-0,6242424
128,77	-0,6242424
128,82	-0,6242424
128,85	-0,6242424
128,91	-0,6242424
128,96	-0,6242424
128,99	-0,6242424
129,04	-0,6242424
129,06	-0,6242424
129,12	-0,6242424
129,17	-0,6242424
129,2	-0,6242424
129,25	-0,6242424
129,27	-0,6242424
129,33	-0,6242424
129,37	-0,6242424
129,4	-0,6242424
129,46	-0,6242424
129,5	-0,6242424
129,55	-0,6242424
129,6	-0,6242424
129,62	-0,6242424
129,68	-0,6242424
129,72	-0,6242424
129,75	-0,6242424
129,81	-0,6242424
129,86	-0,6242424
129,88	-0,6242424
129,94	-0,6242424
129,99	-0,6242424
130	-0,6242424
130,05	-0,6242424
130,08	-0,6242424
130,13	-0,6242424
130,15	-0,6242424
130,2	-0,6242424
130,22	-0,6242424
130,28	-0,6242424
130,32	-0,6242424
130,35	-0,6242424
130,4	-0,6242424
130,43	-0,6242424
130,49	-0,6242424
130,53	-0,6242424
130,57	-0,6242424
130,62	-0,6242424
130,65	-0,6242424
130,7	-0,6242424
130,73	-0,6242424
130,78	-0,6242424
130,8	-0,6242424
130,86	-0,6242424
130,91	-0,6242424
130,94	-0,6242424
130,99	-0,6242424
131,02	-0,6242424
131,07	-0,6242424
131,1	-0,6242424
131,12	-0,6242424
131,14	-0,6242424
131,17	-0,6242424
131,21	-0,6242424
131,25	-0,6242424
131,29	-0,6242424
131,36	-0,6242424
131,41	-0,6242424
131,44	-0,6242424
131,49	-0,6242424
131,52	-0,6242424
131,58	-0,6242424
131,63	-0,6242424
131,66	-0,6242424
131,69	-0,6242424
131,71	-0,6242424
131,73	-0,6242424
131,79	-0,6242424
131,84	-0,6242424
131,87	-0,6242424
131,9	-0,6242424
131,93	-0,6242424
131,97	-0,6242424
132	-0,6242424
132,03	-0,6242424
132,16	-0,6242424
132,2	-0,6242424
132,23	-0,6242424
132,28	-0,6242424
132,31	-0,6242424
132,34	-0,6242424
132,37	-0,6242424
132,43	-0,6242424
132,48	-0,6242424
132,51	-0,6242424
132,57	-0,6242424
132,59	-0,6242424
132,6	-0,6242424
132,63	-0,6242424
132,67	-0,6242424
132,68	-0,6242424
132,69	-0,6242424
132,75	-0,6242424
132,79	-0,6242424
132,84	-0,6242424
132,89	-0,6242424
132,91	-0,6242424
132,96	-0,6242424
132,98	-0,6242424
133,04	-0,6242424
133,08	-0,6242424
133,11	-0,6242424
133,16	-0,6242424
133,18	-0,6242424
133,24	-0,6242424
133,28	-0,6242424
133,31	-0,6242424
133,36	-0,6242424
133,39	-0,6242424
133,44	-0,6242424
133,47	-0,6242424
133,52	-0,6242424
133,55	-0,6242424
133,62	-0,6242424
133,66	-0,6242424
133,69	-0,6242424
133,81	-0,6242424
133,87	-0,6242424
133,92	-0,6242424
133,93	-0,6242424
133,98	-0,6242424
134	-0,6242424
134,03	-0,6242424
134,05	-0,6242424
134,08	-0,6242424
134,14	-0,6242424
134,18	-0,6242424
134,22	-0,6242424
134,27	-0,6242424
134,3	-0,6242424
134,35	-0,6242424
134,38	-0,6242424
134,43	-0,6242424
134,46	-0,6242424
134,49	-0,6242424
134,51	-0,6242424
134,55	-0,6242424
134,6	-0,6242424
134,63	-0,6242424
134,68	-0,6242424
134,71	-0,6242424
134,74	-0,6242424
134,75	-0,6242424
134,76	-0,6242424
134,78	-0,6242424
134,82	-0,6242424
134,85	-0,6242424
134,92	-0,6242424
134,97	-0,6242424
135	-0,6242424
135,04	-0,6242424
135,07	-0,6242424
135,12	-0,6242424
135,13	-0,6242424
135,19	-0,6242424
135,24	-0,6242424
135,28	-0,6242424
135,32	-0,6242424
135,35	-0,6242424
135,38	-0,6242424
135,4	-0,6242424
135,44	-0,6242424
135,49	-0,6242424
135,52	-0,6242424
135,56	-0,6242424
135,57	-0,6242424
135,58	-0,6242424
135,61	-0,6242424
135,63	-0,6242424
135,64	-0,6242424
135,69	-0,6242424
135,71	-0,6242424
135,77	-0,6242424
135,82	-0,6242424
135,85	-0,6242424
135,91	-0,6242424
135,96	-0,6242424
135,98	-0,6242424
136,03	-0,6242424
136,06	-0,6242424
136,11	-0,6242424
136,13	-0,6242424
136,18	-0,6242424
136,21	-0,6242424
136,26	-0,6242424
136,29	-0,6242424
136,34	-0,6242424
136,37	-0,6242424
136,41	-0,6242424
136,43	-0,6242424
136,48	-0,6242424
136,51	-0,6242424
136,54	-0,6242424
136,58	-0,6242424
136,62	-0,6242424
136,65	-0,6242424
136,69	-0,6242424
136,71	-0,6242424
136,76	-0,6242424
136,78	-0,6242424
136,83	-0,6242424
136,86	-0,6242424
136,91	-0,6242424
136,93	-0,6242424
136,98	-0,6242424
137,02	-0,6242424
137,07	-0,6242424
137,09	-0,6242424
137,14	-0,6242424
137,17	-0,6242424
137,22	-0,6242424
137,25	-0,6242424
137,28	-0,6242424
137,31	-0,6242424
137,36	-0,6242424
137,38	-0,6242424
137,43	-0,6242424
137,45	-0,6242424
137,5	-0,6242424
137,53	-0,6242424
137,58	-0,6242424
137,6	-0,6242424
137,65	-0,6242424
137,68	-0,6242424
137,73	-0,6242424
137,75	-0,6242424
137,8	-0,6242424
137,82	-0,6242424
137,88	-0,6242424
137,92	-0,6242424
137,95	-0,6242424
137,99	-0,6242424
138,02	-0,6242424
138,08	-0,6242424
138,12	-0,6242424
138,15	-0,6242424
138,2	-0,6242424
138,23	-0,6242424
138,28	-0,6242424
138,33	-0,6242424
138,35	-0,6242424
138,4	-0,6242424
138,42	-0,6242424
138,48	-0,6242424
138,53	-0,6242424
138,56	-0,6242424
138,61	-0,6242424
138,63	-0,6242424
138,68	-0,6242424
138,71	-0,6242424
138,76	-0,6242424
138,79	-0,6242424
138,84	-0,6242424
138,85	-0,6242424
138,89	-0,6242424
138,92	-0,6242424
138,96	-0,6242424
138,97	-0,6242424
139	-0,6242424
139,04	-0,6242424
139,09	-0,6242424
139,13	-0,6242424
139,16	-0,6242424
139,21	-0,6242424
139,23	-0,6242424
139,28	-0,6242424
139,31	-0,6242424
139,36	-0,6242424
139,39	-0,6242424
139,43	-0,6242424
139,44	-0,6242424
139,51	-0,6242424
139,57	-0,6242424
139,61	-0,6242424
139,62	-0,6242424
139,65	-0,6242424
139,68	-0,6242424
139,69	-0,6242424
139,7	-0,6242424
139,72	-0,6242424
139,79	-0,6242424
139,84	-0,6242424
139,87	-0,6242424
139,92	-0,6242424
139,95	-0,6242424
140	-0,6242424
140,03	-0,6242424
140,09	-0,6242424
140,14	-0,6242424
140,17	-0,6242424
140,22	-0,6242424
140,23	-0,6242424
140,24	-0,6242424
140,25	-0,6242424
140,26	-0,6242424
140,27	-0,6242424
140,28	-0,6242424
140,29	-0,6242424
140,34	-0,6242424
140,36	-0,6242424
140,4	-0,6242424
140,43	-0,6242424
140,48	-0,6242424
140,51	-0,6242424
140,56	-0,6242424
140,59	-0,6242424
140,64	-0,6242424
140,66	-0,6242424
140,71	-0,6242424
140,73	-0,6242424
140,78	-0,6242424
140,81	-0,6242424
140,86	-0,6242424
140,88	-0,6242424
140,92	-0,6242424
140,95	-0,6242424
140,99	-0,6242424
141,03	-0,6242424
141,04	-0,6242424
141,08	-0,6242424
141,11	-0,6242424
141,16	-0,6242424
141,2	-0,6242424
141,25	-0,6242424
141,28	-0,6242424
141,33	-0,6242424
141,35	-0,6242424
141,37	-0,6242424
141,39	-0,6242424
141,41	-0,6242424
141,46	-0,6242424
141,47	-0,6242424
141,48	-0,6242424
141,49	-0,6242424
141,5	-0,6242424
141,54	-0,6242424
141,59	-0,6242424
141,62	-0,6242424
141,67	-0,6242424
141,68	-0,6242424
141,72	-0,6242424
141,74	-0,6242424
141,79	-0,6242424
141,82	-0,6242424
141,88	-0,6242424
141,91	-0,6242424
141,96	-0,6242424
141,97	-0,6242424
141,98	-0,6242424
142	-0,6242424
142,01	-0,6242424
142,03	-0,6242424
142,08	-0,6242424
142,1	-0,6242424
142,15	-0,6242424
142,18	-0,6242424
142,22	-0,6242424
142,24	-0,6242424
142,29	-0,6242424
142,32	-0,6242424
142,37	-0,6242424
142,4	-0,6242424
142,44	-0,6242424
142,46	-0,6242424
142,53	-0,6242424
142,59	-0,6242424
142,64	-0,6242424
142,67	-0,6242424
142,72	-0,6242424
142,74	-0,6242424
142,76	-0,6242424
142,78	-0,6242424
142,81	-0,6242424
142,83	-0,6242424
142,86	-0,6242424
142,89	-0,6242424
142,93	-0,6242424
142,96	-0,6242424
143	-0,6242424
143,01	-0,6242424
143,02	-0,6242424
143,08	-0,6242424
143,12	-0,6242424
143,16	-0,6242424
143,21	-0,6242424
143,22	-0,6242424
143,27	-0,6242424
143,3	-0,6242424
143,32	-0,6242424
143,33	-0,6242424
143,35	-0,6242424
143,38	-0,6242424
143,41	-0,6242424
143,43	-0,6242424
143,45	-0,6242424
143,5	-0,6242424
143,53	-0,6242424
143,59	-0,6242424
143,65	-0,6242424
143,68	-0,6242424
143,7	-0,6242424
143,72	-0,6242424
143,76	-0,6242424
143,79	-0,6242424
143,8	-0,6242424
143,83	-0,6242424
143,84	-0,6242424
143,86	-0,6242424
143,91	-0,6242424
143,93	-0,6242424
143,97	-0,6242424
143,98	-0,6242424
144,01	-0,6242424
144,05	-0,6242424
144,06	-0,6242424
144,08	-0,6242424
144,12	-0,6242424
144,14	-0,6242424
144,17	-0,6242424
144,18	-0,6242424
144,19	-0,6242424
144,22	-0,6242424
144,26	-0,6242424
144,28	-0,6242424
144,33	-0,6242424
144,35	-0,6242424
144,41	-0,6242424
144,46	-0,6242424
144,49	-0,6242424
144,54	-0,6242424
144,58	-0,6242424
144,62	-0,6242424
144,64	-0,6242424
144,77	-0,6242424
144,81	-0,6242424
144,84	-0,6242424
144,89	-0,6242424
144,92	-0,6242424
144,96	-0,6242424
144,98	-0,6242424
145,02	-0,6242424
145,05	-0,6242424
145,09	-0,6242424
145,1	-0,6242424
145,14	-0,6242424
145,16	-0,6242424
145,21	-0,6242424
145,22	-0,6242424
145,26	-0,6242424
145,29	-0,6242424
145,38	-0,6242424
145,41	-0,6242424
145,43	-0,6242424
145,45	-0,6242424
145,5	-0,6242424
145,53	-0,6242424
145,6	-0,6242424
145,64	-0,6242424
145,67	-0,6242424
145,72	-0,6242424
145,74	-0,6242424
145,79	-0,6242424
145,81	-0,6242424
145,86	-0,6242424
145,88	-0,6242424
145,93	-0,6242424
145,95	-0,6242424
146	-0,6242424
146,03	-0,6242424
146,16	-0,6242424
146,18	-0,6242424
146,21	-0,6242424
146,22	-0,6242424
146,26	-0,6242424
146,29	-0,6242424
146,33	-0,6242424
146,35	-0,6242424
146,4	-0,6242424
146,43	-0,6242424
146,48	-0,6242424
146,5	-0,6242424
146,56	-0,6242424
146,6	-0,6242424
146,62	-0,6242424
146,65	-0,6242424
146,67	-0,6242424
146,7	-0,6242424
146,76	-0,6242424
146,8	-0,6242424
146,82	-0,6242424
146,87	-0,6242424
146,9	-0,6242424
146,95	-0,6242424
146,98	-0,6242424
147,03	-0,6242424
147,06	-0,6242424
147,1	-0,6242424
147,13	-0,6242424
147,18	-0,6242424
147,21	-0,6242424
147,26	-0,6242424
147,28	-0,6242424
147,32	-0,6242424
147,34	-0,6242424
147,37	-0,6242424
147,38	-0,6242424
147,4	-0,6242424
147,44	-0,6242424
147,46	-0,6242424
147,49	-0,6242424
147,52	-0,6242424
147,6	-0,6242424
147,64	-0,6242424
147,66	-0,6242424
147,71	-0,6242424
147,74	-0,6242424
147,79	-0,6242424
147,81	-0,6242424
147,86	-0,6242424
147,88	-0,6242424
147,93	-0,6242424
147,94	-0,6242424
147,99	-0,6242424
148,01	-0,6242424
148,06	-0,6242424
148,08	-0,6242424
148,13	-0,6242424
148,16	-0,6242424
148,21	-0,6242424
148,24	-0,6242424
148,28	-0,6242424
148,3	-0,6242424
148,35	-0,6242424
148,37	-0,6242424
148,41	-0,6242424
148,44	-0,6242424
148,49	-0,6242424
148,51	-0,6242424
148,55	-0,6242424
148,6	-0,6242424
148,63	-0,6242424
148,65	-0,6242424
148,67	-0,6242424
148,72	-0,6242424
148,74	-0,6242424
148,8	-0,6242424
148,84	-0,6242424
148,86	-0,6242424
148,91	-0,6242424
148,93	-0,6242424
148,95	-0,6242424
148,97	-0,6242424
149	-0,6242424
149,03	-0,6242424
149,06	-0,6242424
149,1	-0,6242424
149,12	-0,6242424
149,17	-0,6242424
149,2	-0,6242424
149,24	-0,6242424
149,27	-0,6242424
149,32	-0,6242424
149,34	-0,6242424
149,36	-0,6242424
149,39	-0,6242424
149,42	-0,6242424
149,46	-0,6242424
149,49	-0,6242424
149,54	-0,6242424
149,56	-0,6242424
149,59	-0,6242424
149,61	-0,6242424
149,64	-0,6242424
149,69	-0,6242424
149,71	-0,6242424
149,76	-0,6242424
149,78	-0,6242424
149,8	-0,6242424
149,81	-0,6242424
149,82	-0,6242424
149,84	-0,6242424
149,86	-0,6242424
149,9	-0,6242424
149,94	-0,6242424
149,97	-0,6242424
150,02	-0,6242424
150,05	-0,6242424
150,09	-0,6242424
150,13	-0,6242424
150,26	-0,6242424
150,31	-0,6242424
150,34	-0,6242424
150,36	-0,6242424
150,39	-0,6242424
150,41	-0,6242424
150,46	-0,6242424
150,49	-0,6242424
150,53	-0,6242424
150,56	-0,6242424
150,6	-0,6242424
150,64	-0,6242424
150,66	-0,6242424
150,69	-0,6242424
150,72	-0,6242424
150,77	-0,6242424
150,79	-0,6242424
150,83	-0,6242424
150,84	-0,6242424
150,86	-0,6242424
150,91	-0,6242424
150,93	-0,6242424
150,98	-0,6242424
151,02	-0,6242424
151,06	-0,6242424
151,09	-0,6242424
151,11	-0,6242424
151,14	-0,6242424
151,16	-0,6242424
151,21	-0,6242424
151,24	-0,6242424
151,28	-0,6242424
151,31	-0,6242424
151,36	-0,6242424
151,38	-0,6242424
151,44	-0,6242424
151,49	-0,6242424
151,51	-0,6242424
151,57	-0,6242424
151,62	-0,6242424
151,66	-0,6242424
151,72	-0,6242424
151,77	-0,6242424
151,8	-0,6242424
151,85	-0,6242424
151,89	-0,6242424
151,92	-0,6242424
151,97	-0,6242424
151,99	-0,6242424
152,05	-0,6242424
152,09	-0,6242424
152,12	-0,6242424
152,17	-0,6242424
152,2	-0,6242424
152,26	-0,6242424
152,3	-0,6242424
152,33	-0,6242424
152,38	-0,6242424
152,41	-0,6242424
152,45	-0,6242424
152,48	-0,6242424
152,52	-0,6242424
152,56	-0,6242424
152,61	-0,6242424
152,67	-0,6242424
152,72	-0,6242424
152,75	-0,6242424
152,8	-0,6242424
152,82	-0,6242424
152,87	-0,6242424
152,9	-0,6242424
152,94	-0,6242424
152,97	-0,6242424
153,03	-0,6242424
153,09	-0,6242424
153,14	-0,6242424
153,17	-0,6242424
153,21	-0,6242424
153,24	-0,6242424
153,29	-0,6242424
153,32	-0,6242424
153,36	-0,6242424
153,39	-0,6242424
153,44	-0,6242424
153,46	-0,6242424
153,51	-0,6242424
153,54	-0,6242424
153,6	-0,6242424
153,65	-0,6242424
153,67	-0,6242424
153,72	-0,6242424
153,75	-0,6242424
153,81	-0,6242424
153,86	-0,6242424
153,89	-0,6242424
153,94	-0,6242424
153,97	-0,6242424
154,02	-0,6242424
154,05	-0,6242424
154,1	-0,6242424
154,13	-0,6242424
154,18	-0,6242424
154,21	-0,6242424
154,26	-0,6242424
154,28	-0,6242424
154,33	-0,6242424
154,35	-0,6242424
154,4	-0,6242424
154,43	-0,6242424
154,49	-0,6242424
154,54	-0,6242424
154,58	-0,6242424
154,64	-0,6242424
154,69	-0,6242424
154,73	-0,6242424
154,77	-0,6242424
154,8	-0,6242424
154,85	-0,6242424
154,88	-0,6242424
154,92	-0,6242424
154,94	-0,6242424
155,03	-0,6242424
155,09	-0,6242424
155,14	-0,6242424
155,17	-0,6242424
155,22	-0,6242424
155,25	-0,6242424
155,29	-0,6242424
155,33	-0,6242424
155,38	-0,6242424
155,4	-0,6242424
155,45	-0,6242424
155,48	-0,6242424
155,54	-0,6242424
155,6	-0,6242424
155,65	-0,6242424
155,68	-0,6242424
155,73	-0,6242424
155,76	-0,6242424
155,8	-0,6242424
155,83	-0,6242424
155,89	-0,6242424
155,95	-0,6242424
156	-0,6242424
156,03	-0,6242424
156,09	-0,6242424
156,15	-0,6242424
156,28	-0,6242424
156,34	-0,6242424
156,39	-0,6242424
156,41	-0,6242424
156,46	-0,6242424
156,49	-0,6242424
156,54	-0,6242424
156,58	-0,6242424
156,64	-0,6242424
156,69	-0,6242424
156,72	-0,6242424
156,77	-0,6242424
156,8	-0,6242424
156,85	-0,6242424
156,88	-0,6242424
156,92	-0,6242424
156,95	-0,6242424
157,01	-0,6242424
157,06	-0,6242424
157,11	-0,6242424
157,16	-0,6242424
157,19	-0,6242424
157,24	-0,6242424
157,27	-0,6242424
157,32	-0,6242424
157,35	-0,6242424
157,4	-0,6242424
157,43	-0,6242424
157,48	-0,6242424
157,51	-0,6242424
157,57	-0,6242424
157,62	-0,6242424
157,65	-0,6242424
157,7	-0,6242424
157,73	-0,6242424
157,78	-0,6242424
157,8	-0,6242424
157,85	-0,6242424
157,89	-0,6242424
157,93	-0,6242424
157,96	-0,6242424
158,01	-0,6242424
158,04	-0,6242424
158,1	-0,6242424
158,14	-0,6242424
158,18	-0,6242424
158,23	-0,6242424
158,25	-0,6242424
158,31	-0,6242424
158,35	-0,6242424
158,38	-0,6242424
158,43	-0,6242424
158,46	-0,6242424
158,52	-0,6242424
158,57	-0,6242424
158,6	-0,6242424
158,65	-0,6242424
158,68	-0,6242424
158,73	-0,6242424
158,76	-0,6242424
158,81	-0,6242424
158,84	-0,6242424
158,89	-0,6242424
158,92	-0,6242424
158,97	-0,6242424
158,99	-0,6242424
159,04	-0,6242424
159,07	-0,6242424
159,14	-0,6242424
159,19	-0,6242424
159,22	-0,6242424
159,27	-0,6242424
159,3	-0,6242424
159,35	-0,6242424
159,38	-0,6242424
159,4	-0,6242424
159,42	-0,6242424
159,44	-0,6242424
159,49	-0,6242424
159,52	-0,6242424
159,58	-0,6242424
159,64	-0,6242424
159,68	-0,6242424
159,71	-0,6242424
159,77	-0,6242424
159,81	-0,6242424
159,84	-0,6242424
159,88	-0,6242424
159,9	-0,6242424
159,93	-0,6242424
159,95	-0,6242424
159,97	-0,6242424
160	-0,6242424
160,02	-0,6242424
160,04	-0,6242424
160,1	-0,6242424
160,15	-0,6242424
160,16	-0,6242424
160,22	-0,6242424
160,25	-0,6242424
160,27	-0,6242424
160,29	-0,6242424
160,33	-0,6242424
160,35	-0,6242424
160,4	-0,6242424
160,43	-0,6242424
160,48	-0,6242424
160,51	-0,6242424
160,55	-0,6242424
160,58	-0,6242424
160,64	-0,6242424
160,67	-0,6242424
160,72	-0,6242424
160,77	-0,6242424
160,8	-0,6242424
160,85	-0,6242424
160,88	-0,6242424
160,93	-0,6242424
160,95	-0,6242424
161	-0,6242424
161,01	-0,6242424
161,05	-0,6242424
161,08	-0,6242424
161,14	-0,6242424
161,15	-0,6242424
161,16	-0,6242424
161,18	-0,6242424
161,2	-0,6242424
161,25	-0,6242424
161,28	-0,6242424
161,32	-0,6242424
161,34	-0,6242424
161,39	-0,6242424
161,42	-0,6242424
161,47	-0,6242424
161,48	-0,6242424
161,52	-0,6242424
161,54	-0,6242424
161,58	-0,6242424
161,69	-0,6242424
161,7	-0,6242424
161,73	-0,6242424
161,76	-0,6242424
161,78	-0,6242424
161,8	-0,6242424
161,81	-0,6242424
161,84	-0,6242424
161,89	-0,6242424
161,9	-0,6242424
161,95	-0,6242424
161,98	-0,6242424
162,02	-0,6242424
162,06	-0,6242424
162,1	-0,6242424
162,13	-0,6242424
162,18	-0,6242424
162,21	-0,6242424
162,26	-0,6242424
162,29	-0,6242424
162,31	-0,6242424
162,32	-0,6242424
162,33	-0,6242424
162,34	-0,6242424
162,35	-0,6242424
162,37	-0,6242424
162,38	-0,6242424
162,39	-0,6242424
162,4	-0,6242424
162,41	-0,6242424
162,42	-0,6242424
162,43	-0,6242424
162,44	-0,6242424
162,45	-0,6242424
162,46	-0,6242424
162,5	-0,6242424
162,54	-0,6242424
162,59	-0,6242424
162,62	-0,6242424
162,67	-0,6242424
162,69	-0,6242424
162,74	-0,6242424
162,77	-0,6242424
162,82	-0,6242424
162,84	-0,6242424
162,9	-0,6242424
162,94	-0,6242424
162,97	-0,6242424
163,02	-0,6242424
163,04	-0,6242424
163,09	-0,6242424
163,12	-0,6242424
163,18	-0,6242424
163,24	-0,6242424
163,29	-0,6242424
163,32	-0,6242424
163,36	-0,6242424
163,39	-0,6242424
163,44	-0,6242424
163,47	-0,6242424
163,52	-0,6242424
163,55	-0,6242424
163,58	-0,6242424
163,6	-0,6242424
163,63	-0,6242424
163,68	-0,6242424
163,71	-0,6242424
163,74	-0,6242424
163,77	-0,6242424
163,82	-0,6242424
163,85	-0,6242424
163,9	-0,6242424
163,93	-0,6242424
163,98	-0,6242424
164,01	-0,6242424
164,05	-0,6242424
164,08	-0,6242424
164,12	-0,6242424
164,16	-0,6242424
164,21	-0,6242424
164,22	-0,6242424
164,25	-0,6242424
164,28	-0,6242424
164,32	-0,6242424
164,34	-0,6242424
164,39	-0,6242424
164,42	-0,6242424
164,47	-0,6242424
164,5	-0,6242424
164,54	-0,6242424
164,55	-0,6242424
164,58	-0,6242424
164,63	-0,6242424
164,66	-0,6242424
164,71	-0,6242424
164,73	-0,6242424
164,78	-0,6242424
164,79	-0,6242424
164,84	-0,6242424
164,87	-0,6242424
164,91	-0,6242424
164,94	-0,6242424
164,98	-0,6242424
165,02	-0,6242424
165,07	-0,6242424
165,1	-0,6242424
165,14	-0,6242424
165,17	-0,6242424
165,23	-0,6242424
165,27	-0,6242424
165,29	-0,6242424
165,32	-0,6242424
165,34	-0,6242424
165,37	-0,6242424
165,42	-0,6242424
165,44	-0,6242424
165,49	-0,6242424
165,51	-0,6242424
165,57	-0,6242424
165,6	-0,6242424
165,63	-0,6242424
165,68	-0,6242424
165,71	-0,6242424
165,76	-0,6242424
165,78	-0,6242424
165,83	-0,6242424
165,85	-0,6242424
165,89	-0,6242424
165,92	-0,6242424
165,97	-0,6242424
166	-0,6242424
166,04	-0,6242424
166,06	-0,6242424
166,12	-0,6242424
166,14	-0,6242424
166,15	-0,6242424
166,17	-0,6242424
166,19	-0,6242424
166,23	-0,6242424
166,26	-0,6242424
166,3	-0,6242424
166,31	-0,6242424
166,34	-0,6242424
166,39	-0,6242424
166,42	-0,6242424
166,47	-0,6242424
166,5	-0,6242424
166,57	-0,6242424
166,58	-0,6242424
166,61	-0,6242424
166,62	-0,6242424
166,65	-0,6242424
166,7	-0,6242424
166,72	-0,6242424
166,74	-0,6242424
166,75	-0,6242424
166,77	-0,6242424
166,78	-0,6242424
166,83	-0,6242424
166,85	-0,6242424
166,91	-0,6242424
166,95	-0,6242424
166,98	-0,6242424
167,03	-0,6242424
167,05	-0,6242424
167,19	-0,6242424
167,25	-0,6242424
167,31	-0,6242424
167,35	-0,6242424
167,38	-0,6242424
167,44	-0,6242424
167,48	-0,6242424
167,5	-0,6242424
167,56	-0,6242424
167,61	-0,6242424
167,63	-0,6242424
167,68	-0,6242424
167,7	-0,6242424
167,72	-0,6242424
167,73	-0,6242424
167,75	-0,6242424
167,77	-0,6242424
167,81	-0,6242424
167,83	-0,6242424
167,84	-0,6242424
167,89	-0,6242424
167,91	-0,6242424
167,96	-0,6242424
167,99	-0,6242424
168,03	-0,6242424
168,05	-0,6242424
168,1	-0,6242424
168,13	-0,6242424
168,17	-0,6242424
168,2	-0,6242424
168,24	-0,6242424
168,27	-0,6242424
168,3	-0,6242424
168,33	-0,6242424
168,38	-0,6242424
168,4	-0,6242424
168,45	-0,6242424
168,48	-0,6242424
168,52	-0,6242424
168,57	-0,6242424
168,6	-0,6242424
168,63	-0,6242424
168,68	-0,6242424
168,71	-0,6242424
168,76	-0,6242424
168,79	-0,6242424
168,85	-0,6242424
168,88	-0,6242424
168,89	-0,6242424
168,9	-0,6242424
168,91	-0,6242424
168,93	-0,6242424
168,95	-0,6242424
168,98	-0,6242424
169,02	-0,6242424
169,05	-0,6242424
169,1	-0,6242424
169,13	-0,6242424
169,18	-0,6242424
169,19	-0,6242424
169,24	-0,6242424
169,27	-0,6242424
169,33	-0,6242424
169,38	-0,6242424
169,41	-0,6242424
169,46	-0,6242424
169,48	-0,6242424
169,51	-0,6242424
169,54	-0,6242424
169,59	-0,6242424
169,62	-0,6242424
169,67	-0,6242424
169,68	-0,6242424
169,7	-0,6242424
169,72	-0,6242424
169,74	-0,6242424
169,76	-0,6242424
169,81	-0,6242424
169,84	-0,6242424
169,88	-0,6242424
169,91	-0,6242424
169,96	-0,6242424
169,97	-0,6242424
170,01	-0,6242424
170,03	-0,6242424
170,07	-0,6242424
170,1	-0,6242424
170,14	-0,6242424
170,17	-0,6242424
170,18	-0,6242424
170,19	-0,6242424
170,2	-0,6242424
170,21	-0,6242424
170,22	-0,6242424
170,23	-0,6242424
170,24	-0,6242424
170,25	-0,6242424
170,28	-0,6242424
170,33	-0,6242424
170,36	-0,6242424
170,38	-0,6242424
170,39	-0,6242424
170,4	-0,6242424
170,41	-0,6242424
170,43	-0,6242424
170,47	-0,6242424
170,49	-0,6242424
170,5	-0,6242424
170,52	-0,6242424
170,53	-0,6242424
170,54	-0,6242424
170,55	-0,6242424
170,56	-0,6242424
170,57	-0,6242424
170,59	-0,6242424
170,61	-0,6242424
170,63	-0,6242424
170,68	-0,6242424
170,69	-0,6242424
170,7	-0,6242424
170,71	-0,6242424
170,72	-0,6242424
170,73	-0,6242424
170,74	-0,6242424
170,77	-0,6242424
170,82	-0,6242424
170,84	-0,6242424
170,86	-0,6242424
170,87	-0,6242424
170,88	-0,6242424
170,89	-0,6242424
170,9	-0,6242424
170,93	-0,6242424
170,95	-0,6242424
170,98	-0,6242424
171	-0,6242424
171,02	-0,6242424
171,03	-0,6242424
171,04	-0,6242424
171,05	-0,6242424
171,06	-0,6242424
171,12	-0,6242424
171,15	-0,6242424
171,17	-0,6242424
171,19	-0,6242424
171,2	-0,6242424
171,21	-0,6242424
171,22	-0,6242424
171,23	-0,6242424
171,26	-0,6242424
171,29	-0,6242424
171,31	-0,6242424
171,33	-0,6242424
171,35	-0,6242424
171,36	-0,6242424
171,37	-0,6242424
171,38	-0,6242424
171,39	-0,6242424
171,4	-0,6242424
171,45	-0,6242424
171,48	-0,6242424
171,52	-0,6242424
171,53	-0,6242424
171,54	-0,6242424
171,55	-0,6242424
171,56	-0,6242424
171,59	-0,6242424
171,61	-0,6242424
171,66	-0,6242424
171,67	-0,6242424
171,68	-0,6242424
171,69	-0,6242424
171,7	-0,6242424
171,71	-0,6242424
171,72	-0,6242424
171,73	-0,6242424
171,74	-0,6242424
171,75	-0,6242424
171,76	-0,6242424
171,77	-0,6242424
171,79	-0,6242424
171,84	-0,6242424
171,86	-0,6242424
171,89	-0,6242424
171,9	-0,6242424
171,93	-0,6242424
171,98	-0,6242424
172,01	-0,6242424
172,03	-0,6242424
172,04	-0,6242424
172,05	-0,6242424
172,06	-0,6242424
172,09	-0,6242424
172,18	-0,6242424
172,19	-0,6242424
172,2	-0,6242424
172,21	-0,6242424
172,22	-0,6242424
172,24	-0,6242424
172,29	-0,6242424
172,31	-0,6242424
172,32	-0,6242424
172,34	-0,6242424
172,35	-0,6242424
172,36	-0,6242424
172,37	-0,6242424
172,38	-0,6242424
172,39	-0,6242424
172,42	-0,6242424
172,44	-0,6242424
172,49	-0,6242424
172,51	-0,6242424
172,53	-0,6242424
172,54	-0,6242424
172,55	-0,6242424
172,57	-0,6242424
172,61	-0,6242424
172,64	-0,6242424
172,67	-0,6242424
172,68	-0,6242424
172,69	-0,6242424
172,7	-0,6242424
172,72	-0,6242424
172,73	-0,6242424
172,74	-0,6242424
172,75	-0,6242424
172,78	-0,6242424
172,83	-0,6242424
172,85	-0,6242424
172,86	-0,6242424
172,87	-0,6242424
172,88	-0,6242424
172,89	-0,6242424
172,92	-0,6242424
172,96	-0,6242424
172,97	-0,6242424
172,98	-0,6242424
172,99	-0,6242424
173	-0,6242424
