18/06/2014 09:43:49
id8
C:\Users\Annotations\Desktop\Annotations\Test_Data\G2\Islands.mp4
C:\Users\Annotations\Desktop\Annotations\Trace2011\Ratings\valence.jpg
Valence
-1,1
255,0,0	0,255,0	125,125,125
0
0,03	0
0,09	0
0,12	0
0,14	0
0,16	0
0,2	0
0,22	0
0,27	0
0,29	0
0,31	0
0,33	0
0,34	0
0,35	0
0,4	0
0,42	0
0,47	0
0,49	0
0,52	0
0,55	0
0,6	0
0,62	0
0,66	0
0,69	0
0,74	0
0,76	0
0,79	0
0,8	0
0,81	0
0,83	0
0,88	0
0,9	0
0,95	0
0,96	0
1	0
1,03	0
1,08	0
1,1	0
1,12	0
1,14	0
1,16	0
1,2	0
1,22	0
1,24	0
1,28	0
1,3	0
1,34	0
1,36	0
1,4	0
1,42	0
1,47	0
1,49	0
1,54	0
1,57	0
1,61	0
1,64	0
1,67	0
1,69	0
1,71	0
1,77	0
1,8	0
1,81	0
1,83	0
1,87	0
1,89	0
1,93	0
1,95	0
2	0
2,02	0
2,05	0
2,07	0
2,1	0
2,15	0
2,18	0
2,19	0
2,21	0
2,22	0
2,23	0
2,24	0
2,27	0
2,3	0
2,35	0
2,37	0
2,41	0
2,42	0
2,45	0
2,46	0
2,5	0
2,52	0
2,56	0
2,58	0
2,6	0
2,61	0
2,63	0
2,65	0
2,7	0
2,72	0
2,76	0
2,78	0
2,83	0
2,85	0
2,9	0
2,92	0
2,97	0
2,99	0
3,03	0
3,05	0
3,1	0
3,12	0
3,17	0
3,2	0
3,26	0
3,29	0
3,31	0
3,33	0
3,38	0
3,41	0
3,46	0
3,48	0
3,53	0
3,56	0
3,6	0
3,62	0
3,67	0
3,69	0
3,73	0
3,74	0
3,75	0
3,76	0
3,78	0
3,81	0
3,83	0
3,85	0
3,87	0
3,92	0
3,94	0
3,98	0
4	0
4,06	0
4,12	0
4,17	0
4,2	0
4,25	0
4,3	0
4,32	0
4,34	0
4,37	0
4,39	0
4,43	0
4,45	0
4,49	0
4,51	0
4,57	0
4,61	0
4,63	0
4,68	0
4,71	0
4,75	0
4,78	0
4,82	0
4,84	0
4,88	0
4,9	0
4,92	0
4,94	0
4,97	0
5,01	0
5,04	0
5,09	0
5,11	0
5,15	0
5,18	0
5,21	0
5,22	0
5,24	0
5,28	0
5,3	0
5,36	0
5,43	0
5,48	0
5,5	0
5,54	0
5,56	0
5,59	0
5,61	0
5,62	0
5,65	0
5,67	0
5,68	0
5,71	0
5,74	0
5,79	0,0060606
5,82	0,0090909
5,85	0,0151515
5,87	0,0151515
5,89	0,0181818
5,94	0,0242424
5,96	0,0272727
5,98	0,030303
6	0,030303
6,02	0,0333333
6,06	0,0363636
6,08	0,0363636
6,13	0,0363636
6,15	0,0393939
6,21	0,0454545
6,26	0,0484848
6,27	0,0484848
6,29	0,0515151
6,3	0,0515151
6,32	0,0515151
6,33	0,0515151
6,34	0,0575757
6,36	0,0575757
6,37	0,0575757
6,4	0,0575757
6,44	0,0575757
6,47	0,0575757
6,52	0,0575757
6,56	0,0575757
6,58	0,0575757
6,61	0,0575757
6,68	0,0575757
6,7	0,060606
6,71	0,06363642
6,73	0,06363642
6,76	0,06666672
6,8	0,07272732
6,82	0,07878792
6,84	0,08787882
6,86	0,08787882
6,88	0,08787882
6,93	0,09696972
6,95	0,1151515
7	0,1424242
7,02	0,1515151
7,07	0,1818181
7,08	0,1909091
7,12	0,2
7,13	0,2090909
7,15	0,2272727
7,19	0,2272727
7,21	0,2272727
7,26	0,2272727
7,28	0,2272727
7,33	0,2272727
7,35	0,2272727
7,41	0,2272727
7,46	0,2272727
7,48	0,2272727
7,49	0,2272727
7,5	0,2272727
7,53	0,2272727
7,55	0,2272727
7,6	0,2272727
7,62	0,2272727
7,66	0,2272727
7,69	0,2272727
7,73	0,2272727
7,76	0,2272727
7,8	0,2272727
7,81	0,2272727
7,82	0,2272727
7,85	0,2272727
7,86	0,2272727
7,87	0,2272727
7,88	0,2272727
7,89	0,2272727
7,92	0,2272727
7,96	0,2272727
8,01	0,2272727
8,04	0,2272727
8,08	0,2272727
8,11	0,2272727
8,16	0,2272727
8,19	0,2272727
8,21	0,2272727
8,22	0,2272727
8,23	0,2272727
8,27	0,2272727
8,31	0,2272727
8,33	0,2272727
8,39	0,2272727
8,43	0,2272727
8,45	0,2272727
8,49	0,2272727
8,52	0,2272727
8,55	0,2272727
8,57	0,2272727
8,59	0,2272727
8,63	0,2272727
8,66	0,2272727
8,7	0,2272727
8,72	0,2272727
8,76	0,2272727
8,79	0,2272727
8,83	0,2272727
8,85	0,2272727
8,89	0,2272727
8,92	0,2272727
8,96	0,2272727
8,98	0,2272727
9,03	0,2272727
9,05	0,2272727
9,1	0,2272727
9,12	0,2272727
9,16	0,2272727
9,18	0,2272727
9,23	0,2272727
9,24	0,2272727
9,27	0,2272727
9,29	0,2272727
9,31	0,2272727
9,36	0,2272727
9,38	0,2272727
9,44	0,2272727
9,48	0,2272727
9,5	0,2272727
9,55	0,2272727
9,58	0,2272727
9,62	0,2272727
9,64	0,2272727
9,69	0,2272727
9,71	0,2272727
9,74	0,2272727
9,76	0,2272727
9,8	0,2272727
9,82	0,2272727
9,86	0,2272727
9,89	0,2272727
9,93	0,2272727
9,94	0,2272727
9,96	0,2272727
10,02	0,2272727
10,07	0,2272727
10,08	0,2272727
10,14	0,2272727
10,19	0,2272727
10,21	0,2272727
10,26	0,2272727
10,27	0,2272727
10,3	0,2272727
10,31	0,2272727
10,32	0,2272727
10,34	0,2272727
10,38	0,2272727
10,4	0,2272727
10,44	0,2272727
10,47	0,2272727
10,52	0,2272727
10,55	0,2272727
10,6	0,2272727
10,62	0,2272727
10,67	0,2272727
10,69	0,2272727
10,72	0,2272727
10,75	0,2272727
10,79	0,2272727
10,82	0,2272727
10,89	0,2272727
10,94	0,2272727
10,98	0,2272727
11	0,2272727
11,05	0,2272727
11,07	0,2272727
11,11	0,2272727
11,15	0,2272727
11,19	0,2272727
11,22	0,2272727
11,25	0,2272727
11,27	0,2272727
11,28	0,2272727
11,32	0,2272727
11,34	0,2272727
11,39	0,2272727
11,41	0,2272727
11,46	0,2272727
11,49	0,2272727
11,55	0,2272727
11,6	0,2272727
11,62	0,2272727
11,66	0,2272727
11,69	0,2272727
11,74	0,2272727
11,76	0,2272727
11,86	0,2272727
11,91	0,2272727
11,93	0,2272727
11,97	0,2272727
11,99	0,2272727
12,04	0,2272727
12,05	0,2272727
12,1	0,2272727
12,12	0,2272727
12,16	0,2272727
12,18	0,2272727
12,22	0,2272727
12,24	0,2272727
12,26	0,2272727
12,29	0,2272727
12,32	0,2272727
12,37	0,2272727
12,4	0,2272727
12,46	0,2272727
12,5	0,2272727
12,53	0,2272727
12,57	0,2272727
12,59	0,2272727
12,64	0,2272727
12,66	0,2272727
12,71	0,2272727
12,74	0,2272727
12,77	0,2272727
12,78	0,2272727
12,81	0,2272727
12,86	0,2272727
12,88	0,2272727
12,92	0,2272727
12,94	0,2272727
12,99	0,2272727
13,02	0,2272727
13,06	0,2272727
13,09	0,2272727
13,14	0,2272727
13,17	0,2272727
13,22	0,2272727
13,25	0,2272727
13,27	0,2272727
13,31	0,2272727
13,36	0,2272727
13,38	0,2272727
13,43	0,2272727
13,45	0,2272727
13,49	0,2272727
13,51	0,2272727
13,56	0,2272727
13,59	0,2272727
13,64	0,2272727
13,67	0,2272727
13,71	0,2272727
13,74	0,2272727
13,79	0,2272727
13,81	0,2272727
13,86	0,2272727
13,88	0,2272727
13,94	0,2272727
13,98	0,2272727
14	0,2272727
14,05	0,2272727
14,06	0,2272727
14,11	0,2272727
14,14	0,2272727
14,19	0,2272727
14,23	0,2272727
14,25	0,2272727
14,27	0,2272727
14,31	0,2272727
14,35	0,2272727
14,37	0,2272727
14,42	0,2272727
14,44	0,2272727
14,49	0,2272727
14,51	0,2272727
14,59	0,2272727
14,64	0,2272727
14,67	0,2272727
14,73	0,2272727
14,78	0,2272727
14,8	0,2272727
14,85	0,2272727
14,88	0,2272727
14,93	0,2272727
14,96	0,2272727
15,01	0,2272727
15,04	0,2272727
15,09	0,2272727
15,11	0,2272727
15,15	0,2272727
15,18	0,2272727
15,23	0,2272727
15,25	0,2272727
15,29	0,2272727
15,32	0,2272727
15,33	0,2272727
15,35	0,2272727
15,37	0,2272727
15,39	0,2272727
15,41	0,2272727
15,44	0,2272727
15,46	0,2272727
15,51	0,2272727
15,56	0,2272727
15,61	0,2272727
15,63	0,2272727
15,68	0,2272727
15,72	0,2272727
15,78	0,2272727
15,8	0,2272727
15,86	0,2272727
15,88	0,2272727
15,94	0,2272727
15,99	0,2272727
16,01	0,2272727
16,06	0,2272727
16,09	0,2272727
16,15	0,2272727
16,19	0,2272727
16,22	0,2272727
16,27	0,2272727
16,29	0,2272727
16,34	0,2272727
16,36	0,2272727
16,41	0,2272727
16,44	0,2272727
16,48	0,2272727
16,51	0,2272727
16,58	0,2272727
16,64	0,2272727
16,67	0,2272727
16,7	0,2272727
16,76	0,2272727
16,81	0,2272727
16,83	0,2272727
16,85	0,2272727
16,88	0,2272727
16,92	0,2272727
16,98	0,2272727
17,03	0,2272727
17,05	0,2272727
17,09	0,2272727
17,12	0,2272727
17,17	0,2272727
17,2	0,2272727
17,23	0,2272727
17,26	0,2272727
17,32	0,2272727
17,39	0,2272727
17,43	0,2272727
17,44	0,2272727
17,46	0,2272727
17,5	0,2272727
17,53	0,2272727
17,57	0,2272727
17,6	0,2272727
17,62	0,2272727
17,65	0,2272727
17,67	0,2272727
17,72	0,2272727
17,76	0,2272727
17,8	0,2272727
17,82	0,2272727
17,86	0,2272727
17,88	0,2272727
17,9	0,2272727
17,91	0,2272727
17,93	0,2272727
17,96	0,2272727
18,01	0,2272727
18,02	0,2272727
18,03	0,2272727
18,05	0,2272727
18,07	0,2272727
18,1	0,2272727
18,15	0,2272727
18,17	0,2272727
18,22	0,2272727
18,26	0,2272727
18,29	0,2272727
18,33	0,2272727
18,34	0,2272727
18,36	0,2272727
18,38	0,2272727
18,39	0,2272727
18,41	0,2272727
18,43	0,2272727
18,46	0,2272727
18,47	0,2272727
18,48	0,2272727
18,51	0,2272727
18,52	0,2272727
18,53	0,2272727
18,54	0,2272727
18,55	0,2272727
18,57	0,2272727
18,58	0,2272727
18,59	0,2272727
18,6	0,2272727
18,61	0,2272727
18,64	0,2272727
18,67	0,2272727
18,71	0,2272727
18,73	0,2272727
18,74	0,2272727
18,75	0,2272727
18,77	0,2272727
18,8	0,2272727
18,85	0,2272727
18,88	0,2272727
18,92	0,2272727
18,94	0,2272727
18,96	0,2272727
18,99	0,2272727
19,04	0,2272727
19,05	0,2272727
19,06	0,2272727
19,08	0,2272727
19,1	0,2272727
19,12	0,2272727
19,16	0,2272727
19,18	0,2272727
19,23	0,2272727
19,25	0,2272727
19,3	0,2272727
19,32	0,2272727
19,36	0,2272727
19,39	0,2272727
19,43	0,2272727
19,45	0,2272727
19,5	0,2272727
19,52	0,2272727
19,57	0,2272727
19,62	0,2272727
19,65	0,2272727
19,69	0,2272727
19,71	0,2272727
19,76	0,2272727
19,78	0,2272727
19,84	0,2272727
19,85	0,2272727
19,87	0,2272727
19,88	0,2272727
19,92	0,2272727
19,96	0,2272727
19,99	0,2272727
20,03	0,2272727
20,06	0,2272727
20,11	0,2272727
20,13	0,2272727
20,18	0,2272727
20,19	0,2272727
20,24	0,2272727
20,27	0,2272727
20,32	0,2272727
20,35	0,2272727
20,39	0,2272727
20,42	0,2272727
20,46	0,2272727
20,47	0,2272727
20,51	0,2272727
20,53	0,2272727
20,54	0,2272727
20,56	0,2272727
20,57	0,2272727
20,63	0,2272727
20,66	0,2272727
20,71	0,2272727
20,73	0,2272727
20,77	0,2272727
20,8	0,2272727
20,84	0,2272727
20,86	0,2272727
20,91	0,2272727
20,93	0,2272727
20,97	0,2272727
21	0,2272727
21,04	0,2272727
21,07	0,2272727
21,13	0,2272727
21,17	0,2272727
21,19	0,2272727
21,24	0,2272727
21,27	0,2272727
21,31	0,2272727
21,33	0,2272727
21,39	0,2272727
21,43	0,2272727
21,45	0,2272727
21,5	0,2272727
21,52	0,2272727
21,58	0,2272727
21,63	0,2272727
21,67	0,2272727
21,68	0,2272727
21,69	0,2272727
21,71	0,2272727
21,72	0,2272727
21,73	0,2272727
21,74	0,2272727
21,78	0,2272727
21,81	0,2272727
21,83	0,2272727
21,84	0,2272727
21,86	0,2272727
21,89	0,2272727
21,9	0,2272727
21,94	0,2272727
21,97	0,2272727
22	0,2272727
22,01	0,2272727
22,03	0,2272727
22,05	0,2272727
22,09	0,2272727
22,1	0,2272727
22,12	0,2272727
22,14	0,2272727
22,17	0,2272727
22,23	0,2272727
22,26	0,2272727
22,28	0,2272727
22,3	0,2272727
22,35	0,2272727
22,37	0,2272727
22,43	0,2272727
22,48	0,2272727
22,53	0,2272727
22,6	0,2272727
22,64	0,2272727
22,65	0,2272727
22,67	0,2272727
22,71	0,2272727
22,73	0,2272727
22,76	0,2272727
22,77	0,2272727
22,79	0,2272727
22,84	0,2272727
22,85	0,2272727
22,86	0,2272727
22,87	0,2272727
22,88	0,2272727
22,9	0,2272727
22,94	0,2272727
22,96	0,2272727
22,99	0,2272727
23,04	0,2272727
23,06	0,2272727
23,08	0,2272727
23,1	0,2272727
23,12	0,2272727
23,16	0,2272727
23,17	0,2272727
23,19	0,2272727
23,23	0,2272727
23,27	0,2272727
23,32	0,2272727
23,34	0,2272727
23,35	0,2272727
23,37	0,2272727
23,39	0,2272727
23,41	0,2272727
23,45	0,2272727
23,47	0,2272727
23,52	0,2272727
23,55	0,2272727
23,6	0,2272727
23,62	0,2272727
23,67	0,2272727
23,69	0,2272727
23,73	0,2272727
23,76	0,2272727
23,81	0,2272727
23,83	0,2272727
23,86	0,2272727
23,87	0,2272727
23,89	0,2272727
23,91	0,2272727
23,94	0,2272727
23,96	0,2272727
24	0,2272727
24,03	0,2272727
24,07	0,2272727
24,08	0,2272727
24,09	0,2272727
24,16	0,2272727
24,2	0,2272727
24,22	0,2272727
24,26	0,2272727
24,29	0,2272727
24,33	0,2272727
24,36	0,2272727
24,4	0,2272727
24,42	0,2272727
24,47	0,2272727
24,49	0,2272727
24,53	0,2272727
24,55	0,2272727
24,6	0,2272727
24,63	0,230303
24,67	0,2333333
24,69	0,2363636
24,73	0,2424242
24,75	0,2424242
24,79	0,2424242
24,82	0,2454545
24,86	0,2484848
24,89	0,2515152
24,91	0,2545455
24,94	0,2575758
24,96	0,2606061
24,99	0,2636364
25,01	0,2666667
25,05	0,269697
25,1	0,2757576
25,13	0,2757576
25,18	0,2818182
25,21	0,2848485
25,25	0,2878788
25,27	0,2909091
25,3	0,2939394
25,32	0,2939394
25,34	0,2939394
25,39	0,2939394
25,41	0,2939394
25,45	0,2939394
25,48	0,2939394
25,52	0,3
25,55	0,3030303
25,6	0,3090909
25,62	0,3090909
25,65	0,3121212
25,67	0,3151516
25,71	0,3212122
25,72	0,3212122
25,75	0,3242425
25,77	0,3272728
25,79	0,3303031
25,81	0,3303031
25,85	0,3363637
25,88	0,339394
25,89	0,3424243
25,91	0,3424243
25,94	0,3454546
25,96	0,3484849
26,01	0,3545455
26,03	0,3545455
26,08	0,3636364
26,09	0,3636364
26,14	0,369697
26,16	0,3727273
26,21	0,3757576
26,24	0,3818182
26,29	0,3848485
26,31	0,3878788
26,36	0,3878788
26,38	0,3878788
26,42	0,3878788
26,45	0,3878788
26,49	0,3878788
26,51	0,3878788
26,57	0,3878788
26,59	0,3878788
26,63	0,3878788
26,65	0,3878788
26,7	0,3878788
26,71	0,3878788
26,75	0,3878788
26,76	0,3878788
26,78	0,3878788
26,83	0,3878788
26,85	0,3878788
26,89	0,3878788
26,91	0,3878788
26,96	0,3878788
26,98	0,3878788
27,02	0,3878788
27,04	0,3878788
27,09	0,3878788
27,11	0,3878788
27,15	0,3878788
27,18	0,3878788
27,22	0,3878788
27,24	0,3878788
27,29	0,3878788
27,3	0,3878788
27,32	0,3878788
27,35	0,3878788
27,37	0,3878788
27,41	0,3878788
27,43	0,3878788
27,47	0,3878788
27,49	0,3878788
27,52	0,3878788
27,57	0,3878788
27,62	0,3878788
27,64	0,3878788
27,68	0,3878788
27,7	0,3878788
27,74	0,3878788
27,75	0,3878788
27,76	0,3878788
27,8	0,3878788
27,81	0,3878788
27,83	0,3878788
27,85	0,3878788
27,86	0,3878788
27,88	0,3878788
27,9	0,3878788
27,94	0,3878788
27,97	0,3878788
28	0,3878788
28,02	0,3878788
28,04	0,3878788
28,08	0,3878788
28,1	0,3878788
28,15	0,3878788
28,16	0,3878788
28,2	0,3878788
28,22	0,3878788
28,25	0,3878788
28,26	0,3878788
28,28	0,3878788
28,29	0,3878788
28,31	0,3878788
28,32	0,3878788
28,33	0,3878788
28,38	0,3878788
28,4	0,3878788
28,41	0,3878788
28,42	0,3878788
28,44	0,3878788
28,47	0,3878788
28,49	0,3878788
28,5	0,3878788
28,51	0,3878788
28,55	0,3878788
28,6	0,3878788
28,61	0,3878788
28,62	0,3878788
28,63	0,3878788
28,65	0,3878788
28,67	0,3878788
28,7	0,3878788
28,71	0,3878788
28,73	0,3878788
28,77	0,3878788
28,78	0,3878788
28,79	0,3878788
28,83	0,3878788
28,84	0,3878788
28,87	0,3878788
28,89	0,3878788
28,92	0,3878788
28,93	0,3878788
28,96	0,3878788
28,97	0,3878788
28,99	0,3878788
29,05	0,3878788
29,1	0,3878788
29,12	0,3878788
29,17	0,3878788
29,2	0,3878788
29,25	0,3878788
29,27	0,3878788
29,33	0,3878788
29,37	0,3878788
29,4	0,3878788
29,45	0,3878788
29,47	0,3878788
29,51	0,3878788
29,53	0,3878788
29,56	0,3878788
29,58	0,3878788
29,6	0,3878788
29,64	0,3878788
29,67	0,3878788
29,7	0,3878788
29,73	0,3878788
29,77	0,3878788
29,79	0,3878788
29,84	0,3878788
29,86	0,3878788
29,91	0,3878788
29,93	0,3878788
29,98	0,3878788
30	0,3878788
30,05	0,3878788
30,07	0,3878788
30,11	0,3878788
30,13	0,3878788
30,18	0,3878788
30,2	0,3878788
30,24	0,3878788
30,26	0,3878788
30,31	0,3878788
30,35	0,3878788
30,4	0,3878788
30,42	0,3878788
30,43	0,3878788
30,45	0,3878788
30,46	0,3878788
30,47	0,3878788
30,48	0,3878788
30,49	0,3878788
30,52	0,3878788
30,56	0,3878788
30,61	0,3878788
30,62	0,3878788
30,64	0,3878788
30,66	0,3878788
30,69	0,3878788
30,75	0,3878788
30,83	0,3878788
30,87	0,3878788
30,89	0,3878788
30,94	0,3878788
30,96	0,3878788
31,01	0,3878788
31,03	0,3878788
31,07	0,3878788
31,08	0,3878788
31,1	0,3878788
31,13	0,3878788
31,15	0,3878788
31,17	0,3878788
31,22	0,3878788
31,24	0,3878788
31,29	0,3878788
31,31	0,3878788
31,36	0,3878788
31,38	0,3878788
31,43	0,3878788
31,45	0,3878788
31,49	0,3878788
31,5	0,3878788
31,52	0,3878788
31,55	0,3878788
31,57	0,3878788
31,59	0,3878788
31,63	0,3878788
31,65	0,3878788
31,67	0,3878788
31,7	0,3878788
31,71	0,3878788
31,72	0,3878788
31,74	0,3878788
31,75	0,3878788
31,77	0,3878788
31,79	0,3878788
31,82	0,3878788
31,86	0,3878788
31,88	0,3878788
31,9	0,3878788
31,94	0,3878788
31,97	0,3878788
32	0,3878788
32,01	0,3878788
32,04	0,3878788
32,06	0,3878788
32,07	0,3878788
32,08	0,3878788
32,11	0,3878788
32,14	0,3878788
32,17	0,3878788
32,19	0,3878788
32,21	0,3878788
32,27	0,3878788
32,29	0,3878788
32,32	0,3878788
32,35	0,3878788
32,39	0,3878788
32,41	0,3878788
32,46	0,3878788
32,47	0,3878788
32,58	0,3878788
32,63	0,3878788
32,66	0,3878788
32,7	0,3878788
32,73	0,3878788
32,77	0,3878788
32,79	0,3878788
32,82	0,3878788
32,84	0,3878788
32,85	0,3878788
32,88	0,3878788
32,91	0,3878788
32,95	0,3878788
32,98	0,3878788
33,02	0,3878788
33,04	0,3878788
33,07	0,3878788
33,09	0,3878788
33,1	0,3878788
33,16	0,3878788
33,19	0,3878788
33,21	0,3878788
33,24	0,3878788
33,27	0,3878788
33,29	0,3878788
33,32	0,3878788
33,34	0,3878788
33,37	0,3878788
33,39	0,3878788
33,44	0,3878788
33,46	0,3878788
33,5	0,3878788
33,55	0,3878788
33,58	0,3878788
33,59	0,3878788
33,6	0,3878788
33,62	0,3878788
33,67	0,3878788
33,69	0,3878788
33,73	0,3878788
33,76	0,3878788
33,8	0,3878788
33,82	0,3878788
33,87	0,3878788
33,89	0,3878788
33,94	0,3878788
33,96	0,3878788
33,97	0,3878788
33,98	0,3878788
33,99	0,3878788
34	0,3878788
34,01	0,3878788
34,07	0,3878788
34,11	0,3878788
34,13	0,3878788
34,17	0,3878788
34,21	0,3878788
34,25	0,3878788
34,27	0,3878788
34,32	0,3878788
34,34	0,3878788
34,36	0,3878788
34,39	0,3878788
34,42	0,3878788
34,44	0,3878788
34,46	0,3878788
34,51	0,3878788
34,53	0,3878788
34,58	0,3878788
34,59	0,3878788
34,61	0,3878788
34,66	0,3878788
34,67	0,3878788
34,7	0,3878788
34,73	0,3878788
34,77	0,3878788
34,79	0,3878788
34,83	0,3878788
34,85	0,3878788
34,9	0,3878788
34,93	0,3878788
34,97	0,3878788
34,99	0,3878788
35,04	0,3878788
35,05	0,3878788
35,08	0,3878788
35,1	0,3878788
35,13	0,3878788
35,21	0,3878788
35,26	0,3878788
35,28	0,3878788
35,33	0,3878788
35,35	0,3878788
35,39	0,3878788
35,41	0,3878788
35,46	0,3878788
35,48	0,3878788
35,53	0,3878788
35,56	0,3878788
35,61	0,3878788
35,65	0,3878788
35,67	0,3878788
35,71	0,3878788
35,73	0,3878788
35,78	0,3878788
35,81	0,3878788
35,85	0,3878788
35,86	0,3878788
35,89	0,3878788
35,94	0,3878788
35,97	0,3878788
36,02	0,3878788
36,05	0,3878788
36,11	0,3878788
36,15	0,3878788
36,17	0,3878788
36,21	0,3878788
36,24	0,3878788
36,28	0,3878788
36,3	0,3878788
36,32	0,3878788
36,36	0,3878788
36,38	0,3878788
36,42	0,3878788
36,44	0,3878788
36,48	0,3878788
36,5	0,3878788
36,55	0,3878788
36,58	0,3878788
36,64	0,3878788
36,68	0,3878788
36,7	0,3878788
36,74	0,3878788
36,75	0,3878788
36,76	0,3878788
36,77	0,3878788
36,81	0,3878788
36,83	0,3878788
36,86	0,3878788
36,87	0,3878788
36,89	0,3878788
36,9	0,3878788
36,91	0,3878788
36,95	0,3878788
37,01	0,3878788
37,06	0,3878788
37,09	0,3878788
37,12	0,3878788
37,15	0,3878788
37,2	0,3878788
37,23	0,3878788
37,25	0,3878788
37,26	0,3878788
37,27	0,3878788
37,28	0,3878788
37,3	0,3878788
37,34	0,3878788
37,35	0,3878788
37,41	0,3878788
37,44	0,3878788
37,5	0,3878788
37,57	0,3878788
37,62	0,3878788
37,64	0,3878788
37,78	0,3878788
37,81	0,3878788
37,83	0,3878788
37,86	0,3878788
37,92	0,3878788
37,98	0,3878788
38,02	0,3878788
38,03	0,3878788
38,05	0,3878788
38,09	0,3878788
38,1	0,3878788
38,12	0,3878788
38,15	0,3878788
38,16	0,3878788
38,17	0,3878788
38,18	0,3878788
38,24	0,3878788
38,29	0,3878788
38,31	0,3878788
38,36	0,3878788
38,39	0,3878788
38,43	0,3878788
38,46	0,3878788
38,51	0,3878788
38,54	0,3878788
38,59	0,3878788
38,61	0,3878788
38,66	0,3878788
38,68	0,3878788
38,75	0,3878788
38,79	0,3878788
38,82	0,3878788
38,86	0,3878788
38,89	0,3878788
38,93	0,3878788
38,96	0,3878788
39,01	0,3878788
39,04	0,3878788
39,08	0,3878788
39,11	0,3878788
39,15	0,3878788
39,17	0,3878788
39,21	0,3878788
39,22	0,3878788
39,23	0,3878788
39,24	0,3878788
39,25	0,3878788
39,26	0,3878788
39,27	0,3878788
39,28	0,3878788
39,29	0,3878788
39,33	0,3878788
39,35	0,3878788
39,39	0,3878788
39,41	0,3878788
39,46	0,3878788
39,48	0,3878788
39,53	0,3878788
39,55	0,3878788
39,58	0,3878788
39,6	0,3878788
39,62	0,3878788
39,63	0,3878788
39,64	0,3878788
39,65	0,3878788
39,66	0,3878788
39,68	0,3878788
39,69	0,3878788
39,7	0,3878788
39,71	0,3878788
39,73	0,3878788
39,75	0,3878788
39,8	0,3878788
39,81	0,3878788
39,86	0,3878788
39,87	0,3878788
39,88	0,3878788
39,91	0,3878788
39,94	0,3878788
39,96	0,3878788
39,98	0,3878788
40	0,3878788
40,01	0,3878788
40,02	0,3878788
40,04	0,3878788
40,07	0,3878788
40,09	0,3878788
40,12	0,3878788
40,13	0,3878788
40,18	0,3878788
40,19	0,3878788
40,22	0,3878788
40,23	0,3878788
40,24	0,3878788
40,25	0,3878788
40,28	0,3878788
40,29	0,3878788
40,3	0,3878788
40,33	0,3878788
40,36	0,3878788
40,37	0,3878788
40,38	0,3878788
40,39	0,3878788
40,41	0,3878788
40,43	0,3878788
40,46	0,3878788
40,49	0,3878788
40,51	0,3878788
40,57	0,3878788
40,62	0,3878788
40,64	0,3878788
40,68	0,3878788
40,7	0,3878788
40,76	0,3878788
40,8	0,3878788
40,82	0,3878788
40,87	0,3878788
40,89	0,3878788
40,93	0,3878788
40,95	0,3878788
40,99	0,3878788
41,02	0,3878788
41,05	0,3878788
41,06	0,3878788
41,07	0,3878788
41,08	0,3878788
41,13	0,3878788
41,15	0,3878788
41,2	0,3878788
41,23	0,3878788
41,27	0,3878788
41,29	0,3878788
41,34	0,3878788
41,36	0,3878788
41,4	0,3878788
41,43	0,3878788
41,47	0,3878788
41,5	0,3878788
41,54	0,3878788
41,58	0,3878788
41,62	0,3878788
41,63	0,3878788
41,68	0,3878788
41,69	0,3878788
41,7	0,3878788
41,71	0,3878788
41,72	0,3878788
41,74	0,3878788
41,76	0,3878788
41,81	0,3878788
41,83	0,3878788
41,87	0,3878788
41,9	0,3878788
41,95	0,3878788
41,97	0,3878788
42,01	0,3878788
42,03	0,3878788
42,08	0,3878788
42,1	0,3878788
42,15	0,3878788
42,17	0,3878788
42,21	0,3878788
42,23	0,3878788
42,27	0,3878788
42,29	0,3878788
42,35	0,3878788
42,39	0,3878788
42,41	0,3878788
42,46	0,3878788
42,48	0,3878788
42,53	0,3878788
42,56	0,3878788
42,61	0,3878788
42,63	0,3878788
42,67	0,3878788
42,69	0,3878788
42,82	0,3878788
42,86	0,3878788
42,89	0,3878788
42,93	0,3878788
42,96	0,3878788
43,02	0,3878788
43,07	0,3878788
43,09	0,3878788
43,14	0,3878788
43,16	0,3878788
43,21	0,3878788
43,22	0,3878788
43,26	0,3878788
43,27	0,3878788
43,29	0,3878788
43,3	0,3878788
43,32	0,3878788
43,34	0,3878788
43,35	0,3878788
43,39	0,3878788
43,4	0,3878788
43,41	0,3878788
43,45	0,3878788
43,48	0,3878788
43,5	0,3878788
43,51	0,3878788
43,55	0,3878788
43,56	0,3878788
43,58	0,3878788
43,59	0,3878788
43,6	0,3878788
43,61	0,3878788
43,63	0,3878788
43,65	0,3878788
43,67	0,3878788
43,72	0,3878788
43,74	0,3878788
43,79	0,3878788
43,81	0,3878788
43,86	0,3878788
43,88	0,3878788
43,91	0,3878788
43,94	0,3878788
43,99	0,3878788
44,01	0,3878788
44,06	0,3878788
44,08	0,3878788
44,12	0,3878788
44,13	0,3878788
44,14	0,3878788
44,17	0,3878788
44,18	0,3878788
44,19	0,3878788
44,22	0,3878788
44,23	0,3878788
44,24	0,3878788
44,27	0,3878788
44,3	0,3878788
44,31	0,3878788
44,32	0,3878788
44,33	0,3878788
44,34	0,3878788
44,37	0,3878788
44,4	0,3878788
44,42	0,3878788
44,45	0,3878788
44,5	0,3878788
44,51	0,3878788
44,52	0,3878788
44,55	0,3878788
44,57	0,3878788
44,6	0,3878788
44,62	0,3878788
44,63	0,3878788
44,68	0,3878788
44,7	0,3878788
44,75	0,3878788
44,77	0,3878788
44,82	0,3878788
44,84	0,3878788
44,89	0,3878788
44,91	0,3878788
44,95	0,3878788
44,98	0,3878788
45,02	0,3878788
45,03	0,3878788
45,04	0,3878788
45,09	0,3878788
45,11	0,3878788
45,14	0,3878788
45,16	0,3878788
45,18	0,3878788
45,22	0,3878788
45,25	0,3878788
45,3	0,3878788
45,32	0,3878788
45,36	0,3878788
45,38	0,3878788
45,42	0,3878788
45,45	0,3878788
45,48	0,3878788
45,51	0,3878788
45,56	0,3878788
45,58	0,3878788
45,62	0,3878788
45,65	0,3878788
45,7	0,3878788
45,72	0,3878788
45,76	0,3878788
45,78	0,3878788
45,83	0,3878788
45,84	0,3878788
45,89	0,3878788
45,91	0,3878788
45,96	0,3878788
45,98	0,3878788
46,02	0,3878788
46,04	0,3878788
46,06	0,3878788
46,1	0,3878788
46,15	0,3878788
46,17	0,3878788
46,21	0,3878788
46,23	0,3878788
46,25	0,3878788
46,27	0,3878788
46,29	0,3878788
46,34	0,3878788
46,37	0,3878788
46,41	0,3878788
46,43	0,3878788
46,48	0,3878788
46,5	0,3878788
46,54	0,3878788
46,58	0,3878788
46,62	0,3878788
46,65	0,3878788
46,69	0,3878788
46,72	0,3878788
46,76	0,3878788
46,78	0,3878788
46,8	0,3878788
46,81	0,3878788
46,84	0,3878788
46,89	0,3878788
46,91	0,3878788
46,96	0,3878788
46,98	0,3878788
47	0,3878788
47,01	0,3878788
47,04	0,3878788
47,09	0,3878788
47,1	0,3878788
47,14	0,3878788
47,16	0,3878788
47,2	0,3878788
47,22	0,3878788
47,27	0,3878788
47,3	0,3878788
47,34	0,3878788
47,36	0,3878788
47,4	0,3878788
47,41	0,3878788
47,42	0,3878788
47,43	0,3878788
47,44	0,3878788
47,47	0,3878788
47,49	0,3878788
47,53	0,3878788
47,55	0,3878788
47,6	0,3878788
47,62	0,3878788
47,66	0,3878788
47,68	0,3878788
47,71	0,3878788
47,72	0,3878788
47,73	0,3878788
47,74	0,3878788
47,77	0,3878788
47,79	0,3878788
47,83	0,3878788
47,86	0,3878788
47,89	0,3878788
47,93	0,3878788
47,95	0,3878788
47,99	0,3878788
48,02	0,3878788
48,06	0,3878788
48,08	0,3878788
48,13	0,3878788
48,15	0,3878788
48,19	0,3878788
48,21	0,3878788
48,22	0,3878788
48,23	0,3878788
48,26	0,3878788
48,29	0,3878788
48,3	0,3878788
48,32	0,3878788
48,35	0,3878788
48,39	0,3878788
48,4	0,3878788
48,42	0,3878788
48,46	0,3878788
48,49	0,3878788
48,53	0,3878788
48,56	0,3878788
48,61	0,3878788
48,62	0,3878788
48,64	0,3878788
48,65	0,3878788
48,66	0,3878788
48,69	0,3878788
48,73	0,3878788
48,75	0,3878788
48,81	0,3878788
48,86	0,3878788
48,89	0,3878788
48,94	0,3878788
48,97	0,3878788
49,02	0,3878788
49,04	0,3878788
49,08	0,3878788
49,1	0,3878788
49,14	0,3878788
49,17	0,3878788
49,22	0,3878788
49,24	0,3878788
49,26	0,3878788
49,27	0,3878788
49,3	0,3878788
49,35	0,3878788
49,36	0,3878788
49,41	0,3878788
49,44	0,3878788
49,49	0,3878788
49,52	0,3878788
49,55	0,3878788
49,58	0,3878788
49,62	0,3878788
49,64	0,3878788
49,7	0,3878788
49,74	0,3878788
49,76	0,3878788
49,78	0,3878788
49,8	0,3878788
49,82	0,3878788
49,86	0,3878788
49,88	0,3878788
49,94	0,3878788
49,98	0,3878788
50,01	0,3878788
50,04	0,3878788
50,07	0,3878788
50,12	0,3878788
50,14	0,3878788
50,15	0,3878788
50,16	0,3878788
50,17	0,3878788
50,18	0,3878788
50,19	0,3878788
50,22	0,3878788
50,24	0,3878788
50,27	0,3878788
50,31	0,3878788
50,32	0,3878788
50,34	0,3878788
50,37	0,3878788
50,38	0,3878788
50,39	0,3878788
50,4	0,3878788
50,45	0,3878788
50,46	0,3878788
50,5	0,3878788
50,53	0,3878788
50,58	0,3878788
50,6	0,3878788
50,65	0,3878788
50,66	0,3878788
50,71	0,3878788
50,74	0,3878788
50,77	0,3878788
50,79	0,3878788
50,82	0,3878788
50,84	0,3878788
50,86	0,3878788
50,92	0,3878788
50,96	0,3878788
50,99	0,3878788
51,04	0,3878788
51,06	0,3878788
51,09	0,3878788
51,1	0,3878788
51,12	0,3878788
51,17	0,3878788
51,19	0,3878788
51,25	0,3878788
51,3	0,3878788
51,34	0,3878788
51,37	0,3878788
51,4	0,3878788
51,44	0,3878788
51,45	0,3878788
51,46	0,3878788
51,49	0,3878788
51,51	0,3878788
51,52	0,3878788
51,53	0,3878788
51,57	0,3878788
51,59	0,3878788
51,63	0,3878788
51,65	0,3878788
51,7	0,3878788
51,73	0,3878788
51,78	0,3878788
51,8	0,3878788
51,86	0,3878788
51,89	0,3878788
51,92	0,3878788
51,97	0,3878788
51,99	0,3878788
52,04	0,3878788
52,06	0,3878788
52,11	0,3878788
52,13	0,3878788
52,17	0,3878788
52,2	0,3878788
52,24	0,3878788
52,26	0,3878788
52,28	0,3878788
52,31	0,3878788
52,33	0,3878788
52,38	0,3878788
52,41	0,3878788
52,44	0,3878788
52,45	0,3878788
52,48	0,3878788
52,51	0,3878788
52,52	0,3878788
52,53	0,3878788
52,58	0,3878788
52,61	0,3878788
52,65	0,3878788
52,68	0,3878788
52,72	0,3878788
52,73	0,3878788
52,75	0,3878788
52,8	0,3878788
52,85	0,3878788
52,94	0,3878788
52,98	0,3878788
52,99	0,3878788
53,04	0,3878788
53,07	0,3878788
53,11	0,3878788
53,14	0,3878788
53,18	0,3878788
53,2	0,3878788
53,25	0,3878788
53,27	0,3878788
53,32	0,3878788
53,34	0,3878788
53,39	0,3878788
53,42	0,3878788
53,46	0,3878788
53,48	0,3878788
53,53	0,3878788
53,56	0,3878788
53,6	0,3878788
53,62	0,3878788
53,67	0,3878788
53,69	0,3878788
53,73	0,3878788
53,76	0,3878788
53,81	0,3878788
53,83	0,3878788
53,88	0,3878788
53,94	0,3878788
53,96	0,3878788
53,99	0,3878788
54	0,3878788
54,03	0,3878788
54,09	0,3878788
54,14	0,3878788
54,16	0,3878788
54,18	0,3878788
54,2	0,3878788
54,21	0,3878788
54,22	0,3878788
54,26	0,3878788
54,28	0,3878788
54,3	0,3878788
54,35	0,3878788
54,37	0,3878788
54,41	0,3878788
54,44	0,3878788
54,5	0,3878788
54,54	0,3878788
54,56	0,3878788
54,61	0,3878788
54,63	0,3878788
54,66	0,3878788
54,7	0,3878788
54,75	0,3878788
54,77	0,3878788
54,82	0,3878788
54,84	0,3878788
54,89	0,3878788
54,91	0,3878788
54,96	0,3878788
54,98	0,3878788
55,02	0,3878788
55,05	0,3878788
55,09	0,3878788
55,11	0,3878788
55,15	0,3878788
55,18	0,3878788
55,2	0,3878788
55,23	0,3878788
55,25	0,3878788
55,3	0,3878788
55,32	0,3878788
55,36	0,3878788
55,38	0,3878788
55,43	0,3878788
55,46	0,3878788
55,51	0,3878788
55,55	0,3878788
55,6	0,3878788
55,65	0,3878788
55,68	0,3878788
55,7	0,3878788
55,73	0,3878788
55,75	0,3878788
55,8	0,3878788
55,85	0,3878788
55,89	0,3878788
55,94	0,3878788
55,96	0,3878788
56,01	0,3878788
56,03	0,3878788
56,07	0,3878788
56,09	0,3878788
56,14	0,3878788
56,16	0,3878788
56,21	0,3878788
56,23	0,3878788
56,28	0,3878788
56,3	0,3878788
56,34	0,3878788
56,36	0,3878788
56,41	0,3878788
56,44	0,3878788
56,48	0,3878788
56,51	0,3878788
56,57	0,3878788
56,61	0,3878788
56,64	0,3878788
56,68	0,3878788
56,7	0,3878788
56,75	0,3878788
56,78	0,3878788
56,82	0,3878788
56,84	0,3878788
56,89	0,3878788
56,91	0,3878788
56,95	0,3878788
56,97	0,3878788
57,02	0,3878788
57,04	0,3878788
57,09	0,3878788
57,11	0,3878788
57,16	0,3878788
57,18	0,3878788
57,23	0,3878788
57,25	0,3878788
57,29	0,3878788
57,3	0,3878788
57,32	0,3878788
57,37	0,3878788
57,39	0,3878788
57,44	0,3878788
57,47	0,3878788
57,53	0,3878788
57,56	0,3878788
57,59	0,3878788
57,62	0,3878788
57,63	0,3878788
57,64	0,3878788
57,68	0,3878788
57,7	0,3878788
57,73	0,3878788
57,77	0,3878788
57,82	0,3878788
57,87	0,3878788
57,89	0,3878788
57,93	0,3878788
57,96	0,3878788
58	0,3878788
58,03	0,3878788
58,07	0,3878788
58,09	0,3878788
58,13	0,3878788
58,15	0,3878788
58,21	0,3878788
58,25	0,3878788
58,33	0,3878788
58,38	0,3878788
58,4	0,3878788
58,44	0,3878788
58,46	0,3878788
58,5	0,3878788
58,52	0,3878788
58,57	0,3878788
58,6	0,3878788
58,64	0,3878788
58,66	0,3878788
58,7	0,3878788
58,72	0,3878788
58,77	0,3878788
58,79	0,3878788
58,84	0,3878788
58,86	0,3878788
58,89	0,3878788
58,91	0,3878788
58,92	0,3878788
58,97	0,3878788
58,99	0,3878788
59,02	0,3878788
59,05	0,3878788
59,1	0,3878788
59,13	0,3878788
59,16	0,3878788
59,18	0,3878788
59,19	0,3878788
59,2	0,3878788
59,23	0,3878788
59,25	0,3878788
59,27	0,3878788
59,29	0,3878788
59,32	0,3878788
59,34	0,3878788
59,35	0,3878788
59,37	0,3878788
59,4	0,3878788
59,42	0,3878788
59,47	0,3878788
59,49	0,3878788
59,53	0,3878788
59,57	0,3878788
59,62	0,3878788
59,65	0,3878788
59,69	0,3878788
59,71	0,3878788
59,77	0,3878788
59,82	0,3878788
59,85	0,3878788
59,89	0,3878788
59,91	0,3878788
59,94	0,3878788
59,95	0,3878788
59,98	0,3878788
60,02	0,3878788
60,04	0,3878788
60,1	0,3878788
60,15	0,3878788
60,17	0,3878788
60,19	0,3878788
60,22	0,3878788
60,25	0,3878788
60,3	0,3878788
60,32	0,3878788
60,36	0,3878788
60,38	0,3878788
60,43	0,3878788
60,45	0,3878788
60,5	0,3878788
60,52	0,3878788
60,57	0,3878788
60,59	0,3878788
60,64	0,3878788
60,66	0,3878788
60,7	0,3878788
60,73	0,3878788
60,78	0,3939394
60,8	0,3939394
60,82	0,3969697
60,85	0,4
60,87	0,4030303
60,92	0,4090909
60,96	0,4121212
61,01	0,4181818
61,05	0,4242424
61,06	0,4242424
61,07	0,4242424
61,08	0,4272727
61,1	0,4272727
61,12	0,430303
61,16	0,4363636
61,18	0,439394
61,21	0,439394
61,22	0,4424243
61,24	0,4454546
61,28	0,4484849
61,3	0,4515152
61,31	0,4515152
61,32	0,4545455
61,35	0,4545455
61,37	0,4545455
61,41	0,4606061
61,44	0,4636364
61,46	0,4666667
61,47	0,4666667
61,49	0,469697
61,55	0,4757576
61,6	0,4818182
61,66	0,4878788
61,71	0,4939394
61,73	0,4939394
61,75	0,4969697
61,78	0,5
61,81	0,5030303
61,85	0,5030303
61,87	0,5030303
61,91	0,5030303
61,93	0,5030303
61,96	0,5060606
61,99	0,5090909
62,04	0,5151515
62,06	0,5151515
62,09	0,5242424
62,12	0,5333333
62,13	0,5333333
62,17	0,5454545
62,2	0,5515151
62,24	0,5545454
62,27	0,560606
62,31	0,5727273
62,33	0,5787879
62,38	0,5969697
62,4	0,6121212
62,45	0,630303
62,47	0,6393939
62,5	0,6515151
62,51	0,6575757
62,55	0,6696969
62,6	0,6969697
62,62	0,7030303
62,67	0,7242424
62,69	0,730303
62,74	0,7575758
62,76	0,7636364
62,8	0,7757576
62,84	0,7969697
62,88	0,8060606
62,89	0,8060606
62,92	0,8090909
62,96	0,8090909
62,98	0,8090909
63,02	0,8090909
63,04	0,8090909
63,09	0,8090909
63,11	0,8090909
63,15	0,8090909
63,17	0,8090909
63,2	0,8090909
63,22	0,8090909
63,25	0,8090909
63,29	0,8090909
63,31	0,8090909
63,34	0,8090909
63,35	0,8090909
63,36	0,8090909
63,38	0,8090909
63,43	0,8090909
63,46	0,8090909
63,55	0,8090909
63,57	0,8090909
63,58	0,8090909
63,59	0,8090909
63,61	0,8090909
63,62	0,8090909
63,65	0,8090909
63,68	0,8090909
63,73	0,8090909
63,76	0,8090909
63,8	0,8090909
63,81	0,8090909
63,84	0,8090909
63,88	0,8090909
63,9	0,8090909
63,94	0,8090909
63,97	0,8090909
64,01	0,8090909
64,03	0,8090909
64,07	0,8090909
64,09	0,8090909
64,14	0,8090909
64,15	0,8090909
64,2	0,8090909
64,22	0,8090909
64,26	0,8090909
64,28	0,8090909
64,33	0,8090909
64,35	0,8090909
64,39	0,8090909
64,42	0,8090909
64,46	0,8090909
64,48	0,8090909
64,53	0,8090909
64,57	0,8090909
64,61	0,8090909
64,64	0,8090909
64,69	0,8090909
64,71	0,8090909
64,76	0,8090909
64,78	0,8090909
64,82	0,8090909
64,85	0,8090909
64,89	0,8090909
64,92	0,8090909
64,96	0,8090909
64,97	0,8090909
65,01	0,8090909
65,03	0,8090909
65,04	0,8090909
65,09	0,8090909
65,1	0,8090909
65,11	0,8090909
65,12	0,8090909
65,14	0,8090909
65,15	0,8090909
65,16	0,8090909
65,18	0,8090909
65,2	0,8090909
65,22	0,8090909
65,27	0,8090909
65,28	0,8090909
65,3	0,8090909
65,31	0,8090909
65,34	0,8090909
65,36	0,8090909
65,41	0,8090909
65,44	0,8090909
65,47	0,8090909
65,48	0,8090909
65,49	0,8090909
65,5	0,8090909
65,51	0,8090909
65,52	0,8090909
65,55	0,8090909
65,6	0,8090909
65,61	0,8090909
65,63	0,8090909
65,66	0,8090909
65,69	0,8090909
65,72	0,8090909
65,74	0,8090909
65,75	0,8090909
65,76	0,8090909
65,78	0,8090909
65,82	0,8090909
65,87	0,8090909
65,88	0,8090909
65,94	0,8090909
65,98	0,8090909
66	0,8090909
66,04	0,8090909
66,06	0,8090909
66,1	0,8090909
66,11	0,8090909
66,12	0,8090909
66,15	0,8090909
66,16	0,8090909
66,17	0,8090909
66,18	0,8090909
66,21	0,8090909
66,23	0,8090909
66,26	0,8090909
66,27	0,8090909
66,28	0,8090909
66,3	0,8090909
66,34	0,8090909
66,39	0,8090909
66,41	0,8090909
66,45	0,8090909
66,47	0,8090909
66,52	0,8090909
66,54	0,8090909
66,57	0,8090909
66,59	0,8090909
66,61	0,8090909
66,66	0,8090909
66,68	0,8090909
66,72	0,8090909
66,75	0,8090909
66,8	0,8090909
66,81	0,8090909
66,82	0,8090909
66,85	0,8090909
66,87	0,8090909
66,91	0,8090909
66,93	0,8090909
66,98	0,8090909
67	0,8090909
67,01	0,8090909
67,02	0,8090909
67,04	0,8090909
67,05	0,8090909
67,06	0,8090909
67,07	0,8090909
67,09	0,8090909
67,11	0,8090909
67,14	0,8090909
67,18	0,8090909
67,2	0,8090909
67,24	0,8090909
67,27	0,8090909
67,3	0,8090909
67,32	0,8090909
67,35	0,8090909
67,41	0,8090909
67,46	0,8090909
67,49	0,8090909
67,53	0,8090909
67,57	0,8090909
67,61	0,8090909
67,64	0,8090909
67,65	0,8090909
67,66	0,8090909
67,67	0,8090909
67,68	0,8090909
67,7	0,8090909
67,74	0,8090909
67,77	0,8090909
67,81	0,8090909
67,84	0,8090909
67,88	0,8090909
67,9	0,8090909
67,95	0,8090909
67,97	0,8090909
68,01	0,8090909
68,04	0,8090909
68,08	0,8090909
68,1	0,8090909
68,16	0,8090909
68,2	0,8090909
68,23	0,8090909
68,28	0,8090909
68,3	0,8090909
68,34	0,8090909
68,35	0,8090909
68,36	0,8090909
68,41	0,8090909
68,45	0,8090909
68,51	0,8090909
68,56	0,8090909
68,58	0,8090909
68,62	0,8090909
68,64	0,8090909
68,69	0,8090909
68,71	0,8090909
68,75	0,8090909
68,77	0,8090909
68,82	0,8090909
68,84	0,8090909
68,89	0,8090909
68,91	0,8090909
68,95	0,8090909
68,97	0,8090909
69,01	0,8090909
69,03	0,8090909
69,08	0,8090909
69,09	0,8090909
69,13	0,8090909
69,16	0,8090909
69,19	0,8090909
69,2	0,8090909
69,23	0,8090909
69,27	0,8090909
69,29	0,8090909
69,35	0,8090909
69,4	0,8090909
69,42	0,8090909
69,46	0,8090909
69,49	0,8090909
69,53	0,8090909
69,56	0,8090909
69,6	0,8090909
69,62	0,8090909
69,66	0,8090909
69,68	0,8090909
69,72	0,8090909
69,75	0,8090909
69,81	0,8090909
69,83	0,8090909
69,87	0,8090909
69,89	0,8090909
69,93	0,8090909
69,96	0,8090909
70	0,8090909
70,03	0,8090909
70,06	0,8090909
70,08	0,8090909
70,12	0,8090909
70,15	0,8090909
70,17	0,8090909
70,18	0,8090909
70,21	0,8090909
70,22	0,8090909
70,25	0,8090909
70,3	0,8090909
70,33	0,8090909
70,35	0,8090909
70,36	0,8090909
70,37	0,8090909
70,38	0,8090909
70,41	0,8090909
70,45	0,8090909
70,46	0,8090909
70,47	0,8090909
70,51	0,8090909
70,52	0,8090909
70,54	0,8090909
70,58	0,8090909
70,6	0,8090909
70,65	0,8090909
70,66	0,8090909
70,69	0,8090909
70,72	0,8090909
70,76	0,8090909
70,77	0,8090909
70,79	0,8090909
70,84	0,8090909
70,87	0,8090909
70,91	0,8090909
70,93	0,8090909
70,96	0,8090909
70,97	0,8090909
70,98	0,8090909
71,01	0,8090909
71,05	0,8090909
71,08	0,8090909
71,13	0,8090909
71,15	0,8090909
71,19	0,8090909
71,21	0,8090909
71,26	0,8090909
71,28	0,8090909
71,33	0,8090909
71,35	0,8090909
71,4	0,8090909
71,42	0,8090909
71,46	0,8090909
71,48	0,8090909
71,54	0,8090909
71,59	0,8090909
71,6	0,8090909
71,67	0,8090909
71,72	0,8090909
71,74	0,8090909
71,8	0,8090909
71,85	0,8090909
71,87	0,8090909
71,91	0,8090909
71,93	0,8090909
71,97	0,8090909
71,99	0,8090909
72,04	0,8090909
72,06	0,8090909
72,1	0,8090909
72,13	0,8090909
72,17	0,8090909
72,19	0,8090909
72,22	0,8090909
72,23	0,8090909
72,24	0,8090909
72,25	0,8090909
72,26	0,8090909
72,28	0,8090909
72,32	0,8090909
72,37	0,8090909
72,4	0,8090909
72,44	0,8090909
72,48	0,8090909
72,53	0,8090909
72,56	0,8090909
72,6	0,8090909
72,62	0,8090909
72,66	0,8090909
72,69	0,8090909
72,73	0,8090909
72,75	0,8090909
72,77	0,8090909
72,78	0,8090909
72,79	0,8090909
72,81	0,8090909
72,86	0,8090909
72,88	0,8090909
72,92	0,8090909
72,95	0,8090909
72,99	0,8090909
73,01	0,8090909
73,06	0,8090909
73,08	0,8090909
73,12	0,8090909
73,14	0,8090909
73,18	0,8090909
73,21	0,8090909
73,25	0,8090909
73,27	0,8090909
73,3	0,8090909
73,32	0,8090909
73,35	0,8090909
73,42	0,8090909
73,47	0,8090909
73,48	0,8090909
73,53	0,8090909
73,64	0,8090909
73,67	0,8090909
73,7	0,8090909
73,74	0,8090909
73,76	0,8090909
73,81	0,8090909
73,83	0,8090909
73,87	0,8090909
73,89	0,8090909
73,94	0,8090909
73,96	0,8090909
74,01	0,8090909
74,03	0,8090909
74,07	0,8090909
74,09	0,8090909
74,13	0,8090909
74,16	0,8090909
74,22	0,8090909
74,27	0,8090909
74,29	0,8090909
74,31	0,8090909
74,34	0,8090909
74,35	0,8090909
74,4	0,8090909
74,42	0,8090909
74,48	0,8090909
74,55	0,8090909
74,6	0,8090909
74,62	0,8090909
74,66	0,8090909
74,67	0,8090909
74,7	0,8090909
74,72	0,8090909
74,75	0,8090909
74,79	0,8090909
74,81	0,8090909
74,85	0,8090909
74,87	0,8090909
74,9	0,8090909
74,93	0,8090909
74,97	0,8090909
74,99	0,8090909
75,04	0,8090909
75,05	0,8090909
75,1	0,8090909
75,12	0,8090909
75,16	0,8090909
75,18	0,8090909
75,22	0,8090909
75,24	0,8090909
75,29	0,8090909
75,31	0,8090909
75,35	0,8090909
75,37	0,8090909
75,42	0,8090909
75,44	0,8090909
75,48	0,8090909
75,5	0,8090909
75,55	0,8090909
75,58	0,8090909
75,63	0,8090909
75,65	0,8090909
75,69	0,8090909
75,72	0,8090909
75,76	0,8090909
75,78	0,8090909
75,82	0,8090909
75,85	0,8090909
75,89	0,8090909
75,91	0,8090909
75,95	0,8090909
75,97	0,8090909
76,02	0,8090909
76,04	0,8090909
76,09	0,8090909
76,11	0,8090909
76,15	0,8090909
76,16	0,8090909
76,17	0,8090909
76,21	0,8090909
76,22	0,8090909
76,23	0,8090909
76,27	0,8090909
76,29	0,8090909
76,33	0,8090909
76,35	0,8090909
76,39	0,8090909
76,41	0,8090909
76,44	0,8090909
76,45	0,8090909
76,47	0,8090909
76,52	0,8090909
76,57	0,8090909
76,61	0,8090909
76,63	0,8090909
76,67	0,8090909
76,71	0,8090909
76,75	0,8090909
76,77	0,8090909
76,81	0,8090909
76,84	0,8090909
76,88	0,8090909
76,89	0,8090909
76,9	0,8090909
76,97	0,8090909
77,01	0,8090909
77,02	0,8090909
77,03	0,8090909
77,09	0,8090909
77,13	0,8090909
77,15	0,8090909
77,21	0,8090909
77,26	0,8090909
77,28	0,8090909
77,33	0,8090909
77,35	0,8090909
77,39	0,8090909
77,41	0,8090909
77,45	0,8090909
77,47	0,8090909
77,52	0,8090909
77,55	0,8090909
77,57	0,8090909
77,58	0,8090909
77,61	0,8090909
77,65	0,8090909
77,67	0,8090909
77,72	0,8090909
77,74	0,8090909
77,79	0,8090909
77,81	0,8090909
77,85	0,8090909
77,88	0,8090909
77,92	0,8090909
77,94	0,8090909
77,98	0,8090909
78,01	0,8090909
78,05	0,8090909
78,07	0,8090909
78,12	0,8090909
78,14	0,8090909
78,18	0,8090909
78,2	0,8090909
78,24	0,8090909
78,26	0,8090909
78,3	0,8090909
78,32	0,8090909
78,37	0,8090909
78,39	0,8090909
78,43	0,8090909
78,45	0,8090909
78,5	0,8090909
78,52	0,8090909
78,57	0,8090909
78,59	0,8090909
78,64	0,8090909
78,66	0,8090909
78,8	0,8090909
78,84	0,8090909
78,86	0,8090909
78,92	0,8090909
78,95	0,8090909
78,98	0,8090909
79,02	0,8090909
79,05	0,8090909
79,1	0,8090909
79,13	0,8090909
79,17	0,8090909
79,19	0,8090909
79,24	0,8090909
79,26	0,8090909
79,3	0,8090909
79,32	0,8090909
79,37	0,8090909
79,39	0,8090909
79,44	0,8090909
79,46	0,8090909
79,5	0,8090909
79,54	0,8090909
79,6	0,8090909
79,65	0,8090909
79,67	0,8090909
79,69	0,8090909
79,7	0,8090909
79,72	0,8090909
79,74	0,8090909
79,78	0,8090909
79,79	0,8090909
79,8	0,8090909
79,84	0,8090909
79,86	0,8090909
79,89	0,8090909
79,91	0,8090909
79,92	0,8090909
79,93	0,8090909
79,96	0,8090909
79,99	0,8090909
80,01	0,8090909
80,02	0,8090909
80,03	0,8090909
80,04	0,8090909
80,05	0,8090909
80,06	0,8090909
80,07	0,8090909
80,1	0,8090909
80,13	0,8090909
80,18	0,8090909
80,19	0,8090909
80,22	0,8090909
80,24	0,8090909
80,26	0,8090909
80,3	0,8090909
80,33	0,8090909
80,37	0,8090909
80,39	0,8090909
80,41	0,8090909
80,44	0,8090909
80,46	0,8090909
80,51	0,8090909
80,53	0,8090909
80,58	0,8090909
80,6	0,8090909
80,65	0,8090909
80,67	0,8090909
80,71	0,8090909
80,73	0,8090909
80,79	0,8090909
80,84	0,8090909
80,86	0,8090909
80,9	0,8090909
80,93	0,8090909
80,96	0,8090909
80,98	0,8090909
81	0,8090909
81,04	0,8090909
81,07	0,8090909
81,11	0,8090909
81,12	0,8090909
81,14	0,8090909
81,17	0,8090909
81,19	0,8090909
81,21	0,8090909
81,26	0,8090909
81,28	0,8090909
81,33	0,8090909
81,34	0,8090909
81,39	0,8090909
81,41	0,8090909
81,46	0,8090909
81,48	0,8090909
81,52	0,8090909
81,55	0,8090909
81,61	0,8090909
81,66	0,8090909
81,68	0,8090909
81,7	0,8090909
81,72	0,8090909
81,75	0,8090909
81,8	0,8090909
81,82	0,8090909
81,86	0,8090909
81,89	0,8090909
81,91	0,8090909
81,94	0,8090909
81,96	0,8090909
82,01	0,8090909
82,03	0,8090909
82,07	0,8090909
82,1	0,8090909
82,14	0,8090909
82,17	0,8090909
82,21	0,8090909
82,23	0,8090909
82,27	0,8090909
82,29	0,8090909
82,33	0,8090909
82,36	0,8090909
82,41	0,8090909
82,43	0,8090909
82,47	0,8090909
82,49	0,8090909
82,55	0,8090909
82,6	0,8090909
82,62	0,8090909
82,67	0,8090909
82,71	0,8090909
82,75	0,8090909
82,78	0,8090909
82,82	0,8090909
82,84	0,8090909
82,87	0,8090909
82,88	0,8090909
82,9	0,8090909
82,91	0,8090909
82,95	0,8090909
82,97	0,8090909
83,01	0,8090909
83,02	0,8090909
83,03	0,8090909
83,09	0,8090909
83,12	0,8090909
83,15	0,8090909
83,21	0,8090909
83,25	0,8090909
83,26	0,8090909
83,27	0,8090909
83,28	0,8090909
83,3	0,8090909
83,33	0,8090909
83,38	0,8090909
83,4	0,8090909
83,45	0,8090909
83,46	0,8090909
83,52	0,8090909
83,55	0,8090909
83,6	0,8090909
83,63	0,8090909
83,65	0,8090909
83,66	0,8090909
83,67	0,8090909
83,68	0,8090909
83,72	0,8090909
83,77	0,8090909
83,8	0,8090909
83,85	0,8090909
83,87	0,8090909
83,92	0,8090909
83,95	0,8090909
83,99	0,8090909
84,01	0,8090909
84,05	0,8090909
84,07	0,8090909
84,12	0,8090909
84,14	0,8090909
84,18	0,8090909
84,21	0,8090909
84,25	0,8090909
84,28	0,8090909
84,33	0,8090909
84,35	0,8090909
84,4	0,8090909
84,42	0,8090909
84,46	0,8090909
84,49	0,8090909
84,54	0,8090909
84,57	0,8090909
84,62	0,8090909
84,64	0,8090909
84,68	0,8090909
84,71	0,8090909
84,76	0,8090909
84,77	0,8090909
84,82	0,8090909
84,85	0,8090909
84,88	0,8090909
84,9	0,8090909
84,93	0,8090909
84,98	0,8090909
85	0,8090909
85,05	0,8090909
85,07	0,8090909
85,08	0,8090909
85,11	0,8090909
85,12	0,8090909
85,15	0,8090909
85,19	0,8090909
85,22	0,8090909
85,26	0,8090909
85,29	0,8090909
85,34	0,8090909
85,36	0,8090909
85,41	0,8090909
85,46	0,8090909
85,51	0,8090909
85,54	0,8090909
85,59	0,8090909
85,61	0,8090909
85,66	0,8090909
85,67	0,8090909
85,68	0,8090909
85,69	0,8090909
85,7	0,8090909
85,72	0,8090909
85,74	0,8090909
85,79	0,8090909
85,81	0,8090909
85,87	0,8090909
85,92	0,8090909
85,94	0,8090909
85,99	0,8090909
86,01	0,8090909
86,05	0,8090909
86,07	0,8090909
86,08	0,8090909
86,09	0,8090909
86,1	0,8090909
86,12	0,8090909
86,14	0,8090909
86,18	0,8090909
86,22	0,8090909
86,26	0,8090909
86,28	0,8090909
86,34	0,8090909
86,39	0,8090909
86,41	0,8090909
86,45	0,8090909
86,47	0,8090909
86,51	0,8090909
86,54	0,8090909
86,58	0,8090909
86,61	0,8090909
86,66	0,8090909
86,67	0,8090909
86,71	0,8090909
86,73	0,8090909
86,75	0,8090909
86,78	0,8090909
86,8	0,8090909
86,83	0,8090909
86,84	0,8090909
86,85	0,8090909
86,88	0,8090909
86,94	0,8090909
86,98	0,8090909
87	0,8090909
87,03	0,8090909
87,07	0,8090909
87,08	0,8090909
87,11	0,8090909
87,12	0,8090909
87,14	0,8090909
87,18	0,8090909
87,2	0,8090909
87,25	0,8090909
87,27	0,8090909
87,31	0,8090909
87,33	0,8090909
87,38	0,8090909
87,4	0,8090909
87,42	0,8090909
87,43	0,8090909
87,45	0,8090909
87,47	0,8090909
87,49	0,8090909
87,51	0,8090909
87,55	0,8090909
87,6	0,8090909
87,61	0,8090909
87,63	0,8090909
87,65	0,8090909
87,67	0,8090909
87,68	0,8090909
87,7	0,8090909
87,72	0,8090909
87,73	0,8090909
87,74	0,8090909
87,79	0,8090909
87,81	0,8090909
87,84	0,8090909
87,86	0,8090909
87,89	0,8090909
87,93	0,8090909
87,95	0,8090909
88	0,8090909
88,02	0,8090909
88,06	0,8090909
88,1	0,8090909
88,14	0,8090909
88,16	0,8090909
88,21	0,8090909
88,23	0,8090909
88,28	0,8090909
88,3	0,8090909
88,36	0,8090909
88,42	0,8090909
88,48	0,8090909
88,52	0,8090909
88,55	0,8090909
88,6	0,8090909
88,62	0,8090909
88,67	0,8090909
88,7	0,8090909
88,74	0,8090909
88,76	0,8090909
88,78	0,8090909
88,8	0,8090909
88,83	0,8090909
88,88	0,8090909
88,9	0,8090909
88,95	0,8090909
88,97	0,8090909
89,02	0,8090909
89,06	0,8090909
89,11	0,8090909
89,14	0,8090909
89,23	0,8090909
89,27	0,8090909
89,3	0,8090909
89,34	0,8090909
89,37	0,8090909
89,41	0,8090909
89,43	0,8090909
89,48	0,8090909
89,5	0,8090909
89,56	0,8090909
89,61	0,8090909
89,64	0,8090909
89,68	0,8090909
89,69	0,8090909
89,71	0,8090909
89,76	0,8090909
89,78	0,8090909
89,82	0,8090909
89,85	0,8090909
89,89	0,8090909
89,91	0,8090909
89,96	0,8090909
89,99	0,8090909
90,03	0,8090909
90,05	0,8090909
90,11	0,8090909
90,13	0,8090909
90,14	0,8090909
90,16	0,8090909
90,18	0,8090909
90,19	0,8090909
90,2	0,8090909
90,23	0,8090909
90,25	0,8090909
90,29	0,8090909
90,31	0,8090909
90,35	0,8090909
90,37	0,8090909
90,43	0,8090909
90,45	0,8090909
90,5	0,8090909
90,53	0,8090909
90,55	0,8090909
90,57	0,8090909
90,59	0,8090909
90,65	0,8090909
90,67	0,8090909
90,7	0,8090909
90,73	0,8090909
90,76	0,8090909
90,78	0,8090909
90,81	0,8090909
90,85	0,8090909
90,87	0,8090909
90,91	0,8090909
90,95	0,8090909
91	0,8090909
91,01	0,8090909
91,03	0,8090909
91,04	0,8090909
91,05	0,8090909
91,06	0,8090909
91,08	0,8090909
91,13	0,8090909
91,16	0,8090909
91,18	0,8090909
91,2	0,8090909
91,23	0,8090909
91,26	0,8090909
91,29	0,8090909
91,33	0,8090909
91,37	0,8090909
91,38	0,8090909
91,41	0,8090909
91,44	0,8090909
91,49	0,8090909
91,53	0,8090909
91,56	0,8090909
91,58	0,8090909
91,59	0,8090909
91,63	0,8090909
91,66	0,8090909
91,68	0,8090909
91,69	0,8090909
91,7	0,8090909
91,72	0,8090909
91,76	0,8090909
91,77	0,8090909
91,78	0,8090909
91,81	0,8090909
91,83	0,8090909
91,86	0,8090909
91,9	0,8090909
91,91	0,8090909
91,92	0,8090909
91,97	0,8090909
92	0,8090909
92,05	0,8090909
92,07	0,8090909
92,08	0,8090909
92,09	0,8090909
92,11	0,8090909
92,15	0,8090909
92,19	0,8090909
92,21	0,8090909
92,26	0,8090909
92,28	0,8090909
92,32	0,8090909
92,35	0,8090909
92,39	0,8090909
92,41	0,8090909
92,46	0,8090909
92,48	0,8090909
92,53	0,8090909
92,56	0,8090909
92,61	0,8090909
92,63	0,8090909
92,68	0,8090909
92,7	0,8090909
92,74	0,8090909
92,76	0,8090909
92,81	0,8090909
92,84	0,8090909
92,88	0,8090909
92,91	0,8090909
92,96	0,8090909
92,98	0,8090909
93,02	0,8090909
93,03	0,8090909
93,06	0,8090909
93,11	0,8090909
93,13	0,8090909
93,18	0,8090909
93,21	0,8090909
93,26	0,8090909
93,3	0,8090909
93,34	0,8090909
93,35	0,8090909
93,37	0,8090909
93,41	0,8090909
93,43	0,8090909
93,47	0,8090909
93,48	0,8090909
93,5	0,8090909
93,52	0,8090909
93,56	0,8090909
93,6	0,8090909
93,62	0,8090909
93,66	0,8090909
93,69	0,8090909
93,73	0,8090909
93,75	0,8090909
93,8	0,8090909
93,82	0,8090909
93,86	0,8090909
93,89	0,8090909
93,93	0,8090909
93,94	0,8090909
93,99	0,8090909
94,01	0,8090909
94,05	0,8090909
94,07	0,8090909
94,13	0,8090909
94,15	0,8090909
94,16	0,8090909
94,19	0,8090909
94,24	0,8090909
94,28	0,8090909
94,3	0,8090909
94,33	0,8090909
94,43	0,8090909
94,47	0,8090909
94,49	0,8090909
94,51	0,8090909
94,55	0,8090909
94,59	0,8090909
94,61	0,8090909
94,66	0,8090909
94,68	0,8090909
94,73	0,8090909
94,75	0,8090909
94,8	0,8090909
94,83	0,8090909
94,87	0,8090909
94,89	0,8090909
94,94	0,8090909
94,96	0,8090909
95	0,8090909
95,02	0,8090909
95,07	0,8090909
95,09	0,8090909
95,15	0,8090909
95,19	0,8090909
95,21	0,8090909
95,23	0,8090909
95,24	0,8090909
95,25	0,8090909
95,26	0,8090909
95,29	0,8090909
95,34	0,8090909
95,36	0,8090909
95,4	0,8090909
95,42	0,8090909
95,45	0,8090909
95,48	0,8090909
95,55	0,8090909
95,6	0,8090909
95,62	0,8090909
95,67	0,8090909
95,7	0,8090909
95,74	0,8090909
95,76	0,8090909
95,81	0,8090909
95,83	0,8090909
95,87	0,8090909
95,88	0,8090909
95,91	0,8090909
95,96	0,8090909
95,98	0,8090909
96,01	0,8090909
96,03	0,8090909
96,06	0,8090909
96,07	0,8090909
96,09	0,8090909
96,1	0,8090909
96,13	0,8090909
96,15	0,8090909
96,19	0,8090909
96,21	0,8090909
96,25	0,8090909
96,27	0,8090909
96,31	0,8090909
96,35	0,8090909
96,4	0,8090909
96,42	0,8090909
96,46	0,8090909
96,48	0,8090909
96,52	0,8090909
96,55	0,8090909
96,59	0,8090909
96,62	0,8090909
96,66	0,8090909
96,68	0,8090909
96,72	0,8090909
96,75	0,8090909
96,79	0,8090909
96,81	0,8090909
96,85	0,8090909
96,87	0,8090909
96,92	0,8090909
96,95	0,8090909
96,99	0,8090909
97,01	0,8090909
97,05	0,8090909
97,07	0,8090909
97,12	0,8090909
97,14	0,8090909
97,17	0,8090909
97,2	0,8090909
97,24	0,8090909
97,27	0,8090909
97,3	0,8090909
97,33	0,8090909
97,39	0,8090909
97,43	0,8090909
97,45	0,8090909
97,51	0,8090909
97,52	0,8090909
97,53	0,8090909
97,56	0,8090909
97,58	0,8090909
97,63	0,8090909
97,65	0,8090909
97,69	0,8090909
97,71	0,8090909
97,74	0,8090909
97,77	0,8090909
97,81	0,8090909
97,84	0,8090909
97,88	0,8090909
97,91	0,8090909
97,95	0,8090909
97,97	0,8090909
98,02	0,8090909
98,05	0,8090909
98,08	0,8090909
98,11	0,8090909
98,16	0,8090909
98,19	0,8090909
98,23	0,8090909
98,25	0,8090909
98,31	0,8090909
98,36	0,8090909
98,38	0,8090909
98,42	0,8090909
98,44	0,8090909
98,49	0,8090909
98,51	0,8090909
98,56	0,8090909
98,59	0,8090909
98,63	0,8090909
98,65	0,8090909
98,69	0,8090909
98,72	0,8090909
98,76	0,8090909
98,77	0,8090909
98,79	0,8090909
98,83	0,8090909
98,85	0,8090909
98,88	0,8090909
98,94	0,8090909
98,97	0,8090909
98,99	0,8090909
99,01	0,8090909
99,06	0,8090909
99,08	0,8090909
99,13	0,8090909
99,15	0,8090909
99,19	0,8090909
99,21	0,8090909
99,26	0,8090909
99,28	0,8090909
99,32	0,8090909
99,34	0,8090909
99,39	0,8090909
99,42	0,8090909
99,46	0,8090909
99,48	0,8090909
99,53	0,8090909
99,57	0,8090909
99,67	0,8090909
99,71	0,8090909
99,73	0,8090909
99,77	0,8090909
99,8	0,8090909
99,85	0,8090909
99,87	0,8060606
99,92	0,8
99,95	0,7969697
99,99	0,7969697
100,01	0,7969697
100,03	0,7969697
100,05	0,7939394
100,07	0,7939394
100,12	0,7939394
100,14	0,7939394
100,19	0,7878788
100,21	0,7848485
100,26	0,769697
100,28	0,7666667
100,31	0,7575758
100,34	0,7515152
100,38	0,7424242
100,39	0,7393939
100,41	0,7333333
100,47	0,7212121
100,49	0,7212121
100,53	0,7212121
100,56	0,7212121
100,6	0,7090909
100,61	0,7060606
100,67	0,6939394
100,69	0,6939394
100,74	0,6909091
100,75	0,6909091
100,77	0,6818181
100,78	0,6818181
100,79	0,6818181
100,81	0,6818181
100,83	0,6818181
100,88	0,6818181
100,89	0,6818181
100,91	0,6818181
100,92	0,6818181
100,95	0,6818181
100,97	0,6818181
101,01	0,6818181
101,03	0,6818181
101,04	0,6818181
101,05	0,6818181
101,08	0,6818181
101,1	0,6818181
101,14	0,6818181
101,17	0,6818181
101,19	0,6818181
101,2	0,6818181
101,25	0,6818181
101,29	0,6818181
101,32	0,6818181
101,36	0,6818181
101,38	0,6818181
101,43	0,6787878
101,44	0,6787878
101,48	0,6727272
101,5	0,6666666
101,55	0,6545454
101,58	0,6484848
101,63	0,6333333
101,65	0,6272727
101,69	0,6212121
101,72	0,6121212
101,75	0,6
101,78	0,5969697
101,81	0,5909091
101,82	0,5878788
101,84	0,5848485
101,88	0,5727273
101,9	0,569697
101,91	0,5636364
101,92	0,5636364
101,94	0,5575757
101,97	0,5515151
102,02	0,5424242
102,05	0,5393939
102,09	0,5363636
102,12	0,5363636
102,16	0,5363636
102,18	0,5363636
102,22	0,5363636
102,24	0,5363636
102,28	0,5363636
102,31	0,5363636
102,35	0,5363636
102,37	0,5363636
102,42	0,5363636
102,44	0,5363636
102,48	0,5363636
102,51	0,5363636
102,56	0,5363636
102,58	0,5363636
102,62	0,5363636
102,64	0,5363636
102,68	0,5363636
102,71	0,5363636
102,74	0,5363636
102,76	0,5363636
102,78	0,5363636
102,8	0,5363636
102,81	0,5363636
102,83	0,5363636
102,89	0,5363636
102,93	0,5363636
102,95	0,5363636
103	0,5363636
103,02	0,5363636
103,03	0,5363636
103,05	0,5363636
103,07	0,5363636
103,08	0,5363636
103,13	0,5363636
103,17	0,5363636
103,21	0,5363636
103,23	0,5363636
103,26	0,5363636
103,27	0,5363636
103,28	0,5363636
103,29	0,5363636
103,34	0,5363636
103,36	0,5363636
103,41	0,5363636
103,43	0,5363636
103,47	0,5363636
103,5	0,5363636
103,53	0,5363636
103,54	0,5363636
103,56	0,5363636
103,61	0,5363636
103,63	0,5363636
103,68	0,5363636
103,72	0,5363636
103,76	0,5363636
103,78	0,5363636
103,84	0,5363636
103,88	0,5363636
103,9	0,5363636
103,95	0,5363636
103,97	0,5363636
104,01	0,5363636
104,04	0,5363636
104,08	0,5363636
104,11	0,5363636
104,16	0,5363636
104,18	0,5363636
104,21	0,5363636
104,22	0,5363636
104,24	0,5363636
104,29	0,5363636
104,3	0,5363636
104,32	0,5363636
104,35	0,5363636
104,36	0,5363636
104,37	0,5363636
104,4	0,5363636
104,42	0,5363636
104,48	0,5363636
104,51	0,5363636
104,52	0,5363636
104,54	0,5363636
104,59	0,5363636
104,6	0,5363636
104,64	0,5363636
104,67	0,5363636
104,71	0,5363636
104,72	0,5363636
104,74	0,5363636
104,76	0,5363636
104,79	0,5363636
104,81	0,5363636
104,84	0,5363636
104,85	0,5363636
104,87	0,5363636
104,91	0,5363636
104,93	0,5363636
104,94	0,5363636
104,95	0,5363636
104,97	0,5363636
104,98	0,5363636
104,99	0,5363636
105	0,5363636
105,01	0,5363636
105,02	0,5363636
105,05	0,5363636
105,09	0,5363636
105,12	0,5363636
105,17	0,5363636
105,19	0,5363636
105,24	0,5363636
105,26	0,5363636
105,3	0,5363636
105,31	0,5363636
105,32	0,5363636
105,34	0,5363636
105,36	0,5363636
105,37	0,5363636
105,38	0,5363636
105,4	0,5363636
105,43	0,5363636
105,44	0,5363636
105,46	0,5363636
105,47	0,5363636
105,49	0,5363636
105,51	0,5363636
105,57	0,5363636
105,59	0,5363636
105,62	0,5363636
105,64	0,5363636
105,68	0,5363636
105,69	0,5363636
105,71	0,5363636
105,73	0,5363636
105,75	0,5363636
105,76	0,5363636
105,77	0,5363636
105,81	0,5363636
105,82	0,5363636
105,83	0,5363636
105,84	0,5363636
105,85	0,5363636
105,86	0,5363636
105,87	0,5363636
105,88	0,5363636
105,89	0,5363636
105,93	0,5363636
105,97	0,5363636
105,99	0,5363636
106,04	0,5363636
106,06	0,5363636
106,09	0,5363636
106,11	0,5363636
106,13	0,5363636
106,17	0,5363636
106,19	0,5363636
106,22	0,5363636
106,24	0,5363636
106,26	0,5363636
106,28	0,5363636
106,29	0,5363636
106,3	0,5363636
106,31	0,5363636
106,32	0,5363636
106,33	0,5363636
106,34	0,5363636
106,35	0,5363636
106,36	0,5363636
106,37	0,5363636
106,38	0,5363636
106,44	0,5363636
106,46	0,5363636
106,51	0,5363636
106,54	0,5363636
106,59	0,5363636
106,61	0,5363636
106,64	0,5363636
106,66	0,5363636
106,68	0,5363636
106,71	0,5363636
106,72	0,5363636
106,73	0,5363636
106,74	0,5363636
106,79	0,5363636
106,81	0,5363636
106,84	0,5363636
106,86	0,5363636
106,89	0,5363636
106,93	0,5363636
106,95	0,5363636
107	0,5363636
107,02	0,5363636
107,07	0,5363636
107,09	0,5363636
107,13	0,5363636
107,15	0,5363636
107,18	0,5363636
107,21	0,5363636
107,24	0,5363636
107,25	0,5363636
107,28	0,5363636
107,32	0,5363636
107,35	0,5363636
107,39	0,5363636
107,41	0,5363636
107,45	0,5363636
107,48	0,5363636
107,52	0,5363636
107,55	0,5363636
107,59	0,5363636
107,61	0,5363636
107,66	0,5363636
107,68	0,5363636
107,72	0,5363636
107,74	0,5363636
107,79	0,5363636
107,81	0,5363636
107,82	0,5363636
107,84	0,5363636
107,87	0,5363636
107,93	0,5363636
107,96	0,5363636
107,98	0,5363636
108	0,5363636
108,05	0,5363636
108,07	0,5363636
108,11	0,5363636
108,13	0,5363636
108,18	0,5363636
108,2	0,5363636
108,25	0,5363636
108,27	0,5363636
108,31	0,5363636
108,36	0,5363636
108,41	0,5363636
108,43	0,5363636
108,45	0,5363636
108,47	0,5363636
108,51	0,5363636
108,55	0,5363636
108,57	0,5363636
108,58	0,5363636
108,59	0,5363636
108,61	0,5363636
108,64	0,5363636
108,67	0,5363636
108,7	0,5363636
108,75	0,5363636
108,77	0,5363636
108,82	0,5363636
108,85	0,5363636
108,91	0,5363636
108,96	0,5363636
108,98	0,5363636
109,03	0,5363636
109,05	0,5363636
109,09	0,5363636
109,11	0,5363636
109,15	0,5363636
109,17	0,5363636
109,22	0,5363636
109,24	0,5363636
109,29	0,5363636
109,32	0,5363636
109,36	0,5363636
109,38	0,5363636
109,42	0,5363636
109,43	0,5363636
109,44	0,5363636
109,47	0,5363636
109,5	0,5363636
109,62	0,5363636
109,66	0,5363636
109,68	0,5363636
109,73	0,5363636
109,75	0,5363636
109,78	0,5363636
109,79	0,5363636
109,8	0,5363636
109,82	0,5363636
109,84	0,5363636
109,85	0,5363636
109,88	0,5363636
109,93	0,5363636
109,96	0,5363636
110,01	0,5363636
110,03	0,5363636
110,08	0,5363636
110,09	0,5363636
110,14	0,5363636
110,15	0,5363636
110,17	0,5363636
110,2	0,5363636
110,21	0,5363636
110,22	0,5363636
110,27	0,5363636
110,28	0,5363636
110,31	0,5363636
110,33	0,5363636
110,36	0,5363636
110,41	0,5363636
110,42	0,5363636
110,45	0,5363636
110,46	0,5363636
110,49	0,5363636
110,56	0,5363636
110,61	0,5363636
110,64	0,5363636
110,68	0,5363636
110,7	0,5363636
110,75	0,5363636
110,77	0,5363636
110,8	0,5363636
110,83	0,5363636
110,88	0,5363636
110,9	0,5363636
110,95	0,5363636
110,97	0,5363636
111,02	0,5363636
111,04	0,5363636
111,09	0,5363636
111,11	0,5363636
111,15	0,5363636
111,17	0,5363636
111,21	0,5363636
111,24	0,5363636
111,28	0,5363636
111,31	0,5363636
111,36	0,5363636
111,38	0,5363636
111,41	0,5363636
111,43	0,5363636
111,46	0,5363636
111,48	0,5363636
111,49	0,5363636
111,51	0,5363636
111,53	0,5363636
111,56	0,5363636
111,6	0,5363636
111,63	0,5363636
111,64	0,5363636
111,65	0,5363636
111,66	0,5363636
111,67	0,5363636
111,68	0,5363636
111,7	0,5363636
111,72	0,5363636
111,76	0,5363636
111,78	0,5363636
111,83	0,5363636
111,85	0,5363636
111,89	0,5363636
111,91	0,5363636
111,97	0,5363636
112,01	0,5363636
112,03	0,5363636
112,08	0,5363636
112,1	0,5363636
112,15	0,5363636
112,17	0,5363636
112,21	0,5363636
112,23	0,5363636
112,27	0,5363636
112,28	0,5363636
112,29	0,5363636
112,31	0,5363636
112,33	0,5363636
112,36	0,5363636
112,39	0,5363636
112,41	0,5363636
112,44	0,5363636
112,5	0,5363636
112,56	0,5363636
112,6	0,5363636
112,63	0,5363636
112,67	0,5363636
112,69	0,5363636
112,73	0,5363636
112,75	0,5363636
112,79	0,5363636
112,81	0,5363636
112,85	0,5363636
112,88	0,5363636
112,93	0,5363636
112,96	0,5363636
113,01	0,5363636
113,03	0,5363636
113,08	0,5363636
113,1	0,5363636
113,15	0,5363636
113,17	0,5363636
113,22	0,5363636
113,24	0,5363636
113,29	0,5363636
113,31	0,5363636
113,36	0,5363636
113,38	0,5363636
113,39	0,5363636
113,4	0,5363636
113,43	0,5363636
113,44	0,5363636
113,47	0,5363636
113,5	0,5363636
113,56	0,5363636
113,6	0,5363636
113,64	0,5363636
113,69	0,5363636
113,72	0,5363636
113,76	0,5363636
113,77	0,5363636
113,78	0,5363636
113,82	0,5363636
113,85	0,5363636
113,89	0,5363636
113,91	0,5363636
113,96	0,5363636
113,98	0,5363636
114,03	0,5363636
114,05	0,5363636
114,09	0,5363636
114,12	0,5363636
114,16	0,5363636
114,2	0,5363636
114,24	0,5363636
114,26	0,5363636
114,31	0,5363636
114,33	0,5363636
114,37	0,5363636
114,4	0,5363636
114,45	0,5363636
114,48	0,5363636
114,54	0,5363636
114,58	0,5363636
114,59	0,5363636
114,62	0,5363636
114,68	0,5363636
114,72	0,5363636
114,74	0,5363636
114,78	0,5363636
114,79	0,5363636
114,82	0,5363636
114,86	0,5363636
114,88	0,5363636
114,92	0,5363636
114,94	0,5363636
114,99	0,5363636
115,02	0,5363636
115,06	0,5363636
115,08	0,5363636
115,13	0,5363636
115,16	0,5363636
115,2	0,5363636
115,24	0,5363636
115,28	0,5363636
115,32	0,5363636
115,37	0,5363636
115,39	0,5363636
115,43	0,5363636
115,45	0,5363636
115,49	0,5363636
115,51	0,5363636
115,57	0,5363636
115,61	0,5363636
115,63	0,5363636
115,68	0,5363636
115,69	0,5363636
115,7	0,5363636
115,73	0,5363636
115,76	0,5363636
115,81	0,5363636
115,84	0,5363636
115,88	0,5363636
115,91	0,5363636
115,96	0,5363636
116,01	0,5363636
116,02	0,5363636
116,07	0,5363636
116,09	0,5363636
116,13	0,5363636
116,14	0,5363636
116,16	0,5363636
116,22	0,5363636
116,26	0,5363636
116,28	0,5363636
116,33	0,5363636
116,36	0,5363636
116,4	0,5363636
116,43	0,5363636
116,47	0,5363636
116,49	0,5363636
116,54	0,5363636
116,57	0,5363636
116,62	0,5363636
116,64	0,5363636
116,7	0,5363636
116,71	0,5363636
116,74	0,5363636
116,77	0,5363636
116,8	0,5363636
116,83	0,5363636
116,87	0,5363636
116,89	0,5363636
116,92	0,5363636
116,95	0,5363636
116,98	0,5363636
117,01	0,5363636
117,06	0,5363636
117,08	0,5363636
117,12	0,5363636
117,14	0,5363636
117,18	0,5363636
117,2	0,5363636
117,25	0,5363636
117,27	0,5363636
117,31	0,5363636
117,33	0,5363636
117,37	0,5363636
117,38	0,5363636
117,4	0,5363636
117,44	0,5363636
117,47	0,5363636
117,52	0,5363636
117,55	0,5363636
117,59	0,5363636
117,62	0,5363636
117,66	0,5363636
117,68	0,5363636
117,72	0,5363636
117,74	0,5363636
117,78	0,5363636
117,8	0,5363636
117,81	0,5363636
117,85	0,5363636
117,87	0,5363636
117,89	0,5363636
117,92	0,5363636
117,94	0,5363636
117,98	0,5363636
118	0,5363636
118,05	0,5363636
118,07	0,5363636
118,12	0,5363636
118,14	0,5363636
118,18	0,5363636
118,2	0,5363636
118,23	0,5363636
118,24	0,5363636
118,26	0,5363636
118,29	0,5363636
118,3	0,5363636
118,31	0,5363636
118,32	0,5363636
118,33	0,5363636
118,34	0,5363636
118,35	0,5363636
118,36	0,5363636
118,37	0,5363636
118,38	0,5363636
118,42	0,5363636
118,44	0,5363636
118,48	0,5363636
118,49	0,5363636
118,52	0,5363636
118,55	0,5363636
118,58	0,5363636
118,62	0,5363636
118,66	0,5363636
118,7	0,5363636
118,73	0,5363636
118,77	0,5363636
118,8	0,5363636
118,84	0,5363636
118,86	0,5363636
118,9	0,5363636
118,92	0,5363636
118,95	0,5363636
118,98	0,5363636
119,02	0,5363636
119,04	0,5363636
119,09	0,5363636
119,11	0,5363636
119,16	0,5363636
119,18	0,5363636
119,2	0,5363636
119,22	0,5363636
119,24	0,5363636
119,28	0,5363636
119,3	0,5363636
119,32	0,5363636
119,35	0,5363636
119,38	0,5363636
119,43	0,5363636
119,46	0,5363636
119,5	0,5363636
119,53	0,5363636
119,58	0,5363636
119,59	0,5363636
119,64	0,5363636
119,66	0,5363636
119,71	0,5363636
119,73	0,5363636
119,83	0,5363636
119,84	0,5363636
119,85	0,5363636
119,88	0,5363636
119,9	0,5363636
119,95	0,5363636
119,97	0,5363636
120,01	0,5363636
120,03	0,5363636
120,08	0,5363636
120,1	0,5363636
120,12	0,5363636
120,13	0,5363636
120,16	0,5363636
120,2	0,5363636
120,23	0,5363636
120,27	0,5363636
120,3	0,5363636
120,35	0,5363636
120,38	0,5363636
120,42	0,5363636
120,43	0,5363636
120,45	0,5363636
120,5	0,5363636
120,53	0,5363636
120,57	0,5363636
120,6	0,5363636
120,64	0,5363636
120,66	0,5363636
120,71	0,5363636
120,73	0,5363636
120,77	0,5363636
120,8	0,5363636
120,85	0,5363636
120,87	0,5363636
120,91	0,5363636
120,94	0,5363636
120,99	0,5363636
121,01	0,5363636
121,06	0,5363636
121,09	0,5363636
121,11	0,5363636
121,12	0,5363636
121,14	0,5363636
121,16	0,5363636
121,2	0,5363636
121,23	0,5363636
121,27	0,5363636
121,28	0,5363636
121,3	0,5363636
121,34	0,5363636
121,36	0,5363636
121,41	0,5363636
121,44	0,5363636
121,48	0,5363636
121,51	0,5363636
121,56	0,5363636
121,58	0,5363636
121,62	0,5363636
121,65	0,5363636
121,69	0,5363636
121,71	0,5363636
121,75	0,5363636
121,76	0,5363636
121,78	0,5363636
121,8	0,5363636
121,81	0,5363636
121,82	0,5363636
121,84	0,5363636
121,89	0,5363636
121,92	0,5363636
121,97	0,5363636
121,99	0,5363636
122,04	0,5363636
122,07	0,5363636
122,12	0,5363636
122,14	0,5363636
122,17	0,5363636
122,2	0,5363636
122,24	0,5363636
122,26	0,5363636
122,3	0,5363636
122,32	0,5363636
122,37	0,5363636
122,39	0,5363636
122,43	0,5363636
122,44	0,5363636
122,45	0,5363636
122,5	0,5363636
122,54	0,5363636
122,55	0,5363636
122,57	0,5363636
122,58	0,5363636
122,59	0,5363636
122,64	0,5363636
122,66	0,5363636
122,67	0,5363636
122,69	0,5363636
122,72	0,5363636
122,75	0,5363636
122,76	0,5363636
122,77	0,5363636
122,79	0,5363636
122,84	0,5363636
122,86	0,5363636
122,91	0,5363636
122,93	0,5363636
122,98	0,5363636
123	0,5363636
123,04	0,5363636
123,07	0,5363636
123,11	0,5363636
123,14	0,5363636
123,17	0,5363636
123,19	0,5363636
123,24	0,5363636
123,26	0,5363636
123,3	0,5363636
123,33	0,5363636
123,38	0,5363636
123,4	0,5363636
123,44	0,5363636
123,47	0,5363636
123,5	0,5363636
123,53	0,5363636
123,57	0,5363636
123,59	0,5363636
123,64	0,5363636
123,65	0,5363636
123,7	0,5363636
123,73	0,5363636
123,78	0,5363636
123,8	0,5363636
123,85	0,5363636
123,86	0,5363636
123,91	0,5363636
123,94	0,5363636
123,95	0,5363636
123,96	0,5363636
123,97	0,5363636
123,99	0,5363636
124,04	0,5363636
124,06	0,5363636
124,11	0,5363636
124,14	0,5363636
124,18	0,5363636
124,21	0,5363636
124,25	0,5363636
124,28	0,5363636
124,32	0,5363636
124,36	0,5363636
124,41	0,5363636
124,44	0,5363636
124,47	0,5363636
124,49	0,5363636
124,51	0,5363636
124,57	0,5363636
124,59	0,5363636
124,62	0,5363636
124,64	0,5363636
124,67	0,5363636
124,7	0,5363636
124,75	0,5363636
124,78	0,5363636
124,82	0,5363636
124,84	0,5363636
124,89	0,5363636
124,91	0,5363636
124,95	0,5363636
124,97	0,5363636
125,03	0,5363636
125,09	0,5363636
125,11	0,5363636
125,12	0,5363636
125,14	0,5363636
125,17	0,5363636
125,21	0,5363636
125,24	0,5363636
125,3	0,5363636
125,34	0,5363636
125,37	0,5363636
125,42	0,5363636
125,45	0,5363636
125,49	0,5363636
125,51	0,5363636
125,57	0,5363636
125,61	0,5363636
125,63	0,5363636
125,68	0,5363636
125,7	0,5363636
125,75	0,5363636
125,77	0,5363636
125,82	0,5363636
125,85	0,5363636
125,89	0,5363636
125,91	0,5363636
125,95	0,5363636
125,97	0,5363636
126,02	0,5363636
126,04	0,5363636
126,09	0,5363636
126,11	0,5363636
126,16	0,5363636
126,19	0,5363636
126,23	0,5363636
126,26	0,5363636
126,3	0,5363636
126,32	0,5363636
126,36	0,5363636
126,38	0,5363636
126,42	0,5363636
126,44	0,5363636
126,48	0,5363636
126,5	0,5363636
126,56	0,5363636
126,6	0,5363636
126,63	0,5363636
126,67	0,5363636
126,69	0,5363636
126,74	0,5363636
126,76	0,5363636
126,8	0,5363636
126,83	0,5363636
126,87	0,5363636
126,89	0,5363636
126,93	0,5363636
126,96	0,5363636
127	0,5363636
127,02	0,5363636
127,07	0,5363636
127,09	0,5363636
127,13	0,5363636
127,16	0,5363636
127,2	0,5363636
127,22	0,5363636
127,23	0,5363636
127,24	0,5363636
127,25	0,5363636
127,29	0,5363636
127,33	0,5363636
127,35	0,5363636
127,39	0,5363636
127,41	0,5363636
127,43	0,5363636
127,47	0,5363636
127,5	0,5363636
127,55	0,5363636
127,58	0,5363636
127,61	0,5363636
127,63	0,5363636
127,65	0,5363636
127,69	0,5363636
127,71	0,5363636
127,76	0,5363636
127,77	0,5363636
127,79	0,5363636
127,8	0,5363636
127,83	0,5363636
127,88	0,5363636
127,91	0,5363636
127,95	0,5363636
127,98	0,5363636
128,03	0,5363636
128,05	0,5363636
128,09	0,5363636
128,12	0,5363636
128,16	0,5363636
128,18	0,5363636
128,22	0,5363636
128,25	0,5363636
128,29	0,5363636
128,32	0,5363636
128,36	0,5363636
128,39	0,5363636
128,42	0,5363636
128,45	0,5363636
128,49	0,5363636
128,51	0,5363636
128,56	0,5363636
128,6	0,5363636
128,62	0,5363636
128,65	0,5363636
128,69	0,5363636
128,71	0,5363636
128,76	0,5363636
128,78	0,5363636
128,8	0,5363636
128,82	0,5363636
128,86	0,5363636
128,91	0,5363636
128,94	0,5363636
128,98	0,5363636
129,01	0,5363636
129,06	0,5363636
129,09	0,5363636
129,14	0,5363636
129,16	0,5363636
129,2	0,5363636
129,22	0,5363636
129,27	0,5363636
129,29	0,5363636
129,32	0,5363636
129,35	0,5363636
129,41	0,5363636
129,46	0,5363636
129,49	0,5363636
129,55	0,5363636
129,6	0,5363636
129,63	0,5363636
129,68	0,5363636
129,71	0,5363636
129,75	0,5363636
129,77	0,5363636
129,82	0,5363636
129,84	0,5363636
129,88	0,5363636
129,89	0,5363636
129,92	0,5363636
129,95	0,5363636
129,97	0,5363636
130,01	0,5363636
130,04	0,5363636
130,09	0,5363636
130,22	0,5363636
130,26	0,5363636
130,28	0,5363636
130,31	0,5363636
130,35	0,5363636
130,39	0,5363636
130,42	0,5363636
130,47	0,5363636
130,51	0,5363636
130,57	0,5363636
130,62	0,5363636
130,64	0,5363636
130,7	0,5363636
130,75	0,5363636
130,78	0,5363636
130,85	0,5363636
130,9	0,5363636
130,96	0,5363636
130,98	0,5363636
131,02	0,5363636
131,04	0,5363636
131,09	0,5363636
131,11	0,5363636
131,16	0,5363636
131,18	0,5363636
131,22	0,5363636
131,23	0,5363636
131,26	0,5363636
131,3	0,5363636
131,33	0,5363636
131,37	0,5363636
131,39	0,5363636
131,44	0,5363636
131,46	0,5363636
131,51	0,5363636
131,54	0,5363636
131,59	0,5363636
131,61	0,5363636
131,64	0,5363636
131,66	0,5363636
131,69	0,5363636
131,72	0,5363636
131,75	0,5363636
131,8	0,5363636
131,83	0,5363636
131,88	0,5363636
131,9	0,5363636
131,96	0,5363636
131,99	0,5363636
132,04	0,5363636
132,06	0,5363636
132,11	0,5363636
132,14	0,5363636
132,18	0,5363636
132,2	0,5363636
132,24	0,5363636
132,26	0,5363636
132,31	0,5363636
132,33	0,5363636
132,38	0,5363636
132,4	0,5363636
132,43	0,5363636
132,45	0,5363636
132,48	0,5363636
132,52	0,5363636
132,55	0,5363636
132,59	0,5363636
132,62	0,5363636
132,64	0,5363636
132,66	0,5363636
132,67	0,5363636
132,7	0,5363636
132,74	0,5363636
132,76	0,5363636
132,8	0,5363636
132,82	0,5363636
132,84	0,5363636
132,85	0,5363636
132,87	0,5363636
132,88	0,5363636
132,92	0,5363636
132,95	0,5363636
133	0,5363636
133,03	0,5363636
133,04	0,5363636
133,06	0,5363636
133,09	0,5363636
133,13	0,5363636
133,15	0,5363636
133,2	0,5363636
133,22	0,5363636
133,27	0,5363636
133,29	0,5363636
133,33	0,5363636
133,36	0,5363636
133,4	0,5363636
133,42	0,5363636
133,47	0,5363636
133,49	0,5363636
133,53	0,5363636
133,56	0,5363636
133,61	0,5363636
133,63	0,5363636
133,67	0,5363636
133,69	0,5363636
133,72	0,5363636
133,74	0,5363636
133,77	0,5363636
133,81	0,5363636
133,83	0,5363636
133,87	0,5363636
133,9	0,5363636
133,94	0,5363636
133,96	0,5363636
134,01	0,5363636
134,03	0,5363636
134,05	0,5363636
134,07	0,5363636
134,09	0,5363636
134,15	0,5363636
134,2	0,5363636
134,22	0,5363636
134,26	0,5363636
134,28	0,5363636
134,33	0,5363636
134,35	0,5363636
134,39	0,5363636
134,4	0,5363636
134,41	0,5363636
134,47	0,5363636
134,5	0,5363636
134,56	0,5363636
134,62	0,5363636
134,69	0,5363636
134,74	0,5363636
134,76	0,5363636
134,79	0,5363636
134,82	0,5363636
134,85	0,5363636
134,86	0,5363636
134,89	0,5363636
134,9	0,5363636
134,91	0,5363636
134,94	0,5363636
134,96	0,5363636
134,99	0,5363636
135,02	0,5363636
135,06	0,5363636
135,08	0,5363636
135,14	0,5363636
135,18	0,5363636
135,21	0,5363636
135,26	0,5363636
135,28	0,5363636
135,33	0,5363636
135,35	0,5363636
135,39	0,5363636
135,41	0,5363636
135,53	0,5363636
135,6	0,5363636
135,66	0,5363636
135,71	0,5363636
135,73	0,5363636
135,78	0,5363636
135,81	0,5363636
135,85	0,5363636
135,88	0,5363636
135,92	0,5363636
135,95	0,5363636
135,99	0,5363636
136,01	0,5363636
136,06	0,5363636
136,08	0,5363636
136,12	0,5363636
136,13	0,5363636
136,14	0,5363636
136,15	0,5363636
136,16	0,5363636
136,17	0,5363636
136,18	0,5363636
136,19	0,5363636
136,23	0,5363636
136,26	0,5363636
136,3	0,5363636
136,31	0,5363636
136,33	0,5363636
136,35	0,5363636
136,38	0,5363636
136,42	0,5363636
136,44	0,5363636
136,49	0,5363636
136,51	0,5363636
136,57	0,5363636
136,62	0,5363636
136,64	0,5363636
136,68	0,5363636
136,7	0,5363636
136,75	0,5363636
136,77	0,5363636
136,81	0,5363636
136,83	0,5363636
136,88	0,5363636
136,9	0,5363636
136,93	0,5363636
136,94	0,5363636
136,95	0,5363636
136,96	0,5363636
136,97	0,5363636
136,98	0,5363636
136,99	0,5363636
137,01	0,5363636
137,04	0,5363636
137,08	0,5363636
137,11	0,5363636
137,16	0,5363636
137,18	0,5363636
137,22	0,5363636
137,25	0,5363636
137,29	0,5363636
137,31	0,5363636
137,36	0,5363636
137,38	0,5363636
137,43	0,5363636
137,46	0,5363636
137,5	0,5363636
137,52	0,5363636
137,57	0,5363636
137,6	0,5363636
137,64	0,5363636
137,66	0,5363636
137,71	0,5363636
137,73	0,5363636
137,78	0,5363636
137,8	0,5363636
137,83	0,5363636
137,85	0,5363636
137,88	0,5363636
137,92	0,5363636
137,95	0,5363636
137,99	0,5363636
138,01	0,5363636
138,06	0,5363636
138,08	0,5363636
138,13	0,5363636
138,15	0,5363636
138,18	0,5363636
138,19	0,5363636
138,22	0,5363636
138,26	0,5363636
138,29	0,5363636
138,33	0,5363636
138,35	0,5363636
138,4	0,5363636
138,43	0,5363636
138,47	0,5363636
138,48	0,5363636
138,53	0,5363636
138,56	0,5363636
138,61	0,5363636
138,63	0,5363636
138,67	0,5363636
138,69	0,5363636
138,73	0,5363636
138,75	0,5363636
138,76	0,5363636
138,8	0,5363636
138,82	0,5363636
138,87	0,5363636
138,9	0,5363636
138,95	0,5363636
138,97	0,5363636
139	0,5363636
139,03	0,5363636
139,08	0,5363636
139,11	0,5363636
139,16	0,5363636
139,18	0,5363636
139,22	0,5363636
139,25	0,5363636
139,29	0,5363636
139,32	0,5363636
139,36	0,5363636
139,4	0,5363636
139,44	0,5363636
139,46	0,5363636
139,5	0,5363636
139,52	0,5363636
139,58	0,5363636
139,63	0,5363636
139,65	0,5363636
139,69	0,5363636
139,71	0,5363636
139,72	0,5363636
139,74	0,5363636
139,76	0,5363636
139,77	0,5363636
139,8	0,5363636
139,81	0,5363636
139,82	0,5363636
139,84	0,5363636
139,89	0,5363636
139,91	0,5363636
139,96	0,5363636
139,98	0,5363636
139,99	0,5363636
140	0,5363636
140,02	0,5363636
140,05	0,5363636
140,09	0,5363636
140,12	0,5363636
140,17	0,5363636
140,18	0,5363636
140,22	0,5363636
140,23	0,5363636
140,24	0,5363636
140,25	0,5363636
140,26	0,5363636
140,27	0,5363636
140,28	0,5363636
140,29	0,5363636
140,3	0,5363636
140,31	0,5363636
140,32	0,5363636
140,34	0,5363636
140,37	0,5363636
140,42	0,5363636
140,44	0,5363636
140,49	0,5363636
140,51	0,5363636
140,62	0,5363636
140,67	0,5363636
140,69	0,5363636
140,73	0,5363636
140,76	0,5363636
140,8	0,5363636
140,82	0,5363636
140,86	0,5363636
140,89	0,5363636
140,94	0,5363636
140,96	0,5363636
141	0,5363636
141,02	0,5363636
141,06	0,5363636
141,09	0,5363636
141,12	0,5363636
141,15	0,5363636
141,2	0,5363636
141,23	0,5363636
141,28	0,5363636
141,31	0,5363636
141,36	0,5363636
141,38	0,5363636
141,42	0,5363636
141,43	0,5363636
141,45	0,5363636
141,47	0,5363636
141,51	0,5363636
141,57	0,5363636
141,63	0,5363636
141,67	0,5363636
141,69	0,5363636
141,7	0,5363636
141,72	0,5363636
141,74	0,5363636
141,76	0,5363636
141,8	0,5363636
141,82	0,5363636
141,86	0,5363636
141,89	0,5363636
141,93	0,5363636
141,94	0,5363636
141,95	0,5363636
142	0,5363636
142,02	0,5363636
142,04	0,5363636
142,05	0,5363636
142,08	0,5363636
142,1	0,5363636
142,12	0,5363636
142,14	0,5363636
142,19	0,5363636
142,21	0,5363636
142,25	0,5363636
142,27	0,5363636
142,29	0,5363636
142,3	0,5363636
142,32	0,5363636
142,36	0,5363636
142,38	0,5363636
142,41	0,5363636
142,42	0,5363636
142,43	0,5363636
142,44	0,5363636
142,45	0,5363636
142,46	0,5363636
142,48	0,5363636
142,52	0,5363636
142,55	0,5363636
142,6	0,5363636
142,62	0,5363636
142,66	0,5363636
142,67	0,5363636
142,69	0,5363636
142,73	0,5363636
142,75	0,5363636
142,79	0,5363636
142,82	0,5363636
142,86	0,5363636
142,89	0,5363636
142,92	0,5363636
142,95	0,5363636
142,99	0,5363636
143,01	0,5363636
143,04	0,5363636
143,05	0,5363636
143,07	0,5363636
143,08	0,5363636
143,09	0,5363636
143,11	0,5363636
143,15	0,5363636
143,2	0,5363636
143,21	0,5363636
143,22	0,5363636
143,23	0,5363636
143,24	0,5363636
143,25	0,5363636
143,26	0,5363636
143,3	0,5363636
143,31	0,5363636
143,32	0,5363636
143,36	0,5363636
143,39	0,5363636
143,41	0,5363636
143,43	0,5363636
143,48	0,5363636
143,5	0,5363636
143,54	0,5363636
143,57	0,5363636
143,62	0,5363636
143,63	0,5363636
143,68	0,5363636
143,72	0,5363636
143,76	0,5363636
143,78	0,5363636
143,83	0,5363636
143,84	0,5363636
143,85	0,5363636
143,87	0,5363636
143,89	0,5363636
143,91	0,5363636
143,92	0,5363636
143,94	0,5363636
143,97	0,5363636
143,99	0,5363636
144	0,5363636
144,03	0,5363636
144,06	0,5363636
144,1	0,5363636
144,12	0,5363636
144,14	0,5363636
144,15	0,5363636
144,18	0,5363636
144,2	0,5363636
144,25	0,5363636
144,27	0,5363636
144,32	0,5363636
144,34	0,5363636
144,4	0,5363636
144,44	0,5363636
144,46	0,5363636
144,51	0,5363636
144,53	0,5363636
144,58	0,5363636
144,6	0,5363636
144,63	0,5363636
144,64	0,5363636
144,65	0,5363636
144,68	0,5363636
144,72	0,5363636
144,75	0,5363636
144,79	0,5363636
144,82	0,5363636
144,87	0,5363636
144,89	0,5363636
144,94	0,5363636
144,96	0,5363636
144,99	0,5363636
145	0,5363636
145,01	0,5363636
145,03	0,5363636
145,07	0,5363636
145,09	0,5363636
145,13	0,5363636
145,16	0,5363636
145,21	0,5363636
145,23	0,5363636
145,27	0,5363636
145,3	0,5363636
145,34	0,5363636
145,36	0,5363636
145,4	0,5363636
145,42	0,5363636
145,47	0,5363636
145,49	0,5363636
145,53	0,5363636
145,56	0,5363636
145,67	0,5363636
145,72	0,5363636
145,74	0,5363636
145,79	0,5363636
145,81	0,5363636
145,85	0,5363636
145,87	0,5363636
145,89	0,5363636
145,93	0,5363636
145,95	0,5363636
145,99	0,5363636
146,01	0,5363636
146,06	0,5363636
146,09	0,5363636
146,13	0,5363636
146,14	0,5363636
146,15	0,5363636
146,19	0,5363636
146,21	0,5363636
146,25	0,5363636
146,28	0,5363636
146,33	0,5363636
146,35	0,5363636
146,39	0,5363636
146,41	0,5363636
146,46	0,5363636
146,48	0,5363636
146,53	0,5363636
146,56	0,5363636
146,6	0,5363636
146,62	0,5363636
146,66	0,5363636
146,67	0,5363636
146,71	0,5363636
146,75	0,5363636
146,77	0,5363636
146,81	0,5363636
146,84	0,5363636
146,88	0,5363636
146,91	0,5363636
146,95	0,5363636
146,97	0,5363636
147,01	0,5363636
147,03	0,5363636
147,07	0,5363636
147,1	0,5363636
147,15	0,5363636
147,18	0,5363636
147,22	0,5363636
147,25	0,5363636
147,29	0,5363636
147,32	0,5363636
147,37	0,5363636
147,39	0,5363636
147,44	0,5363636
147,46	0,5363636
147,5	0,5363636
147,53	0,5363636
147,59	0,5363636
147,61	0,5363636
147,65	0,5363636
147,68	0,5363636
147,71	0,5363636
147,72	0,5363636
147,73	0,5363636
147,74	0,5363636
147,78	0,5363636
147,8	0,5363636
147,83	0,5363636
147,84	0,5363636
147,87	0,5363636
147,89	0,5363636
147,9	0,5363636
147,92	0,5363636
147,95	0,5363636
148,01	0,5363636
148,05	0,5363636
148,07	0,5363636
148,11	0,5363636
148,13	0,5363636
148,18	0,5363636
148,2	0,5363636
148,24	0,5363636
148,27	0,5363636
148,31	0,5363636
148,33	0,5363636
148,35	0,5363636
148,36	0,5363636
148,37	0,5363636
148,4	0,5363636
148,44	0,5363636
148,46	0,5363636
148,48	0,5363636
148,51	0,5363636
148,55	0,5363636
148,6	0,5363636
148,62	0,5363636
148,66	0,5363636
148,69	0,5363636
148,73	0,5363636
148,76	0,5363636
148,8	0,5363636
148,83	0,5363636
148,88	0,5363636
148,9	0,5363636
148,94	0,5363636
148,96	0,5363636
149	0,5363636
149,01	0,5363636
149,02	0,5363636
149,03	0,5363636
149,07	0,5363636
149,08	0,5363636
149,09	0,5363636
149,13	0,5363636
149,14	0,5363636
149,17	0,5363636
149,22	0,5363636
149,23	0,5363636
149,25	0,5363636
149,28	0,5363636
149,3	0,5363636
149,34	0,5363636
149,35	0,5363636
149,36	0,5363636
149,39	0,5363636
149,41	0,5363636
149,44	0,5363636
149,48	0,5363636
149,5	0,5363636
149,56	0,5363636
149,61	0,5363636
149,63	0,5363636
149,67	0,5363636
149,69	0,5363636
149,74	0,5363636
149,76	0,5363636
149,81	0,5363636
149,83	0,5363636
149,89	0,5363636
149,93	0,5363636
149,96	0,5363636
149,99	0,5363636
150,03	0,5363636
150,06	0,5363636
150,07	0,5363636
150,09	0,5363636
150,11	0,5363636
150,12	0,5363636
150,14	0,5363636
150,15	0,5363636
150,16	0,5363636
150,2	0,5363636
150,22	0,5363636
150,27	0,5363636
150,3	0,5363636
150,34	0,5363636
150,35	0,5363636
150,36	0,5363636
150,41	0,5363636
150,43	0,5363636
150,45	0,5363636
150,47	0,5363636
150,48	0,5363636
150,49	0,5363636
150,5	0,5363636
150,51	0,5363636
150,54	0,5363636
150,55	0,5363636
150,57	0,5363636
150,6	0,5363636
150,64	0,5363636
150,68	0,5363636
150,71	0,5363636
150,78	0,5363636
150,83	0,5363636
150,85	0,5363636
150,89	0,5363636
150,91	0,5363636
150,96	0,5363636
150,98	0,5363636
151,03	0,5363636
151,05	0,5363636
151,11	0,5363636
151,17	0,5363636
151,21	0,5363636
151,24	0,5363636
151,28	0,5363636
151,3	0,5363636
151,34	0,5363636
151,35	0,5363636
151,36	0,5363636
151,38	0,5363636
151,39	0,5363636
151,4	0,5363636
151,41	0,5363636
151,42	0,5363636
151,44	0,5363636
151,5	0,5363636
151,55	0,5363636
151,56	0,5363636
151,59	0,5363636
151,62	0,5363636
151,66	0,5363636
151,67	0,5363636
151,69	0,5363636
151,72	0,5363636
151,73	0,5363636
151,74	0,5363636
151,77	0,5363636
151,78	0,5363636
151,8	0,5363636
151,82	0,5363636
151,86	0,5363636
151,88	0,5363636
151,9	0,5363636
151,91	0,5363636
151,93	0,5363636
151,96	0,5363636
151,97	0,5363636
151,99	0,5363636
152,02	0,5363636
152,05	0,5363636
152,07	0,5363636
152,08	0,5363636
152,09	0,5363636
152,1	0,5363636
152,12	0,5363636
152,14	0,5363636
152,15	0,5363636
152,18	0,5363636
152,2	0,5363636
152,22	0,5363636
152,24	0,5363636
152,25	0,5363636
152,26	0,5363636
152,31	0,5363636
152,32	0,5363636
152,34	0,5363636
152,35	0,5363636
152,36	0,5363636
152,39	0,5363636
152,41	0,5363636
152,44	0,5363636
152,46	0,5363636
152,51	0,5363636
152,55	0,5363636
152,6	0,5363636
152,62	0,5363636
152,64	0,5363636
152,67	0,5363636
152,71	0,5363636
152,73	0,5363636
152,75	0,5363636
152,79	0,5363636
152,84	0,5363636
152,85	0,5363636
152,91	0,5363636
152,96	0,5363636
152,98	0,5363636
153,02	0,5363636
153,06	0,5363636
153,12	0,5363636
153,16	0,5363636
153,19	0,5363636
153,23	0,5363636
153,25	0,5363636
153,28	0,5363636
153,31	0,5363636
153,35	0,5363636
153,38	0,5363636
153,44	0,5363636
153,48	0,5363636
153,51	0,5363636
153,56	0,5363636
153,58	0,5363636
153,62	0,5363636
153,65	0,5363636
153,69	0,5363636
153,71	0,5363636
153,76	0,5363636
153,78	0,5363636
153,82	0,5363636
153,84	0,5363636
153,88	0,5363636
153,9	0,5363636
153,91	0,5363636
153,95	0,5363636
153,98	0,5363636
154,01	0,5363636
154,03	0,5363636
154,05	0,5363636
154,09	0,5363636
154,12	0,5363636
154,16	0,5363636
154,18	0,5363636
154,22	0,5363636
154,25	0,5363636
154,29	0,5363636
154,31	0,5363636
154,36	0,5363636
154,39	0,5363636
154,44	0,5363636
154,46	0,5363636
154,51	0,5363636
154,54	0,5363636
154,56	0,5363636
154,57	0,5363636
154,59	0,5363636
154,63	0,5363636
154,67	0,5363636
154,7	0,5363636
154,74	0,5363636
154,76	0,5363636
154,8	0,5363636
154,82	0,5363636
154,87	0,5363636
154,88	0,5363636
154,94	0,5363636
154,99	0,5363636
155,02	0,5363636
155,06	0,5363636
155,09	0,5363636
155,13	0,5363636
155,14	0,5363636
155,16	0,5363636
155,18	0,5363636
155,19	0,5363636
155,22	0,5363636
155,27	0,5363636
155,3	0,5363636
155,35	0,5363636
155,36	0,5363636
155,4	0,5363636
155,42	0,5363636
155,46	0,5363636
155,49	0,5363636
155,53	0,5363636
155,56	0,5363636
155,61	0,5363636
155,63	0,5363636
155,65	0,5363636
155,75	0,5363636
155,77	0,5363636
155,8	0,5363636
155,82	0,5363636
155,86	0,5363636
155,89	0,5363636
155,93	0,5363636
155,95	0,5363636
155,97	0,5363636
155,98	0,5363636
155,99	0,5363636
156	0,5363636
156,01	0,5363636
156,06	0,5363636
156,08	0,5363636
156,13	0,5363636
156,16	0,5363636
156,18	0,5363636
156,2	0,5363636
156,21	0,5363636
156,26	0,5363636
156,28	0,5363636
156,33	0,5363636
156,35	0,5363636
156,4	0,5363636
156,42	0,5363636
156,45	0,5363636
156,47	0,5363636
156,49	0,5363636
156,54	0,5363636
156,57	0,5363636
156,59	0,5363636
156,62	0,5363636
156,64	0,5363636
156,68	0,5363636
156,71	0,5363636
156,76	0,5363636
156,78	0,5363636
156,81	0,5363636
156,84	0,5363636
156,89	0,5363636
156,92	0,5363636
156,96	0,5363636
156,98	0,5363636
157,03	0,5363636
157,05	0,5363636
157,09	0,5363636
157,12	0,5363636
157,16	0,5363636
157,18	0,5363636
157,22	0,5363636
157,25	0,5363636
157,3	0,5363636
157,32	0,5363636
157,36	0,5363636
157,38	0,5363636
157,43	0,5363636
157,45	0,5363636
157,48	0,5363636
157,49	0,5363636
157,5	0,5363636
157,54	0,5363636
157,6	0,5363636
157,65	0,5363636
157,67	0,5363636
157,72	0,5363636
157,74	0,5363636
157,75	0,5363636
157,77	0,5363636
157,79	0,5363636
157,8	0,5363636
157,83	0,5363636
157,85	0,5363636
157,87	0,5363636
157,92	0,5363636
157,94	0,5363636
157,98	0,5363636
158,01	0,5363636
158,02	0,5363636
158,04	0,5363636
158,06	0,5363636
158,07	0,5363636
158,08	0,5363636
158,09	0,5363636
158,11	0,5363636
158,12	0,5363636
158,17	0,5363636
158,2	0,5363636
158,25	0,5363636
158,27	0,5363636
158,33	0,5363636
158,36	0,5363636
158,41	0,5363636
158,44	0,5363636
158,48	0,5363636
158,5	0,5363636
158,51	0,5363636
158,52	0,5363636
158,54	0,5363636
158,56	0,5363636
158,59	0,5363636
158,64	0,5363636
158,66	0,5363636
158,7	0,5363636
158,72	0,5363636
158,77	0,5363636
158,8	0,5363636
158,84	0,5363636
158,86	0,5363636
158,91	0,5363636
158,94	0,5363636
158,98	0,5363636
159	0,5363636
159,04	0,5363636
159,08	0,5363636
159,13	0,5363636
159,15	0,5363636
159,2	0,5363636
159,22	0,5363636
159,27	0,5363636
159,3	0,5363636
159,34	0,5363636
159,36	0,5363636
159,4	0,5363636
159,42	0,5363636
159,43	0,5363636
159,45	0,5363636
159,46	0,5363636
159,49	0,5363636
159,53	0,5363636
159,54	0,5363636
159,55	0,5363636
159,57	0,5363636
159,58	0,5363636
159,61	0,5363636
159,65	0,5363636
159,68	0,5363636
159,72	0,5363636
159,75	0,5363636
159,79	0,5363636
159,81	0,5363636
159,86	0,5363636
159,89	0,5363636
159,93	0,5363636
159,96	0,5363636
160,01	0,5363636
160,04	0,5363636
160,09	0,5363636
160,11	0,5363636
160,15	0,5363636
160,18	0,5363636
160,23	0,5363636
160,25	0,5363636
160,29	0,5363636
160,32	0,5363636
160,36	0,5363636
160,39	0,5363636
160,43	0,5363636
160,46	0,5363636
160,5	0,5363636
160,54	0,5363636
160,59	0,5363636
160,61	0,5363636
160,65	0,5363636
160,68	0,5363636
160,73	0,5363636
160,75	0,5363636
160,8	0,5363636
160,82	0,5363636
160,86	0,5363636
160,87	0,5363636
160,95	0,5363636
160,98	0,5363636
161	0,5363636
161,01	0,5363636
161,04	0,5363636
161,05	0,5363636
161,07	0,5363636
161,11	0,5363636
161,15	0,5363636
161,18	0,5363636
161,23	0,5363636
161,25	0,5363636
161,29	0,5363636
161,32	0,5363636
161,37	0,5363636
161,39	0,5363636
161,41	0,5363636
161,44	0,5363636
161,45	0,5363636
161,5	0,5363636
161,52	0,5363636
161,58	0,5363636
161,6	0,5363636
161,64	0,5363636
161,67	0,5363636
161,71	0,5363636
161,74	0,5363636
161,79	0,5363636
161,82	0,5363636
161,85	0,5363636
161,87	0,5363636
161,89	0,5363636
161,92	0,5363636
161,95	0,5363636
162	0,5363636
162,03	0,5363636
162,08	0,5363636
162,1	0,5363636
162,15	0,5363636
162,17	0,5363636
162,22	0,5363636
162,24	0,5363636
162,29	0,5363636
162,31	0,5363636
162,34	0,5363636
162,35	0,5363636
162,36	0,5363636
162,37	0,5363636
162,38	0,5363636
162,39	0,5363636
162,4	0,5363636
162,41	0,5363636
162,44	0,5363636
162,48	0,5363636
162,5	0,5363636
162,51	0,5363636
162,52	0,5363636
162,54	0,5363636
162,57	0,5363636
162,6	0,5363636
162,62	0,5363636
162,64	0,5363636
162,69	0,5363636
162,7	0,5363636
162,71	0,5363636
162,72	0,5363636
162,74	0,5363636
162,77	0,5363636
162,82	0,5363636
162,85	0,5363636
162,89	0,5363636
162,94	0,5363636
162,96	0,5363636
162,97	0,5363636
162,99	0,5363636
163,01	0,5363636
163,05	0,5363636
163,09	0,5363636
163,11	0,5363636
163,14	0,5363636
163,15	0,5363636
163,17	0,5363636
163,21	0,5363636
163,23	0,5363636
163,28	0,5363636
163,31	0,5363636
163,35	0,5363636
163,37	0,5363636
163,42	0,5363636
163,44	0,5363636
163,48	0,5363636
163,51	0,5363636
163,56	0,5363636
163,58	0,5363636
163,63	0,5363636
163,65	0,5363636
163,69	0,5363636
163,71	0,5363636
163,76	0,5363636
163,78	0,5363636
163,81	0,5363636
163,84	0,5363636
163,86	0,5363636
163,9	0,5363636
163,94	0,5363636
163,96	0,5363636
164	0,5363636
164,03	0,5363636
164,07	0,5363636
164,08	0,5363636
164,09	0,5363636
164,1	0,5363636
164,11	0,5363636
164,13	0,5363636
164,14	0,5363636
164,16	0,5363636
164,19	0,5363636
164,2	0,5363636
164,21	0,5363636
164,22	0,5363636
164,28	0,5363636
164,3	0,5363636
164,32	0,5363636
164,35	0,5363636
164,38	0,5363636
164,39	0,5363636
164,4	0,5363636
164,44	0,5363636
164,49	0,5363636
164,51	0,5363636
164,54	0,5363636
164,56	0,5363636
164,6	0,5363636
164,65	0,5363636
164,66	0,5363636
164,7	0,5363636
164,73	0,5363636
164,77	0,5363636
164,8	0,5363636
164,84	0,5363636
164,87	0,5363636
164,91	0,5363636
164,93	0,5363636
164,98	0,5363636
165	0,5363636
165,05	0,5363636
165,07	0,5363636
165,11	0,5363636
165,13	0,5363636
165,18	0,5363636
165,2	0,5363636
165,24	0,5363636
165,26	0,5363636
165,31	0,5363636
165,33	0,5363636
165,36	0,5363636
165,38	0,5363636
165,4	0,5363636
165,45	0,5363636
165,47	0,5363636
165,51	0,5363636
165,54	0,5363636
165,57	0,5363636
165,6	0,5363636
165,65	0,5363636
165,68	0,5363636
165,72	0,5363636
165,75	0,5363636
165,8	0,5363636
165,82	0,5363636
165,86	0,5363636
165,89	0,5363636
165,93	0,5363636
165,95	0,5363636
165,99	0,5363636
166,1	0,5363636
166,15	0,5363636
166,17	0,5363636
166,21	0,5363636
166,24	0,5363636
166,29	0,5363636
166,32	0,5363636
166,36	0,5363636
166,39	0,5363636
166,44	0,5363636
166,46	0,5363636
166,51	0,5363636
166,54	0,5363636
166,59	0,5363636
166,61	0,5363636
166,66	0,5363636
166,69	0,5363636
166,73	0,5363636
166,75	0,5363636
166,77	0,5363636
166,8	0,5363636
166,82	0,5363636
166,86	0,5363636
166,88	0,5363636
166,93	0,5363636
166,95	0,5363636
167	0,5363636
167,02	0,5363636
167,07	0,5363636
167,1	0,5363636
167,14	0,5363636
167,17	0,5363636
167,2	0,5363636
167,22	0,5363636
167,24	0,5363636
167,3	0,5363636
167,32	0,5363636
167,37	0,5363636
167,4	0,5363636
167,46	0,5363636
167,51	0,5363636
167,54	0,5363636
167,61	0,5363636
167,66	0,5363636
167,68	0,5363636
167,73	0,5363636
167,75	0,5363636
167,8	0,5363636
167,82	0,5363636
167,85	0,5363636
167,87	0,5363636
167,89	0,5363636
167,9	0,5363636
167,91	0,5363636
167,92	0,5363636
167,93	0,5363636
167,94	0,5363636
167,96	0,5363636
167,99	0,5363636
168,02	0,5363636
168,05	0,5363636
168,08	0,5363636
168,13	0,5363636
168,16	0,5363636
168,19	0,5363636
168,22	0,5363636
168,25	0,5363636
168,28	0,5363636
168,31	0,5363636
168,35	0,5363636
168,39	0,5363636
168,41	0,5363636
168,46	0,5363636
168,48	0,5363636
168,52	0,5363636
168,55	0,5363636
168,6	0,5363636
168,62	0,5363636
168,67	0,5363636
168,69	0,5363636
168,73	0,5363636
168,76	0,5363636
168,8	0,5363636
168,83	0,5363636
168,87	0,5363636
168,89	0,5363636
168,93	0,5363636
168,95	0,5363636
169	0,5363636
169,03	0,5363636
169,07	0,5363636
169,09	0,5363636
169,14	0,5363636
169,16	0,5363636
169,2	0,5363636
169,22	0,5363636
169,27	0,5363636
169,29	0,5363636
169,34	0,5363636
169,36	0,5363636
169,41	0,5363636
169,44	0,5363636
169,49	0,5363636
169,51	0,5363636
169,57	0,5363636
169,61	0,5363636
169,63	0,5363636
169,67	0,5363636
169,69	0,5363636
169,73	0,5363636
169,76	0,5363636
169,8	0,5363636
169,83	0,5363636
169,87	0,5363636
169,9	0,5363636
169,95	0,5363636
169,97	0,5363636
169,99	0,5363636
170,01	0,5363636
170,04	0,5363636
170,08	0,5363636
170,1	0,5363636
170,14	0,5363636
170,16	0,5363636
170,17	0,5363636
170,18	0,5363636
170,19	0,5363636
170,2	0,5363636
170,21	0,5363636
170,22	0,5363636
170,23	0,5363636
170,24	0,5363636
170,25	0,5363636
170,26	0,5363636
170,3	0,5363636
170,34	0,5363636
170,35	0,5363636
170,4	0,5363636
170,42	0,5363636
170,48	0,5363636
170,49	0,5363636
170,5	0,5363636
170,51	0,5363636
170,52	0,5363636
170,53	0,5363636
170,54	0,5363636
170,56	0,5363636
170,57	0,5363636
170,59	0,5363636
170,6	0,5363636
170,64	0,5363636
170,67	0,5363636
170,7	0,5363636
170,71	0,5363636
170,72	0,5363636
170,73	0,5363636
170,78	0,5363636
170,79	0,5363636
170,82	0,5363636
170,83	0,5363636
170,86	0,5363636
170,87	0,5363636
170,88	0,5363636
170,89	0,5363636
170,9	0,5363636
170,91	0,5363636
170,92	0,5363636
170,93	0,5363636
170,94	0,5363636
170,97	0,5363636
171,01	0,5363636
171,02	0,5363636
171,03	0,5363636
171,13	0,5363636
171,17	0,5363636
171,19	0,5363636
171,2	0,5363636
171,21	0,5363636
171,22	0,5363636
171,23	0,5363636
171,24	0,5363636
171,27	0,5363636
171,32	0,5363636
171,34	0,5363636
171,36	0,5363636
171,37	0,5363636
171,38	0,5363636
171,39	0,5363636
171,42	0,5363636
171,46	0,5363636
171,48	0,5363636
171,51	0,5363636
171,52	0,5363636
171,53	0,5363636
171,54	0,5363636
171,55	0,5363636
171,58	0,5363636
171,6	0,5363636
171,64	0,5363636
171,65	0,5363636
171,66	0,5363636
171,67	0,5363636
171,68	0,5363636
171,69	0,5363636
171,7	0,5363636
171,71	0,5363636
171,72	0,5363636
171,73	0,5363636
171,76	0,5363636
171,78	0,5363636
171,83	0,5363636
171,84	0,5363636
171,86	0,5363636
171,87	0,5363636
171,88	0,5363636
171,89	0,5363636
171,92	0,5363636
171,97	0,5363636
171,99	0,5363636
172	0,5363636
172,01	0,5363636
172,02	0,5363636
172,03	0,5363636
172,04	0,5363636
172,05	0,5363636
172,09	0,5363636
172,1	0,5363636
172,13	0,5363636
172,15	0,5363636
172,17	0,5363636
172,18	0,5363636
172,19	0,5363636
172,2	0,5363636
172,21	0,5363636
172,22	0,5363636
172,23	0,5363636
172,24	0,5363636
172,25	0,5363636
172,26	0,5363636
172,29	0,5363636
172,34	0,5363636
172,36	0,5363636
172,37	0,5363636
172,38	0,5363636
172,42	0,5363636
172,44	0,5363636
172,46	0,5363636
172,48	0,5363636
172,5	0,5363636
172,51	0,5363636
172,52	0,5363636
172,53	0,5363636
172,54	0,5363636
172,55	0,5363636
172,56	0,5363636
172,57	0,5363636
172,58	0,5363636
172,59	0,5363636
172,62	0,5363636
172,66	0,5363636
172,68	0,5363636
172,71	0,5363636
172,74	0,5363636
172,81	0,5363636
172,83	0,5363636
172,84	0,5363636
172,85	0,5363636
172,86	0,5363636
172,87	0,5363636
172,88	0,5363636
172,89	0,5363636
172,9	0,5363636
172,91	0,5363636
172,92	0,5363636
172,95	0,5363636
172,99	0,5363636
173	0,5363636
