19/06/2014 11:45:37
id8
C:\Users\Annotations\Desktop\Annotations\Test_Data\G4\Wanted.mp4
C:\Users\Annotations\Desktop\Annotations\Trace2011\Ratings\arousal.jpg
Arousal
-1,1
0,255,255	255,255,0	125,125,125
0
0,1	0
0,12	0
0,15	0
0,17	0
0,18	0
0,19	0
0,2	0
0,21	0
0,22	0
0,23	0
0,24	0
0,25	0
0,26	0
0,27	0
0,28	0
0,29	0
0,33	0
0,34	0
0,35	0
0,36	0
0,37	0
0,38	0
0,39	0
0,4	0
0,41	0
0,42	0
0,43	0
0,44	0
0,45	0
0,48	0
0,5	0
0,51	0
0,52	0
0,54	0
0,55	0
0,56	0
0,57	0
0,58	0
0,59	0
0,6	0
0,63	0
0,66	0
0,67	0
0,68	0
0,69	0
0,7	0
0,71	0
0,72	0
0,73	0
0,74	0
0,75	0
0,76	0
0,77	0
0,78	0
0,79	0
0,8	0
0,81	0
0,83	0
0,85	0
0,86	0
0,87	0
0,88	0
0,89	0
0,9	0
0,91	0
0,92	0
0,93	0
0,94	0
0,96	0
0,98	0
0,99	0
1	0
1,01	0
1,02	0
1,03	0
1,04	0
1,05	0
1,06	0
1,07	0
1,11	0
1,12	0
1,13	0
1,14	0
1,15	0
1,16	0
1,17	0
1,18	0
1,19	0
1,2	0
1,21	0
1,22	0
1,23	0
1,24	0
1,25	0
1,26	0
1,27	0
1,3	0
1,32	0
1,33	0
1,34	0
1,35	0
1,36	0
1,37	0
1,38	0
1,39	0
1,4	0
1,41	0
1,43	0
1,45	0
1,46	0
1,47	0
1,48	0
1,49	0
1,5	0
1,51	0
1,52	0
1,53	0
1,54	0
1,55	0
1,56	0
1,57	0
1,59	0
1,61	0
1,62	0
1,63	0
1,64	0
1,65	0
1,66	0
1,67	0
1,68	0
1,69	0
1,7	0
1,71	0
1,72	0
1,73	0
1,74	0
1,75	0
1,76	0
1,77	0
1,79	0
1,81	0
1,82	0
1,83	0
1,84	0
1,85	0
1,86	0
1,87	0
1,88	0
1,89	0
1,9	0
1,93	0
1,95	0
1,96	0
1,97	0
1,98	0
1,99	0
2	0
2,01	0
2,03	0
2,04	0
2,06	0
2,08	0
2,09	0
2,1	0
2,11	0
2,12	0
2,13	0
2,14	0
2,15	0
2,16	0
2,17	0
2,18	0
2,19	0
2,2	0
2,21	0
2,22	0
2,23	0
2,25	0
2,26	0
2,27	0
2,28	0
2,29	0
2,3	0
2,31	0
2,32	0
2,33	0
2,34	0
2,35	0
2,36	0
2,37	0
2,38	0
2,39	0
2,41	0
2,43	0
2,44	0
2,45	0
2,46	0
2,47	0
2,48	0
2,49	0
2,5	0
2,51	0
2,52	0
2,53	0
2,54	0
2,58	0
2,59	0
2,6	0
2,61	0
2,62	0
2,63	0
2,64	0
2,65	0
2,66	0
2,67	0
2,68	0
2,69	0
2,7	0
2,73	0
2,74	0
2,75	0
2,76	0
2,78	0
2,79	0
2,8	0
2,81	0
2,82	0
2,83	0
2,84	0
2,87	0
2,88	0
2,89	0
2,9	0
2,91	0
2,92	0
2,93	0
2,94	0
2,95	0
2,96	0
2,97	0
2,98	0
2,99	0
3	0
3,01	0
3,02	0
3,03	0
3,06	0
3,07	0
3,08	0
3,09	0
3,1	0
3,11	0
3,12	0
3,15	0
3,16	0
3,17	0
3,18	0
3,19	0
3,2	0
3,22	0
3,23	0
3,24	0
3,25	0
3,26	0
3,27	0
3,28	0
3,31	0
3,32	0
3,33	0
3,34	0
3,35	0
3,36	0
3,37	0
3,39	0
3,4	0
3,41	0
3,42	0
3,43	0
3,44	0
3,45	0
3,46	0
3,47	0
3,49	0
3,5	0
3,51	0
3,52	0
3,53	0
3,54	0
3,55	0
3,56	0
3,58	0
3,59	0
3,6	0
3,62	0
3,63	0
3,64	0
3,65	0
3,66	0
3,67	0
3,68	0
3,69	0
3,7	0
3,73	0
3,74	0
3,75	0
3,76	0
3,77	0
3,79	0
3,8	0
3,81	0
3,82	0
3,83	0
3,84	0
3,85	0
3,88	0
3,89	0
3,9	0
3,91	0
3,92	0
3,94	0
3,95	0
3,96	0
3,97	0
3,98	0
3,99	0
4	0
4,01	0
4,02	0
4,04	0
4,05	0
4,06	0
4,07	0
4,08	0
4,09	0
4,1	0
4,11	0
4,12	0
4,14	0
4,15	0
4,16	0
4,18	0
4,19	0
4,2	0
4,21	0
4,22	0
4,23	0
4,24	0
4,25	0
4,26	0
4,29	0
4,3	0
4,31	0
4,32	0
4,33	0
4,36	0
4,37	0
4,38	0
4,39	0
4,4	0
4,42	0
4,43	0
4,44	0
4,45	0
4,46	0
4,47	0
4,48	0
4,51	0
4,52	0
4,53	0
4,54	0
4,55	0
4,56	0
4,57	0
4,6	0
4,61	0
4,62	0
4,63	0
4,64	0
4,65	0
4,68	0
4,69	0
4,7	0
4,71	0
4,72	0
4,74	0
4,75	0
4,76	0
4,77	0
4,78	0
4,79	0
4,8	0
4,81	0
4,82	0
4,84	0
4,85	0
4,86	0
4,87	0
4,88	0
4,89	0
4,9	0
4,92	0
4,93	0
4,94	0
4,95	0
4,96	0
4,99	0
5	0
5,01	0
5,02	0
5,03	0
5,04	0
5,05	0
5,06	0
5,09	0
5,1	0
5,11	0
5,12	0
5,13	0
5,15	0
5,16	0
5,17	0
5,18	0
5,19	0
5,2	0
5,21	0
5,24	0
5,25	0
5,26	0
5,27	0
5,28	0
5,3	0
5,31	0
5,32	0
5,33	0
5,34	0
5,35	0
5,36	0
5,37	0
5,38	0
5,39	0
5,41	0
5,42	0
5,43	0
5,44	0
5,45	0
5,47	0
5,48	0
5,49	0
5,5	0
5,51	0
5,52	0
5,53	0
5,54	0
5,55	0
5,56	0
5,57	0
5,59	0
5,6	0
5,61	0
5,62	0
5,64	0
5,65	0
5,66	0
5,67	0
5,68	0
5,7	0
5,71	0
5,72	0
5,73	0
5,74	0
5,75	0
5,76	0
5,77	0
5,79	0
5,8	0
5,81	0
5,82	0
5,83	0
5,84	0
5,85	0
5,87	0
5,88	0
5,89	0
5,9	0
5,91	0
5,93	0
5,94	0
5,95	0
5,96	0
5,97	0
5,98	0
5,99	0
6,02	0
6,03	0
6,04	0
6,05	0
6,06	0
6,07	0
6,08	0
6,09	0
6,1	0
6,11	0
6,12	0
6,13	0
6,15	0
6,16	0
6,17	0
6,18	0
6,19	0
6,22	0
6,23	0
6,24	0
6,25	0
6,27	0
6,28	0
6,29	0
6,3	0
6,31	0
6,32	0
6,33	0
6,34	0
6,35	0
6,37	0
6,38	0
6,39	0
6,4	0
6,41	0
6,42	0
6,43	0
6,44	0
6,45	0
6,46	0
6,47	0
6,48	0
6,49	0
6,52	0
6,53	0
6,54	0
6,55	0
6,56	0
6,58	0
6,6	0
6,61	0
6,62	0
6,63	0
6,64	0
6,67	0
6,68	0
6,69	0
6,7	0
6,71	0
6,72	0
6,73	0
6,74	0
6,77	0
6,78	0
6,79	0
6,8	0
6,81	0
6,82	0
6,83	0
6,84	0
6,87	0
6,88	0
6,9	0
6,91	0
6,92	0
6,93	0
6,94	0
6,95	0
6,96	0
6,97	0
6,98	0
6,99	0
7	0
7,01	0
7,03	0
7,04	0
7,05	0
7,06	0
7,07	0
7,08	0
7,11	0
7,13	0
7,14	0
7,15	0
7,16	0
7,19	0
7,2	0
7,21	0
7,22	0
7,23	0
7,24	0
7,26	0
7,28	0
7,29	0
7,3	0
7,31	0
7,32	0
7,33	0
7,34	0
7,35	0
7,36	0
7,37	0
7,38	0
7,39	0
7,41	0
7,42	0
7,43	0
7,44	0
7,45	0
7,46	0
7,47	0
7,48	0
7,49	0
7,52	0
7,53	0
7,54	0
7,55	0
7,56	0
7,57	0
7,58	0
7,59	0
7,6	0
7,61	0
7,62	0
7,63	0
7,64	0
7,65	0
7,66	0
7,68	0
7,69	0
7,7	0
7,71	0
7,72	0
7,75	0
7,76	0
7,77	0
7,78	0
7,79	0
7,8	0
7,81	0
7,83	0
7,84	0
7,85	0
7,86	0
7,87	0
7,88	0
7,89	0
7,9	0
7,91	0
7,92	0
7,93	0
7,95	0
7,96	0
7,97	0
7,98	0
8	0
8,01	0
8,02	0
8,03	0
8,04	0
8,05	0
8,06	0
8,07	0
8,08	0
8,09	0
8,1	0
8,11	0
8,12	0
8,14	0
8,16	0
8,17	0
8,18	0
8,19	0
8,2	0
8,21	0
8,22	0
8,23	0
8,24	0
8,25	0
8,26	0
8,27	0
8,28	0
8,29	0
8,32	0
8,33	0
8,34	0
8,35	0
8,38	0
8,39	0
8,4	0
8,41	0
8,42	0
8,43	0
8,44	0
8,46	0
8,48	0
8,49	0
8,5	0
8,51	0
8,52	0
8,53	0
8,54	0
8,55	0
8,56	0
8,57	0
8,58	0
8,59	0
8,6	0
8,61	0
8,62	0
8,63	0
8,64	0
8,65	0
8,66	0
8,67	0
8,7	0
8,72	0
8,73	0
8,74	0
8,75	0
8,78	0
8,79	0
8,8	0
8,81	0
8,82	0
8,83	0
8,85	0
8,86	0
8,87	0
8,88	0
8,89	0
8,9	0
8,91	0
8,92	0
8,93	0
8,94	0
8,96	0
8,97	0
8,98	0
8,99	0
9	0
9,01	0
9,02	0
9,06	0
9,08	0
9,09	0
9,1	0
9,11	0
9,12	0
9,13	0
9,14	0
9,15	0
9,16	0
9,17	0
9,18	0
9,19	0
9,2	0
9,22	0
9,23	0
9,24	0
9,25	0
9,26	0
9,27	0
9,3	0
9,31	0
9,32	0
9,33	0
9,34	0
9,35	0
9,36	0
9,37	0
9,4	0
9,41	0
9,42	0
9,43	0
9,44	0
9,45	0
9,46	0
9,49	0
9,5	0
9,51	0
9,52	0
9,53	0
9,54	0
9,56	0
9,57	0
9,58	0
9,59	0
9,6	0
9,61	0
9,63	0
9,64	0
9,65	0
9,66	0
9,67	0
9,68	0
9,69	0
9,7	0
9,71	0
9,73	0
9,75	0
9,76	0
9,77	0
9,78	0
9,79	0
9,8	0
9,81	0
9,82	0
9,83	0
9,84	0
9,85	0
9,87	0
9,88	0
9,89	0
9,9	0
9,91	0
9,92	0
9,93	0
9,94	0
9,95	0
9,96	0
9,97	0
9,98	0
9,99	0
10	0
10,01	0
10,02	0
10,04	0
10,06	0
10,07	0
10,08	0
10,09	0
10,1	0
10,11	0
10,12	0
10,14	0
10,15	0
10,16	0
10,17	0
10,18	0
10,19	0
10,2	0
10,21	0
10,22	0
10,24	0
10,25	0
10,26	0
10,27	0
10,28	0
10,29	0
10,3	0
10,31	0
10,34	0
10,36	0
10,37	0
10,38	0
10,39	0
10,4	0
10,43	0
10,44	0
10,45	0
10,46	0
10,47	0
10,48	0
10,49	0
10,51	0
10,52	0
10,54	0
10,55	0
10,56	0
10,57	0
10,58	0
10,59	0
10,61	0
10,62	0
10,63	0
10,64	0
10,66	0
10,68	0
10,69	0
10,7	0
10,71	0
10,72	0
10,73	0
10,74	0
10,75	0
10,76	0
10,77	0
10,79	0
10,81	0
10,82	0
10,83	0
10,84	0
10,85	0
10,86	0
10,88	0
10,89	0
10,9	0
10,91	0
10,92	0
10,93	0
10,94	0
10,95	0
10,96	0
10,97	0
10,98	0
10,99	0
11,02	0
11,04	0
11,05	0
11,06	0
11,07	0
11,08	0
11,1	0
11,11	0
11,12	0
11,13	0
11,14	0
11,15	0
11,16	0
11,17	0
11,18	0
11,19	0
11,2	0
11,21	0
11,22	0
11,23	0
11,24	0
11,25	0
11,27	0
11,29	0
11,3	0
11,31	0
11,32	0
11,33	0
11,36	0
11,38	0
11,39	0
11,4	0
11,43	0
11,44	0
11,45	0
11,46	0
11,47	0
11,48	0
11,49	0
11,5	0
11,52	0
11,53	0
11,54	0
11,55	0
11,56	0
11,57	0
11,6	0
11,61	0
11,62	0
11,63	0
11,64	0
11,65	0
11,66	0
11,67	0
11,69	0
11,7	0
11,71	0
11,72	0
11,73	0
11,74	0
11,75	0
11,76	0
11,77	0
11,78	0
11,79	0
11,8	0
11,83	0
11,84	0
11,85	0
11,86	0
11,87	0
11,88	0
11,89	0
11,9	0
11,91	0
11,92	0
11,93	0
11,94	0
11,95	0
11,96	0
11,97	0
11,98	0
11,99	0
12	0
12,01	0
12,02	0
12,03	0
12,04	0
12,05	0
12,06	0
12,09	0
12,1	0
12,11	0
12,12	0
12,13	0
12,14	0
12,15	0
12,16	0
12,17	0
12,19	0
12,2	0
12,23	0
12,24	0
12,25	0
12,26	0
12,27	0
12,28	0
12,29	0
12,3	0
12,31	0
12,32	0
12,33	0
12,34	0
12,35	0
12,36	0
12,39	0
12,41	0
12,42	0
12,43	0
12,44	0
12,45	0
12,47	0
12,48	0
12,49	0
12,5	0
12,51	0
12,52	0
12,55	0
12,56	0
12,57	0
12,58	0
12,59	0
12,6	0
12,61	0
12,62	0
12,64	0
12,65	0
12,66	0
12,67	0
12,68	0
12,69	0
12,7	0
12,71	0
12,72	0
12,74	0
12,75	0
12,76	0
12,77	0
12,78	0
12,79	0
12,8	0
12,81	0
12,82	0
12,83	0
12,85	0
12,87	0
12,88	0
12,89	0
12,9	0
12,91	0
12,92	0
12,93	0
12,94	0
12,95	0
12,96	0
12,97	0
12,98	0
13,01	0
13,02	0
13,03	0
13,04	0
13,05	0
13,06	0
13,07	0
13,09	0
13,1	0
13,11	0
13,12	0
13,13	0
13,14	0
13,15	0
13,16	0
13,17	0
13,18	0
13,19	0
13,2	0
13,21	0
13,22	0
13,25	0
13,26	0
13,27	0
13,28	0
13,29	0
13,3	0
13,32	0
13,33	0
13,34	0
13,35	0
13,36	0
13,37	0
13,38	0
13,39	0
13,4	0
13,41	0
13,42	0
13,43	0
13,44	0
13,47	0
13,48	0
13,49	0
13,51	0
13,52	0
13,53	0
13,54	0
13,55	0
13,57	0
13,58	0
13,59	0
13,6	0
13,61	0
13,62	0
13,63	0
13,64	0
13,65	0
13,67	0
13,68	0
13,71	0
13,73	0
13,74	0
13,75	0
13,76	0
13,77	0
13,78	0
13,79	0
13,8	0
13,84	0
13,85	0
13,86	0
13,87	0
13,88	0
13,89	0
13,9	0
13,91	0
13,92	0
13,93	0
13,94	0
13,95	0
13,96	0
13,99	0
14,01	0
14,03	0
14,04	0
14,05	0
14,06	0
14,07	0
14,08	0
14,09	0
14,1	0
14,11	0
14,12	0
14,13	0
14,14	0
14,15	0
14,16	0
14,17	0
14,18	0
14,19	0
14,2	0
14,22	0
14,23	0
14,24	0
14,25	0
14,26	0
14,27	0
14,28	0
14,29	0
14,3	0
14,31	0
14,32	0
14,33	0
14,34	0
14,35	0
14,36	0
14,37	0
14,38	0
14,39	0
14,4	0
14,41	0
14,42	0
14,43	0
14,46	0
14,47	0
14,48	0
14,49	0
14,5	0
14,52	0
14,53	0
14,54	0
14,55	0
14,56	0
14,59	0
14,61	0
14,62	0
14,63	0
14,64	0
14,65	0
14,66	0
14,67	0
14,68	0
14,69	0
14,7	0
14,71	0
14,72	0
14,73	0
14,74	0
14,75	0
14,76	0
14,77	0
14,78	0
14,79	0
14,8	0
14,81	0
14,83	0
14,87	0
14,88	0
14,89	0
14,9	0
14,91	0
14,92	0
14,93	0
14,96	0
14,98	0
14,99	0
15	0
15,01	0
15,02	0
15,03	0
15,04	0
15,05	0
15,06	0
15,07	0
15,08	0
15,11	0
15,12	0
15,13	0
15,14	0
15,15	0
15,16	0
15,17	0
15,18	0
15,19	0
15,2	0
15,21	0
15,22	0
15,23	0
15,24	0
15,25	0
15,26	0
15,27	0
15,28	0
15,29	0
15,3	0
15,33	0
15,35	0
15,36	0
15,37	0
15,38	0
15,39	0
15,4	0
15,41	0
15,43	0
15,45	0
15,46	0
15,47	0
15,48	0
15,5	0
15,51	0
15,52	0
15,53	0
15,54	0
15,55	0
15,56	0
15,59	0
15,6	0
15,61	0
15,62	0
15,63	0
15,64	0
15,65	0
15,66	0
15,67	0
15,68	0
15,69	0
15,7	0
15,71	0
15,72	0
15,73	0
15,74	0
15,75	0
15,77	0
15,79	0
15,8	0
15,81	0
15,82	0
15,83	0
15,84	0
15,85	0
15,86	0
15,87	0
15,88	0
15,9	0
15,92	0
15,93	0
15,94	0
15,95	0
15,96	0
15,98	0
15,99	0
16	0
16,01	0
16,02	0
16,03	0
16,04	0
16,05	0
16,06	0
16,09	0
16,11	0
16,12	0
16,13	0
16,14	0
16,15	0
16,16	0
16,17	0
16,18	0
16,19	0
16,2	0
16,21	0
16,22	0
16,23	0
16,26	0
16,27	0
16,28	0
16,29	0
16,3	0
16,31	0
16,32	0
16,33	0
16,34	0
16,35	0
16,36	0
16,38	0
16,4	0
16,41	0
16,42	0
16,43	0
16,44	0
16,45	0
16,46	0
16,47	0
16,48	0
16,49	0
16,5	0
16,51	0
16,52	0
16,53	0
16,55	0
16,57	0
16,58	0
16,59	0
16,6	0
16,61	0
16,62	0
16,63	0
16,64	0
16,65	0
16,66	0
16,67	0
16,7	0
16,72	0
16,73	0
16,74	0
16,75	0
16,76	0
16,77	0
16,78	0
16,79	0
16,8	0
16,81	0
16,82	0
16,83	0
16,84	0
16,85	0
16,86	0
16,89	0
16,91	0
16,92	0
16,93	0
16,94	0
16,95	0
16,96	0
16,97	0
16,98	0
16,99	0
17	0
17,01	0
17,02	0
17,03	0
17,06	0
17,08	0
17,09	0
17,1	0
17,11	0
17,12	0
17,13	0
17,14	0
17,15	0
17,18	0
17,21	0
17,22	0
17,23	0
17,24	0
17,25	0
17,26	0
17,27	0
17,28	0
17,29	0
17,3	0
17,31	0
17,32	0
17,33	0
17,34	0
17,36	0
17,38	0
17,39	0
17,4	0
17,41	0
17,42	0
17,43	0
17,44	0
17,45	0
17,46	0
17,47	0
17,48	0
17,49	0
17,54	0
17,55	0
17,56	0
17,57	0
17,58	0
17,59	0
17,6	0
17,61	0
17,62	0
17,63	0
17,64	0
17,65	0
17,68	0
17,69	0
17,7	0
17,71	0
17,72	0
17,73	0
17,74	0
17,75	0
17,76	0
17,78	0
17,79	0
17,8	0
17,81	0
17,82	0
17,83	0
17,84	0
17,87	0
17,88	0
17,89	0
17,9	0
17,91	0
17,92	0
17,93	0
17,94	0
17,95	0
17,98	0
17,99	0
18	0
18,01	0
18,02	0
18,03	0
18,04	0
18,05	0
18,06	0
18,07	0
18,08	0
18,09	0
18,1	0
18,11	0
18,12	0
18,15	0
18,17	0
18,18	0
18,19	0
18,2	0
18,21	0
18,22	0
18,23	0
18,24	0
18,25	0
18,26	0
18,27	0
18,28	0
18,29	0
18,31	0
18,34	0
18,35	0
18,36	0
18,37	0
18,38	0
18,39	0
18,4	0
18,41	0
18,42	0
18,43	0
18,44	0
18,46	0
18,48	0
18,49	0
18,5	0
18,51	0
18,52	0
18,53	0
18,54	0
18,55	0
18,56	0
18,57	0
18,58	0
18,59	0
18,6	0
18,61	0
18,62	0
18,63	0
18,64	0
18,65	0
18,66	0
18,69	0
18,71	0
18,72	0
18,73	0
18,74	0
18,75	0
18,76	0
18,77	0
18,78	0
18,79	0
18,8	0
18,81	0
18,82	0
18,85	0
18,87	0
18,88	0
18,89	0
18,9	0
18,91	0
18,92	0
18,93	0
18,94	0
18,95	0
18,96	0
18,98	0
19	0
19,01	0
19,02	0
19,03	0
19,04	0
19,05	0
19,06	0
19,07	0
19,08	0
19,09	0
19,1	0
19,11	0
19,12	0
19,13	0
19,14	0
19,15	0
19,16	0
19,17	0
19,19	0
19,21	0
19,22	0
19,23	0
19,24	0
19,26	0
19,27	0
19,28	0
19,29	0
19,3	0
19,33	0
19,35	0
19,36	0
19,37	0
19,38	0
19,39	0
19,4	0
19,41	0
19,42	0
19,43	0
19,44	0
19,47	0
19,49	0
19,5	0
19,51	0
19,52	0
19,53	0
19,54	0
19,55	0
19,56	0
19,57	0
19,58	0
19,59	0
19,6	0
19,61	0
19,62	0
19,64	0
19,68	0
19,69	0
19,7	0
19,71	0
19,72	0
19,73	0
19,74	0
19,75	0
19,76	0
19,77	0
19,79	0
19,8	0
19,82	0
19,83	0
19,84	0
19,85	0
19,86	0
19,87	0
19,88	0
19,89	0
19,9	0
19,91	0
19,92	0
19,93	0
19,94	0
19,95	0
19,98	0
20	0
20,01	0
20,02	0
20,03	0
20,04	0
20,05	0
20,06	0
20,07	0
20,08	0
20,11	0
20,12	0
20,13	0
20,14	0
20,15	0
20,16	0
20,17	0
20,19	0
20,21	0
20,22	0
20,23	0
20,24	0
20,27	0
20,29	0
20,3	0
20,31	0
20,32	0
20,33	0
20,34	0
20,35	0
20,36	0
20,37	0
20,38	0
20,39	0
20,4	0
20,41	0
20,42	0
20,43	0
20,47	0
20,48	0
20,51	0
20,52	0
20,53	0
20,54	0
20,55	0
20,56	0
20,57	0
20,58	0
20,59	0
20,6	0
20,61	0
20,62	0
20,63	0
20,64	0
20,65	0
20,66	0
20,67	0
20,68	0
20,71	0
20,74	0
20,75	0
20,76	0
20,77	0
20,78	0
20,79	0
20,8	0
20,81	0
20,82	0
20,83	0
20,84	0
20,85	0
20,86	0
20,87	0
20,88	0
20,89	0
20,9	0
20,91	0
20,92	0
20,93	0
20,94	0
20,95	0
20,99	0
21	0
21,01	0
21,02	0
21,03	0
21,04	0
21,05	0
21,06	0
21,07	0
21,08	0
21,09	0
21,1	0
21,15	0
21,16	0
21,17	0
21,18	0
21,19	0
21,2	0
21,21	0
21,22	0
21,23	0
21,24	0
21,27	0
21,28	0
21,29	0
21,3	0
21,31	0
21,32	0
21,33	0
21,34	0
21,35	0
21,36	0
21,37	0
21,38	0
21,39	0
21,4	0
21,41	0
21,42	0
21,43	0
21,45	0
21,48	0
21,49	0
21,5	0
21,51	0
21,52	0
21,53	0
21,54	0
21,55	0
21,56	0
21,57	0
21,58	0
21,59	0
21,6	0
21,63	0
21,64	0
21,65	0
21,66	0
21,67	0
21,68	0
21,69	0
21,7	0
21,71	0
21,72	0
21,73	0
21,74	0
21,77	0
21,79	0
21,8	0
21,81	0
21,82	0
21,83	0
21,84	0
21,85	0
21,86	0
21,87	0
21,88	0
21,89	0
21,9	0
21,92	0
21,93	0
21,94	0
21,96	0
21,97	0
21,98	0
21,99	0
22	0
22,01	0
22,02	0
22,03	0
22,04	0
22,07	0
22,09	0
22,1	0
22,11	0
22,12	0
22,13	0
22,14	0
22,15	0
22,16	0
22,17	0
22,18	0
22,19	0
22,2	0
22,21	0
22,22	0
22,23	0
22,24	0
22,28	0
22,29	0
22,3	0
22,31	0
22,32	0
22,33	0
22,35	0
22,36	0
22,37	0
22,38	0
22,39	0
22,42	0
22,44	0
22,45	0
22,46	0
22,47	0
22,48	0
22,5	0
22,51	0
22,52	0
22,53	0
22,54	0
22,55	0
22,56	0
22,59	0
22,6	0
22,61	0
22,62	0
22,63	0
22,64	0
22,67	0
22,69	0
22,7	0
22,71	0
22,72	0
22,73	0
22,74	0
22,75	0
22,76	0
22,77	0
22,78	0
22,79	0
22,83	0
22,84	0
22,85	0
22,86	0
22,89	0
22,91	0
22,92	0
22,93	0
22,94	0
22,95	0
22,96	0
22,99	0
23	0
23,03	0
23,04	0
23,05	0
23,06	0
23,07	0
23,08	0
23,09	0
23,1	0
23,11	0
23,12	0
23,13	0
23,14	0
23,15	0
23,16	0
23,18	0
23,21	0
23,22	0
23,23	0
23,24	0
23,25	0
23,26	0
23,27	0
23,28	0
23,29	0
23,3	0
23,31	0
23,32	0
23,33	0
23,34	0
23,38	0
23,4	0
23,42	0
23,43	0
23,44	0
23,45	0
23,47	0
23,48	0
23,5	0
23,51	0
23,52	0
23,53	0
23,54	0
23,55	0
23,56	0
23,58	0
23,59	0
23,6	0
23,61	0
23,63	0
23,64	0
23,65	0
23,66	0
23,67	0
23,68	0
23,69	0
23,72	0
23,73	0
23,74	0
23,75	0
23,76	0
23,77	0
23,78	0
23,79	0
23,81	0
23,82	0
23,83	0
23,84	0
23,85	0
23,86	0
23,87	0
23,88	0
23,89	0
23,92	0
23,93	0
23,94	0
23,95	0
23,96	0
23,97	0
23,98	0
23,99	0
24	0
24,01	0
24,02	0
24,03	0
24,04	0
24,05	0
24,06	0
24,07	0
24,08	0
24,12	0
24,13	0
24,14	0
24,15	0
24,16	0
24,17	0
24,18	0
24,19	0
24,2	0
24,21	0
24,22	0
24,25	0
24,27	0
24,28	0
24,29	0
24,3	0
24,31	0
24,33	0
24,34	0
24,35	0
24,36	0
24,4	0
24,42	0
24,43	0
24,44	0
24,45	0
24,46	0
24,47	0
24,48	0
24,49	0
24,5	0
24,51	0
24,52	0
24,53	0
24,56	0
24,57	0
24,58	0
24,59	0
24,6	0
24,61	0
24,62	0
24,63	0
24,64	0
24,65	0
24,66	0
24,67	0
24,68	0
24,69	0
24,7	0
24,71	0
24,74	0
24,75	0
24,76	0
24,77	0
24,78	0
24,79	0
24,8	0
24,81	0
24,82	0
24,83	0
24,84	0
24,85	0
24,86	0
24,87	0
24,9	0
24,92	0
24,93	0
24,94	0
24,95	0
24,96	0
24,97	0
24,98	0
24,99	0
25	0
25,01	0
25,03	0
25,05	0
25,06	0
25,07	0
25,08	0
25,09	0
25,11	0
25,12	0
25,13	0
25,14	0
25,15	0
25,16	0
25,17	0
25,18	0
25,2	0
25,22	0
25,23	0
25,24	0
25,25	0
25,26	0
25,27	0
25,29	0
25,3	0
25,31	0
25,32	0
25,33	0
25,36	0
25,39	0
25,4	0
25,41	0
25,42	0
25,43	0
25,44	0
25,45	0
25,46	0
25,47	0
25,48	0
25,49	0
25,5	0
25,53	0
25,55	0
25,56	0
25,57	0
25,58	0
25,59	0
25,6	0
25,61	0
25,62	0
25,63	0
25,64	0
25,65	0
25,69	0
25,7	0
25,71	0
25,72	0
25,73	0
25,74	0
25,75	0
25,76	0
25,78	0
25,79	0
25,8	0
25,83	0
25,86	0
25,87	0
25,88	0
25,89	0
25,9	0
25,91	0
25,92	0
25,93	0
25,94	0
25,95	0
25,96	0
25,97	0
25,98	0
25,99	0
26	0
26,04	0
26,05	0
26,06	0
26,08	0
26,09	0
26,1	0
26,11	0
26,12	0
26,13	0
26,14	0
26,17	0
26,19	0
26,21	0
26,22	0
26,23	0
26,24	0
26,25	0
26,26	0
26,27	0
26,28	0
26,29	0
26,3	0
26,31	0
26,32	0
26,33	0
26,34	0
26,35	0
26,36	0
26,37	0
26,41	0
26,43	0
26,45	0
26,47	0
26,48	0
26,49	0
26,5	0
26,51	0
26,52	0
26,56	0
26,57	0
26,58	0
26,59	0
26,6	0
26,61	0
26,62	0
26,64	0
26,65	0
26,66	0
26,67	0
26,68	0
26,69	0
26,7	0
26,71	0
26,72	0
26,73	0
26,74	0
26,75	0
26,76	0
26,77	0
26,78	0
26,79	0
26,83	0
26,84	0
26,85	0
26,87	0
26,88	0
26,89	0
26,91	0
26,93	0
26,94	0
26,95	0
26,96	0
26,97	0
27,01	0
27,02	0
27,03	0
27,04	0
27,05	0
27,06	0
27,07	0
27,08	0
27,09	0
27,1	0
27,13	0
27,15	0
27,16	0
27,17	0
27,18	0
27,19	0
27,2	0
27,23	0
27,24	0
27,25	0
27,26	0
27,27	0
27,29	0
27,31	0
27,32	0
27,34	0
27,35	0
27,36	0
27,37	0
27,38	0
27,39	0
27,4	0
27,41	0
27,42	0
27,44	0
27,45	0
27,46	0
27,47	0
27,48	0
27,49	0
27,5	0
27,51	0
27,52	0
27,53	0
27,55	0
27,59	0
27,61	0
27,65	0
27,67	0
27,68	0
27,69	0
27,7	0
27,71	0
27,74	0
27,76	0
27,77	0
27,78	0
27,79	0
27,8	0
27,81	0
27,82	0
27,85	0
27,86	0
27,87	0
27,88	0
27,89	0
27,91	0
27,92	0
27,93	0
27,94	0
27,95	0
27,96	0
27,97	0
27,98	0
28,01	0
28,03	0
28,05	0
28,07	0
28,08	0
28,09	0
28,1	0
28,11	0
28,13	0
28,14	0
28,15	0
28,16	0
28,17	0
28,18	0
28,19	0
28,2	0,0030303
28,21	0,0030303
28,23	0,0060606
28,26	0,0121212
28,27	0,0181818
28,28	0,0181818
28,29	0,0212121
28,3	0,0242424
28,31	0,030303
28,32	0,030303
28,34	0,0333333
28,35	0,0363636
28,36	0,0363636
28,37	0,0363636
28,38	0,0393939
28,39	0,0393939
28,4	0,0454545
28,41	0,0484848
28,43	0,0515151
28,44	0,0515151
28,45	0,0575757
28,46	0,0575757
28,47	0,060606
28,49	0,06363642
28,51	0,06969702
28,52	0,07272732
28,53	0,07272732
28,54	0,07878792
28,55	0,08484852
28,56	0,08484852
28,57	0,09393942
28,58	0,1
28,62	0,1242424
28,63	0,1242424
28,64	0,1242424
28,65	0,1424242
28,66	0,1575757
28,67	0,1575757
28,68	0,1909091
28,69	0,1909091
28,71	0,2090909
28,72	0,2242424
28,73	0,2242424
28,74	0,2424242
28,75	0,2575758
28,76	0,2575758
28,79	0,2939394
28,82	0,3272728
28,84	0,3272728
28,85	0,3606061
28,86	0,3606061
28,87	0,3606061
28,88	0,3757576
28,89	0,3939394
28,9	0,3939394
28,91	0,4090909
28,95	0,4454546
28,96	0,4454546
28,97	0,4606061
28,98	0,4787879
28,99	0,4787879
29	0,4939394
29,01	0,4939394
29,03	0,5121212
29,04	0,5272727
29,05	0,5454545
29,06	0,5454545
29,07	0,560606
29,08	0,5787879
29,13	0,6121212
29,14	0,6121212
29,15	0,6454545
29,16	0,6454545
29,17	0,6636363
29,18	0,6636363
29,19	0,6636363
29,2	0,6787878
29,21	0,6969697
29,22	0,7121212
29,23	0,7121212
29,24	0,730303
29,25	0,7484848
29,26	0,7484848
29,27	0,7636364
29,28	0,7818182
29,29	0,7818182
29,3	0,7969697
29,33	0,7969697
29,35	0,7969697
29,36	0,7969697
29,37	0,7969697
29,38	0,7969697
29,39	0,8151516
29,4	0,8151516
29,43	0,8303031
29,44	0,8484849
29,45	0,8636364
29,46	0,8636364
29,47	0,8636364
29,48	0,9
29,49	0,9
29,5	0,9151515
29,52	0,9333333
29,53	0,9454546
29,54	0,9454546
29,55	0,9454546
29,56	0,969697
29,6	0,969697
29,61	0,9848485
29,62	0,9939394
29,63	0,9939394
29,64	1
29,65	1
29,66	1
29,67	1
29,7	1
29,71	1
29,72	1
29,73	1
29,76	1
29,78	1
29,79	1
29,8	1
29,81	1
29,82	1
29,83	1
29,84	1
29,86	1
29,87	1
29,88	1
29,89	1
29,92	1
29,94	1
29,95	1
29,96	1
29,97	1
29,98	1
29,99	1
30	1
30,01	1
30,02	1
30,03	1
30,04	1
30,05	1
30,06	1
30,1	1
30,12	1
30,13	1
30,14	1
30,15	1
30,16	1
30,17	1
30,18	1
30,19	1
30,2	1
30,22	1
30,23	1
30,24	1
30,25	1
30,26	1
30,27	1
30,28	1
30,29	1
30,3	1
30,31	1
30,32	1
30,33	1
30,37	1
30,38	1
30,39	1
30,4	1
30,41	1
30,42	1
30,43	1
30,44	1
30,45	1
30,46	1
30,47	1
30,48	1
30,49	1
30,5	1
30,51	1
30,52	1
30,53	1
30,56	1
30,59	1
30,6	1
30,61	1
30,62	1
30,63	1
30,64	1
30,66	1
30,67	1
30,68	1
30,72	1
30,73	1
30,74	1
30,76	1
30,77	1
30,78	1
30,79	1
30,8	1
30,82	1
30,83	1
30,84	1
30,85	1
30,86	1
30,87	1
30,88	1
30,89	1
30,9	1
30,91	1
30,92	1
30,93	1
30,94	1
30,95	1
30,96	1
30,97	1
30,98	1
31	1
31,01	1
31,02	1
31,03	1
31,04	1
31,05	1
31,07	1
31,08	1
31,09	1
31,1	1
31,11	1
31,12	1
31,13	1
31,14	1
31,17	1
31,18	1
31,19	1
31,2	1
31,21	1
31,23	1
31,24	1
31,25	1
31,26	1
31,27	1
31,28	1
31,29	1
31,3	1
31,33	1
31,35	1
31,36	1
31,37	1
31,38	1
31,4	1
31,41	1
31,42	1
31,43	1
31,44	1
31,48	1
31,49	1
31,5	1
31,51	1
31,52	1
31,53	1
31,54	1
31,55	1
31,56	1
31,57	1
31,58	1
31,59	1
31,6	1
31,61	1
31,62	1
31,63	1
31,64	1
31,68	1
31,71	1
31,72	1
31,73	1
31,74	1
31,75	1
31,76	1
31,79	1
31,8	1
31,81	1
31,82	1
31,83	1
31,84	1
31,85	1
31,86	1
31,87	1
31,88	1
31,89	1
31,9	1
31,91	1
31,92	1
31,93	1
31,96	1
31,97	1
31,98	1
31,99	1
32	1
32,01	1
32,02	1
32,03	1
32,04	1
32,05	1
32,06	1
32,07	1
32,11	1
32,14	1
32,15	1
32,16	1
32,17	1
32,18	1
32,19	1
32,2	1
32,21	1
32,22	1
32,23	1
32,24	1
32,27	1
32,28	1
32,29	1
32,3	1
32,31	1
32,32	1
32,33	1
32,34	1
32,36	1
32,37	1
32,38	1
32,39	1
32,4	1
32,43	1
32,46	1
32,48	1
32,5	1
32,51	1
32,52	1
32,53	1
32,54	1
32,55	1
32,56	1
32,57	1
32,58	1
32,6	1
32,61	1
32,62	1
32,63	1
32,64	1
32,65	1
32,66	1
32,67	1
32,68	1
32,69	1
32,7	1
32,71	1
32,72	1
32,73	1
32,75	1
32,77	1
32,79	1
32,81	1
32,82	1
32,83	1
32,84	1
32,85	1
32,86	1
32,87	1
32,88	1
32,89	1
32,9	1
32,91	1
32,92	1
32,93	1
32,96	1
32,97	1
32,98	1
32,99	1
33	1
33,01	1
33,02	1
33,04	1
33,05	1
33,06	1
33,07	1
33,11	1
33,12	1
33,13	1
33,14	1
33,15	1
33,16	1
33,18	1
33,19	1
33,2	1
33,21	1
33,22	1
33,23	1
33,24	1
33,25	1
33,26	1
33,29	1
33,31	1
33,32	1
33,33	1
33,34	1
33,35	1
33,36	1
33,37	1
33,38	1
33,39	1
33,4	1
33,41	1
33,44	1
33,46	1
33,47	1
33,48	1
33,49	1
33,5	1
33,51	1
33,52	1
33,53	1
33,54	1
33,55	1
33,56	1
33,61	1
33,63	1
33,64	1
33,65	1
33,66	1
33,67	1
33,68	1
33,69	1
33,71	1
33,72	1
33,73	1
33,74	1
33,75	1
33,78	1
33,79	1
33,8	1
33,83	1
33,84	1
33,85	1
33,86	1
33,87	1
33,88	1
33,89	1
33,9	1
33,91	1
33,93	1
33,94	1
33,95	1
33,96	1
33,97	1
33,98	1
33,99	1
34	1
34,01	1
34,02	1
34,03	1
34,04	1
34,07	1
34,08	1
34,09	1
34,1	1
34,11	1
34,13	1
34,14	1
34,15	1
34,16	1
34,18	1
34,2	1
34,21	1
34,22	1
34,23	1
34,24	1
34,25	1
34,26	1
34,27	1
34,28	1
34,29	1
34,3	1
34,31	1
34,32	1
34,33	1
34,34	1
34,35	1
34,36	1
34,37	1
34,41	1
34,43	1
34,44	1
34,45	1
34,46	1
34,47	1
34,48	1
34,49	1
34,52	1
34,55	1
34,56	1
34,57	1
34,58	1
34,59	1
34,6	1
34,61	1
34,62	1
34,63	1
34,64	1
34,65	1
34,66	1
34,68	1
34,69	1
34,7	1
34,71	1
34,72	1
34,73	1
34,74	1
34,75	1
34,76	1
34,77	1
34,78	1
34,79	1
34,8	1
34,83	1
34,85	1
34,86	1
34,87	1
34,88	1
34,89	1
34,91	1
34,92	1
34,93	1
34,94	1
34,95	1
34,96	1
34,97	1
34,98	1
35,01	1
35,03	1
35,04	1
35,06	1
35,07	1
35,08	1
35,09	1
35,1	1
35,11	1
35,12	1
35,16	1
35,17	1
35,18	1
35,19	1
35,2	1
35,21	1
35,22	1
35,23	1
35,24	1
35,25	1
35,26	1
35,27	1
35,28	1
35,29	1
35,3	1
35,33	1
35,34	1
35,35	1
35,36	1
35,37	1
35,38	1
35,39	1
35,4	1
35,41	1
35,42	1
35,43	1
35,44	1
35,46	1
35,47	1
35,53	1
35,57	1
35,58	1
35,59	1
35,6	1
35,61	1
35,62	1
35,63	1
35,64	1
35,65	1
35,66	1
35,67	1
35,68	1
35,69	1
35,7	1
35,71	1
35,72	1
35,73	1
35,74	1
35,76	1
35,79	1
35,8	1
35,81	1
35,84	1
35,86	1
35,89	1
35,9	1
35,91	1
35,92	1
35,93	1
35,94	1
35,95	1
35,96	1
35,97	1
35,98	1
35,99	1
36	1
36,01	1
36,02	1
36,06	1
36,08	1
36,09	1
36,1	1
36,11	1
36,12	1
36,13	1
36,14	1
36,15	1
36,16	1
36,17	1
36,2	1
36,22	1
36,23	1
36,24	1
36,25	1
36,26	1
36,27	1
36,28	1
36,29	1
36,3	1
36,31	1
36,32	1
36,35	1
36,37	1
36,38	1
36,39	1
36,4	1
36,42	1
36,43	1
36,44	1
36,45	1
36,46	1
36,47	1
36,48	1
36,49	1
36,52	1
36,54	1
36,55	1
36,56	1
36,57	1
36,59	1
36,6	1
36,61	1
36,62	1
36,63	1
36,64	1
36,68	1
36,69	1
36,7	1
36,71	1
36,72	1
36,73	1
36,74	1
36,75	1
36,76	1
36,77	1
36,78	1
36,79	1
36,8	1
36,81	1
36,82	1
36,87	1
36,88	1
36,89	1
36,91	1
36,92	1
36,93	1
36,94	1
36,95	1
36,96	1
36,97	1
36,98	1
36,99	1
37,04	1
37,06	1
37,08	1
37,09	1
37,1	1
37,11	1
37,16	1
37,18	1
37,19	1
37,2	1
37,21	1
37,22	1
37,23	1
37,24	1
37,25	1
37,26	1
37,27	1
37,28	1
37,29	1
37,3	1
37,31	1
37,32	1
37,33	1
37,34	1
37,35	1
37,36	1
37,37	1
37,38	1
37,39	1
37,4	1
37,41	1
37,44	1
37,47	1
37,49	1
37,5	1
37,51	1
37,53	1
37,54	1
37,55	1
37,56	1
37,57	1
37,59	1
37,6	1
37,61	1
37,62	1
37,64	1
37,65	1
37,66	1
37,67	1
37,68	1
37,69	1
37,7	1
37,71	1
37,75	1
37,76	1
37,77	1
37,78	1
37,79	1
37,82	1
37,83	1
37,84	1
37,85	1
37,86	1
37,87	1
37,88	1
37,89	1
37,91	1
37,92	1
37,93	1
37,94	1
37,95	1
37,96	1
37,97	1
37,99	1
38,01	1
38,02	1
38,03	1
38,06	1
38,08	1
38,1	1
38,11	1
38,12	1
38,13	1
38,14	1
38,15	1
38,16	1
38,19	1
38,2	1
38,21	1
38,22	1
38,23	1
38,24	1
38,25	1
38,26	1
38,27	1
38,28	1
38,29	1
38,3	1
38,31	1
38,32	1
38,33	1
38,34	1
38,35	1
38,36	1
38,37	1
38,38	1
38,39	1
38,4	1
38,42	1
38,43	1
38,44	1
38,45	1
38,46	1
38,47	1
38,48	1
38,5	1
38,52	1
38,53	1
38,54	1
38,55	1
38,56	1
38,57	1
38,58	1
38,59	1
38,6	1
38,64	1
38,67	1
38,68	1
38,69	1
38,7	1
38,71	1
38,72	1
38,74	1
38,76	1
38,77	1
38,78	1
38,79	1
38,8	1
38,81	1
38,82	1
38,83	1
38,84	1
38,85	1
38,86	1
38,87	1
38,88	1
38,89	1
38,9	1
38,91	1
38,93	1
38,96	1
38,97	1
38,98	1
38,99	1
39,01	1
39,02	1
39,03	1
39,04	1
39,05	1
39,07	1
39,08	1
39,09	1
39,1	1
39,11	1
39,12	1
39,13	1
39,14	1
39,15	1
39,16	1
39,17	1
39,19	1
39,2	1
39,21	1
39,22	1
39,24	1
39,25	1
39,26	1
39,28	1
39,29	1
39,32	1
39,34	1
39,35	1
39,36	1
39,37	1
39,38	1
39,39	1
39,4	1
39,42	1
39,44	1
39,45	1
39,46	1
39,47	1
39,48	1
39,52	1
39,53	1
39,54	1
39,55	1
39,56	1
39,57	1
39,58	1
39,59	1
39,6	1
39,61	1
39,63	1
39,65	1
39,67	1
39,68	1
39,69	1
39,7	1
39,71	1
39,72	1
39,73	1
39,75	1
39,76	1
39,77	1
39,78	1
39,79	1
39,8	1
39,81	1
39,82	1
39,83	1
39,84	1
39,85	1
39,86	1
39,87	1
39,88	1
39,91	1
39,94	1
39,96	1
39,97	1
39,99	1
40	1
40,02	1
40,03	1
40,04	1
40,05	1
40,06	1
40,07	1
40,08	1
40,09	1
40,1	1
40,11	1
40,12	1
40,13	1
40,14	1
40,15	1
40,16	1
40,17	1
40,18	1
40,19	1
40,2	1
40,22	1
40,23	1
40,24	1
40,25	1
40,26	1
40,29	1
40,3	1
40,31	1
40,32	1
40,33	1
40,36	1
40,37	1
40,4	1
40,41	1
40,42	1
40,43	1
40,44	1
40,45	1
40,46	1
40,47	1
40,48	1
40,49	1
40,52	1
40,53	1
40,54	1
40,55	1
40,57	1
40,58	1
40,59	1
40,6	1
40,61	1
40,63	1
40,64	1
40,65	1
40,66	1
40,67	1
40,68	1
40,7	1
40,72	1
40,73	1
40,74	1
40,75	1
40,76	1
40,78	1
40,79	1
40,8	1
40,81	1
40,82	1
40,83	1
40,84	1
40,88	1
40,89	1
40,9	1
40,91	1
40,92	1
40,93	1
40,94	1
40,95	1
40,96	1
40,97	1
40,98	1
40,99	1
41	1
41,01	1
41,03	1
41,04	1
41,05	1
41,07	1
41,08	1
41,09	1
41,1	1
41,12	1
41,13	1
41,14	1
41,15	1
41,16	1
41,17	1
41,2	1
41,21	1
41,22	1
41,23	1
41,27	1
41,28	1
41,29	1
41,3	1
41,31	1
41,32	1
41,35	1
41,36	1
41,37	1
41,38	1
41,39	1
41,4	1
41,41	1
41,44	1
41,46	1
41,47	1
41,48	1
41,49	1
41,5	1
41,51	1
41,52	1
41,53	1
41,56	1
41,58	1
41,59	1
41,6	1
41,61	1
41,62	1
41,63	1
41,64	1
41,66	1
41,68	1
41,7	1
41,71	1
41,72	1
41,73	1
41,74	1
41,75	1
41,76	1
41,79	1
41,8	1
41,82	1
41,83	1
41,84	1
41,85	1
41,86	1
41,87	1
41,88	1
41,89	1
41,9	1
41,91	1
41,92	1
41,96	1
41,98	1
42	1
42,02	1
42,04	1
42,05	1
42,07	1
42,08	1
42,09	1
42,1	1
42,11	1
42,13	1
42,14	1
42,15	1
42,16	1
42,17	1
42,18	1
42,2	1
42,21	1
42,22	1
42,23	1
42,24	1
42,27	1
42,29	1
42,3	1
42,31	1
42,32	1
42,33	1
42,34	1
42,35	1
42,37	1
42,38	1
42,39	1
42,4	1
42,41	1
42,42	1
42,43	1
42,44	1
42,45	1
42,46	1
42,47	1
42,5	1
42,52	1
42,53	1
42,55	1
42,56	1
42,57	1
42,58	1
42,59	1
42,6	1
42,61	1
42,63	1
42,64	1
42,65	1
42,66	1
42,67	1
42,7	1
42,72	1
42,73	1
42,74	1
42,75	1
42,76	1
42,78	1
42,79	1
42,8	1
42,81	1
42,82	1
42,83	1
42,84	1
42,86	1
42,87	1
42,88	1
42,9	1
42,91	1
42,92	1
42,93	1
42,94	1
42,96	1
42,97	1
42,98	1
42,99	1
43	1
43,01	1
43,03	1
43,05	1
43,06	1
43,07	1
43,08	1
43,09	1
43,1	1
43,11	1
43,12	1
43,13	1
43,14	1
43,15	1
43,16	1
43,17	1
43,24	1
43,27	1
43,28	1
43,29	1
43,3	1
43,31	1
43,32	1
43,33	1
43,34	1
43,35	1
43,38	1
43,4	1
43,41	1
43,42	1
43,43	1
43,44	1
43,45	1
43,46	1
43,47	1
43,48	1
43,49	1
43,5	1
43,53	1
43,54	1
43,55	1
43,56	1
43,57	1
43,58	1
43,59	1
43,6	1
43,61	1
43,62	1
43,67	1
43,68	1
43,69	1
43,7	1
43,71	1
43,72	1
43,75	1
43,76	1
43,77	1
43,78	1
43,79	1
43,8	1
43,81	1
43,83	1
43,84	1
43,85	1
43,86	1
43,87	1
43,88	1
43,89	1
43,9	1
43,91	1
43,92	1
43,93	1
43,94	1
43,97	1
43,98	1
43,99	1
44	1
44,01	1
44,02	1
44,03	1
44,04	1
44,05	1
44,06	1
44,07	1
44,08	1
44,09	1
44,1	1
44,12	1
44,13	1
44,14	1
44,15	1
44,16	1
44,17	1
44,2	1
44,23	1
44,24	1
44,25	1
44,26	1
44,27	1
44,28	1
44,29	1
44,3	1
44,31	1
44,34	1
44,35	1
44,36	1
44,37	1
44,38	1
44,39	1
44,4	1
44,41	1
44,42	1
44,45	1
44,47	1
44,48	1
44,49	1
44,5	1
44,51	1
44,52	1
44,56	1
44,57	1
44,58	1
44,59	1
44,6	1
44,61	1
44,62	1
44,63	1
44,64	1
44,65	1
44,68	1
44,7	1
44,74	1
44,75	1
44,76	1
44,77	1
44,78	1
44,79	1
44,8	1
44,81	1
44,82	1
44,83	1
44,84	1
44,85	1
44,86	1
44,88	1
44,9	1
44,91	1
44,92	1
44,93	1
44,96	1
44,97	1
44,98	1
44,99	1
45	1
45,01	1
45,03	1
45,04	1
45,05	1
45,06	1
45,07	1
45,08	1
45,09	1
45,1	1
45,12	1
45,13	1
45,14	1
45,15	1
45,16	1
45,17	1
45,18	1
45,21	1
45,22	1
45,23	1
45,24	1
45,25	1
45,26	1
45,27	1
45,28	1
45,3	1
45,32	1
45,34	1
45,35	1
45,36	1
45,37	1
45,38	1
45,39	1
45,4	1
45,41	1
45,43	1
45,44	1
45,45	1
45,46	1
45,47	1
45,48	1
45,5	1
45,51	1
45,52	1
45,54	1
45,55	1
45,56	1
45,59	1
45,6	1
45,61	1
45,62	1
45,63	1
45,64	1
45,65	1
45,67	1
45,68	1
45,69	1
45,7	1
45,71	1
45,72	1
45,73	1
45,74	1
45,75	1
45,77	1
45,78	1
45,79	1
45,8	1
45,82	1
45,84	1
45,85	1
45,86	1
45,87	1
45,88	1
45,89	1
45,9	1
45,93	1
45,96	1
45,97	1
45,98	1
45,99	1
46,03	1
46,04	1
46,05	1
46,06	1
46,07	1
46,09	1
46,1	1
46,11	1
46,12	1
46,13	1
46,14	1
46,15	1
46,16	1
46,17	1
46,18	1
46,19	1
46,22	1
46,23	1
46,24	1
46,25	1
46,26	1
46,27	1
46,28	1
46,29	1
46,3	1
46,33	1
46,35	1
46,37	1
46,38	1
46,39	1
46,4	1
46,42	1
46,45	1
46,46	1
46,47	1
46,48	1
46,49	1
46,5	1
46,51	1
46,52	1
46,53	1
46,56	1
46,58	1
46,59	1
46,6	1
46,61	1
46,62	1
46,63	1
46,64	1
46,67	1
46,69	1
46,7	1
46,71	1
46,74	1
46,75	1
46,77	1
46,78	1
46,79	1
46,8	1
46,81	1
46,82	1
46,83	1
46,84	1
46,85	1
46,87	1
46,88	1
46,89	1
46,9	1
46,91	1
46,92	1
46,93	1
46,94	1
46,95	1
46,96	1
46,98	1
47	1
47,02	1
47,03	1
47,04	1
47,05	1
47,06	1
47,07	1
47,08	1
47,09	1
47,11	1
47,13	1
47,15	1
47,16	1
47,17	1
47,18	1
47,19	1
47,2	1
47,21	1
47,24	1
47,27	1
47,28	1
47,29	1
47,3	1
47,31	1
47,32	1
47,33	1
47,34	1
47,36	1
47,41	1
47,42	1
47,43	1
47,44	1
47,45	1
47,48	1
47,51	1
47,52	1
47,53	1
47,54	1
47,55	1
47,56	1
47,57	1
47,59	1
47,6	1
47,61	1
47,62	1
47,63	1
47,64	1
47,65	1
47,67	1
47,7	1
47,72	1
47,74	1
47,77	1
47,78	1
47,79	1
47,8	1
47,81	1
47,82	1
47,83	1
47,84	1
47,86	1
47,87	1
47,88	1
47,9	1
47,91	1
47,92	1
47,93	1
47,94	1
47,95	1
47,97	1
47,99	1
48	1
48,02	1
48,06	1
48,07	1
48,09	1
48,12	1
48,13	1
48,14	1
48,16	1
48,18	1
48,19	1
48,2	1
48,21	1
48,23	1
48,24	1
48,25	1
48,26	1
48,27	1
48,28	1
48,29	1
48,3	1
48,32	1
48,34	1
48,35	1
48,37	1
48,39	1
48,4	1
48,41	1
48,42	1
48,43	1
48,44	1
48,45	1
48,46	1
48,5	1
48,52	1
48,55	1
48,56	1
48,57	1
48,58	1
48,6	1
48,61	1
48,62	1
48,63	1
48,64	1
48,65	1
48,66	1
48,67	1
48,68	1
48,69	1
48,71	1
48,75	1
48,79	1
48,8	1
48,81	1
48,83	1
48,85	1
48,86	1
48,87	1
48,88	1
48,92	1
48,94	1
48,95	1
48,97	1
48,98	1
48,99	1
49	1
49,01	1
49,02	1
49,03	1
49,04	1
49,05	1
49,06	1
49,07	1
49,08	1
49,1	1
49,13	1
49,15	1
49,17	1
49,21	1
49,22	1
49,23	1
49,24	1
49,26	1
49,28	1
49,29	1
49,3	1
49,31	1
49,32	1
49,33	1
49,35	1
49,38	1
49,39	1
49,4	1
49,41	1
49,42	1
49,43	1
49,44	1
49,46	1
49,47	1
49,49	1
49,51	1
49,53	1
49,55	1
49,56	1
49,57	1
49,59	1
49,61	1
49,62	1
49,63	1
49,64	1
49,66	1
49,69	1
49,7	1
49,71	1
49,72	1
49,73	1
49,75	1
49,76	1
49,77	1
49,78	1
49,79	1
49,8	1
49,81	1
49,82	1
49,83	1
49,84	1
49,86	1
49,88	1
49,9	1
49,93	1
49,94	1
49,95	1
49,96	1
49,97	1
50,01	1
50,02	1
50,03	1
50,05	1
50,06	1
50,07	1
50,09	1
50,1	1
50,11	1
50,12	1
50,13	1
50,14	1
50,15	1
50,16	1
50,17	1
50,18	1
50,19	1
50,2	1
50,21	1
50,22	1
50,23	1
50,24	1
50,25	1
50,26	1
50,27	1
50,28	1
50,29	1
50,31	1
50,33	1
50,37	1
50,39	1
50,4	1
50,41	1
50,42	1
50,43	1
50,44	1
50,46	1
50,47	1
50,48	1
50,49	1
50,5	1
50,51	1
50,52	1
50,54	1
50,55	1
50,57	1
50,59	1
50,61	1
50,62	1
50,63	1
50,64	1
50,66	1
50,68	1
50,69	1
50,7	1
50,71	1
50,72	1
50,76	1
50,78	1
50,79	1
50,8	1
50,81	1
50,82	1
50,84	1
50,86	1
50,87	1
50,88	1
50,89	1
50,9	1
50,93	1
50,94	1
50,95	1
50,96	1
51,01	1
51,02	1
51,03	1
51,04	1
51,05	1
51,06	1
51,07	1
51,08	1
51,09	1
51,1	1
51,11	1
51,12	1
51,13	1
51,14	1
51,15	1
51,16	1
51,19	1
51,2	1
51,23	1
51,25	1
51,28	1
51,29	1
51,32	1
51,34	1
51,36	1
51,37	1
51,39	1
51,4	1
51,41	1
51,42	1
51,43	1
51,44	1
51,45	1
51,46	1
51,47	1
51,48	1
51,49	1
51,5	1
51,51	1
51,52	1
51,53	1
51,54	1
51,55	1
51,56	1
51,57	1
51,58	1
51,6	1
51,62	1
51,64	1
51,65	1
51,66	1
51,67	1
51,69	1
51,7	1
51,71	1
51,72	1
51,73	1
51,74	1
51,75	1
51,76	1
51,77	1
51,78	1
51,79	1
51,8	1
51,81	1
51,82	1
51,83	1
51,84	1
51,85	1
51,86	1
51,89	1
51,9	1
51,91	1
51,93	1
51,94	1
51,95	1
51,96	1
51,98	1
52,01	1
52,02	1
52,03	1
52,04	1
52,05	1
52,06	1
52,07	1
52,08	1
52,09	1
52,11	1
52,15	1
52,16	1
52,17	1
52,2	1
52,21	1
52,22	1
52,23	1
52,24	1
52,25	1
52,26	1
52,27	1
52,28	1
52,29	1
52,31	1
52,32	1
52,33	1
52,34	1
52,35	1
52,36	1
52,37	1
52,38	1
52,39	1
52,4	1
52,43	1
52,46	1
52,47	1
52,48	1
52,5	1
52,51	1
52,53	1
52,54	1
52,55	1
52,56	1
52,57	1
52,58	1
52,59	1
52,61	1
52,63	1
52,64	1
52,65	1
52,66	1
52,67	1
52,69	1
52,7	1
52,71	1
52,72	1
52,73	1
52,75	1
52,76	1
52,78	1
52,79	1
52,8	1
52,81	1
52,82	1
52,83	1
52,84	1
52,85	1
52,87	1
52,88	1
52,89	1
52,91	1
52,92	1
52,93	1
52,94	1
52,96	1
52,97	1
52,98	1
52,99	1
53	1
53,01	1
53,02	1
53,03	1
53,04	1
53,05	1
53,06	1
53,07	1
53,08	1
53,09	1
53,1	1
53,11	1
53,12	1
53,15	1
53,17	1
53,18	1
53,19	1
53,2	1
53,21	1
53,22	1
53,23	1
53,24	1
53,25	1
53,26	1
53,27	1
53,28	1
53,29	1
53,3	1
53,31	1
53,32	1
53,35	1
53,37	1
53,39	1
53,4	1
53,41	1
53,42	1
53,43	1
53,44	1
53,45	1
53,46	1
53,47	1
53,5	1
53,51	1
53,52	1
53,53	1
53,54	1
53,55	1
53,56	1
53,57	1
53,58	1
53,59	1
53,61	1
53,62	1
53,65	1
53,67	1
53,68	1
53,69	1
53,7	1
53,71	1
53,72	1
53,73	1
53,74	1
53,75	1
53,76	1
53,77	1
53,78	1
53,81	1
53,83	1
53,86	1
53,87	1
53,88	1
53,89	1
53,9	1
53,91	1
53,92	1
53,93	1
53,94	1
53,95	1
53,97	1
53,98	1
53,99	1
54	1
54,01	1
54,03	1
54,04	1
54,05	1
54,06	1
54,07	1
54,08	1
54,1	1
54,12	1
54,13	1
54,16	1
54,18	1
54,19	1
54,2	1
54,21	1
54,22	0,9939394
54,23	0,9787879
54,24	0,9666667
54,25	0,9666667
54,26	0,9545455
54,27	0,9424243
54,28	0,9424243
54,29	0,930303
54,3	0,930303
54,34	0,8909091
54,39	0,8515152
54,4	0,8515152
54,41	0,8272728
54,42	0,8272728
54,43	0,8151516
54,44	0,8151516
54,45	0,8151516
54,46	0,8
54,47	0,8
54,48	0,7878788
54,49	0,7757576
54,5	0,7757576
54,51	0,7757576
54,52	0,7484848
54,58	0,7
54,59	0,7
54,6	0,7
54,61	0,6848484
54,62	0,6848484
54,63	0,6727272
54,64	0,660606
54,65	0,6484848
54,66	0,6484848
54,67	0,6333333
54,68	0,6212121
54,69	0,6090909
54,71	0,6090909
54,72	0,6
54,73	0,5909091
54,74	0,5818182
54,75	0,5818182
54,76	0,5787879
54,77	0,5787879
54,78	0,5787879
54,81	0,5727273
54,82	0,5727273
54,83	0,5727273
54,85	0,5727273
54,87	0,5727273
54,89	0,5727273
54,9	0,5727273
54,91	0,5727273
54,93	0,5727273
54,94	0,5727273
54,95	0,5727273
54,96	0,5727273
54,99	0,5727273
55	0,5727273
55,01	0,5727273
55,02	0,5727273
55,03	0,5727273
55,04	0,5727273
55,05	0,5727273
55,06	0,5727273
55,09	0,5727273
55,1	0,5727273
55,11	0,5727273
55,12	0,5727273
55,13	0,5727273
55,15	0,5727273
55,17	0,5727273
55,18	0,5727273
55,19	0,5727273
55,2	0,5727273
55,21	0,5727273
55,22	0,5727273
55,23	0,5727273
55,24	0,5727273
55,25	0,5727273
55,26	0,5727273
55,27	0,5727273
55,28	0,5727273
55,29	0,5727273
55,3	0,5727273
55,31	0,5727273
55,34	0,5727273
55,35	0,5727273
55,39	0,5727273
55,4	0,5727273
55,41	0,5727273
55,43	0,5727273
55,44	0,5727273
55,45	0,5727273
55,46	0,5727273
55,47	0,5727273
55,48	0,5727273
55,49	0,5727273
55,5	0,5727273
55,51	0,5727273
55,52	0,5727273
55,53	0,5727273
55,54	0,5727273
55,55	0,5727273
55,56	0,5727273
55,57	0,5727273
55,58	0,5727273
55,62	0,5727273
55,67	0,5727273
55,68	0,5727273
55,69	0,5727273
55,7	0,5727273
55,71	0,5727273
55,75	0,5727273
55,77	0,5727273
55,78	0,5727273
55,79	0,5727273
55,8	0,5727273
55,81	0,5727273
55,82	0,5727273
55,83	0,5727273
55,84	0,5727273
55,87	0,5727273
55,88	0,5727273
55,89	0,5727273
55,9	0,5727273
55,91	0,5727273
55,94	0,5727273
55,96	0,5727273
55,98	0,5727273
55,99	0,5727273
56	0,5727273
56,01	0,5727273
56,02	0,5727273
56,03	0,5727273
56,04	0,5727273
56,07	0,5727273
56,09	0,5727273
56,1	0,5727273
56,11	0,5727273
56,12	0,5727273
56,13	0,5727273
56,14	0,5727273
56,15	0,5727273
56,16	0,5727273
56,17	0,5727273
56,18	0,5727273
56,19	0,5727273
56,2	0,5727273
56,21	0,5727273
56,22	0,5727273
56,23	0,5727273
56,24	0,5727273
56,25	0,5727273
56,3	0,5727273
56,31	0,5727273
56,32	0,5727273
56,33	0,5727273
56,34	0,5727273
56,35	0,5727273
56,36	0,5727273
56,37	0,5727273
56,38	0,5727273
56,39	0,5727273
56,4	0,5727273
56,41	0,5727273
56,44	0,5727273
56,46	0,5727273
56,47	0,5727273
56,48	0,5727273
56,49	0,5727273
56,5	0,5727273
56,52	0,5727273
56,53	0,5727273
56,54	0,5727273
56,55	0,5727273
56,56	0,5727273
56,57	0,5727273
56,58	0,5727273
56,59	0,5727273
56,6	0,5727273
56,61	0,5727273
56,65	0,5727273
56,66	0,5727273
56,68	0,5727273
56,69	0,5727273
56,7	0,5727273
56,71	0,5727273
56,72	0,5727273
56,76	0,5727273
56,78	0,5727273
56,8	0,5727273
56,81	0,5727273
56,82	0,5727273
56,83	0,5727273
56,84	0,5727273
56,85	0,5727273
56,86	0,5727273
56,87	0,5727273
56,88	0,5727273
56,89	0,5727273
56,9	0,5727273
56,91	0,5727273
56,92	0,5727273
56,93	0,5727273
56,94	0,5727273
56,96	0,5727273
56,97	0,5727273
56,98	0,5727273
57,04	0,5727273
57,05	0,5727273
57,07	0,5727273
57,08	0,5727273
57,09	0,5727273
57,1	0,5727273
57,11	0,5727273
57,12	0,5727273
57,13	0,5727273
57,16	0,5727273
57,19	0,5727273
57,2	0,5727273
57,21	0,5727273
57,22	0,5727273
57,23	0,5727273
57,24	0,5727273
57,25	0,5727273
57,26	0,5727273
57,27	0,5727273
57,29	0,5727273
57,31	0,5727273
57,32	0,5727273
57,33	0,5727273
57,34	0,5727273
57,35	0,5727273
57,39	0,5727273
57,4	0,5727273
57,41	0,5727273
57,43	0,5727273
57,44	0,5727273
57,45	0,5727273
57,46	0,5727273
57,47	0,5727273
57,51	0,5727273
57,52	0,5727273
57,53	0,5727273
57,54	0,5727273
57,55	0,5727273
57,56	0,5727273
57,57	0,5727273
57,58	0,5727273
57,59	0,5727273
57,64	0,5727273
57,65	0,5727273
57,67	0,5727273
57,68	0,5727273
57,69	0,5727273
57,7	0,5727273
57,71	0,5727273
57,73	0,5727273
57,74	0,5727273
57,75	0,5727273
57,76	0,5727273
57,79	0,5727273
57,8	0,5727273
57,81	0,5727273
57,82	0,5727273
57,83	0,5727273
57,84	0,5727273
57,85	0,5727273
57,86	0,5727273
57,87	0,5727273
57,88	0,5727273
57,89	0,5727273
57,9	0,5727273
57,91	0,5727273
57,92	0,5727273
57,93	0,5727273
57,94	0,5727273
57,95	0,5727273
57,96	0,5727273
57,97	0,5727273
58	0,5727273
58,02	0,5727273
58,03	0,5727273
58,04	0,5727273
58,05	0,5727273
58,06	0,5727273
58,07	0,5727273
58,08	0,5727273
58,09	0,5727273
58,1	0,5727273
58,11	0,5727273
58,12	0,5727273
58,13	0,5727273
58,14	0,5727273
58,17	0,5727273
58,19	0,5727273
58,2	0,5727273
58,21	0,5727273
58,22	0,5727273
58,23	0,5727273
58,25	0,5727273
58,26	0,5727273
58,27	0,5727273
58,28	0,5727273
58,29	0,5727273
58,3	0,5727273
58,31	0,5727273
58,32	0,5727273
58,33	0,5727273
58,34	0,5727273
58,35	0,5727273
58,36	0,5727273
58,39	0,5727273
58,42	0,5727273
58,47	0,5727273
58,5	0,5727273
58,51	0,5727273
58,52	0,5727273
58,53	0,5727273
58,54	0,5727273
58,55	0,5727273
58,56	0,5727273
58,59	0,5727273
58,6	0,5727273
58,61	0,5727273
58,62	0,5727273
58,63	0,5727273
58,64	0,5727273
58,65	0,5727273
58,66	0,5727273
58,67	0,5727273
58,68	0,5727273
58,69	0,5727273
58,7	0,5727273
58,71	0,5727273
58,72	0,5727273
58,73	0,5727273
58,75	0,5727273
58,76	0,5727273
58,78	0,5727273
58,79	0,5727273
58,8	0,5727273
58,85	0,5727273
58,87	0,5727273
58,88	0,5727273
58,89	0,5727273
58,9	0,5727273
58,91	0,5727273
58,92	0,5727273
58,93	0,5727273
58,95	0,5727273
58,96	0,5727273
58,97	0,5727273
58,98	0,5727273
58,99	0,5727273
59	0,5727273
59,01	0,5727273
59,03	0,5727273
59,05	0,5727273
59,06	0,5727273
59,07	0,5727273
59,08	0,5727273
59,09	0,5727273
59,13	0,5727273
59,14	0,5727273
59,15	0,5727273
59,16	0,5727273
59,18	0,5727273
59,19	0,5727273
59,2	0,5727273
59,21	0,5727273
59,22	0,5727273
59,23	0,5727273
59,24	0,5727273
59,25	0,5727273
59,26	0,5727273
59,27	0,5727273
59,28	0,5727273
59,3	0,5727273
59,31	0,5727273
59,32	0,5727273
59,33	0,5727273
59,34	0,5727273
59,35	0,5727273
59,38	0,5727273
59,39	0,5727273
59,41	0,5727273
59,42	0,5727273
59,43	0,5727273
59,44	0,5727273
59,45	0,5727273
59,46	0,5727273
59,47	0,5727273
59,48	0,5727273
59,49	0,5727273
59,5	0,5727273
59,51	0,5727273
59,54	0,5727273
59,55	0,5727273
59,56	0,5727273
59,57	0,5727273
59,59	0,5727273
59,6	0,5727273
59,61	0,5727273
59,62	0,5727273
59,63	0,5727273
59,64	0,5727273
59,65	0,5727273
59,68	0,5727273
59,69	0,5727273
59,7	0,5727273
59,71	0,5727273
59,72	0,5727273
59,73	0,5727273
59,74	0,5727273
59,75	0,5727273
59,76	0,5727273
59,77	0,5727273
59,79	0,5727273
59,8	0,5727273
59,81	0,5727273
59,82	0,5727273
59,83	0,5727273
59,85	0,5727273
59,86	0,5727273
59,87	0,5727273
59,88	0,5727273
59,89	0,5727273
59,92	0,5727273
59,94	0,5727273
59,95	0,5727273
59,96	0,5727273
59,97	0,5727273
59,98	0,5727273
59,99	0,5727273
60	0,5727273
60,01	0,5727273
60,02	0,5727273
60,05	0,5727273
60,07	0,5727273
60,09	0,5727273
60,11	0,5727273
60,13	0,5727273
60,14	0,5727273
60,15	0,5727273
60,16	0,5727273
60,17	0,5727273
60,18	0,5727273
60,19	0,5727273
60,2	0,5727273
60,21	0,5727273
60,23	0,5727273
60,25	0,5727273
60,26	0,5727273
60,27	0,5727273
60,28	0,5727273
60,29	0,5727273
60,31	0,5727273
60,32	0,5727273
60,33	0,5727273
60,34	0,5727273
60,35	0,5727273
60,36	0,5727273
60,37	0,5727273
60,38	0,5727273
60,39	0,5727273
60,41	0,5727273
60,45	0,5727273
60,47	0,5727273
60,5	0,5787879
60,51	0,5787879
60,52	0,5818182
60,53	0,5878788
60,54	0,5878788
60,55	0,5969697
60,56	0,6030303
60,57	0,6030303
60,58	0,6121212
60,61	0,630303
60,64	0,6484848
60,66	0,6575757
60,67	0,6666666
60,68	0,6666666
60,71	0,6848484
60,72	0,6848484
60,73	0,6939394
60,74	0,6939394
60,75	0,7060606
60,76	0,7151515
60,77	0,7151515
60,78	0,7242424
60,79	0,7333333
60,8	0,7333333
60,81	0,7333333
60,85	0,7515152
60,87	0,769697
60,88	0,769697
60,89	0,7787879
60,9	0,7787879
60,91	0,7878788
60,92	0,7878788
60,93	0,8060606
60,94	0,8060606
60,95	0,8151516
60,98	0,8242425
61,01	0,8424243
61,02	0,8424243
61,05	0,8424243
61,07	0,8636364
61,08	0,8636364
61,09	0,8636364
61,1	0,8818182
61,11	0,8818182
61,15	0,9
61,16	0,9
61,17	0,9
61,18	0,9060606
61,19	0,9060606
61,2	0,9060606
61,21	0,9121212
61,22	0,9121212
61,23	0,9121212
61,24	0,9121212
61,25	0,9121212
61,26	0,9121212
61,27	0,9121212
61,28	0,9121212
61,29	0,9121212
61,33	0,9121212
61,34	0,9121212
61,36	0,9121212
61,38	0,9121212
61,39	0,9121212
61,4	0,9121212
61,41	0,9121212
61,42	0,9121212
61,44	0,9121212
61,45	0,9121212
61,46	0,9121212
61,47	0,9121212
61,48	0,9121212
61,49	0,9121212
61,5	0,9121212
61,51	0,9121212
61,52	0,9121212
61,53	0,9121212
61,54	0,9121212
61,57	0,9121212
61,58	0,9121212
61,59	0,9121212
61,6	0,9121212
61,62	0,9121212
61,63	0,9121212
61,64	0,9121212
61,65	0,9121212
61,66	0,9121212
61,67	0,9121212
61,68	0,9121212
61,69	0,9121212
61,73	0,9121212
61,76	0,9121212
61,77	0,9121212
61,78	0,9121212
61,79	0,9121212
61,81	0,9121212
61,82	0,9121212
61,83	0,9121212
61,84	0,9121212
61,85	0,9121212
61,86	0,9121212
61,87	0,9121212
61,88	0,9121212
61,89	0,9121212
61,9	0,9121212
61,92	0,9121212
61,96	0,9121212
61,98	0,9121212
61,99	0,9121212
62	0,9121212
62,02	0,9121212
62,03	0,9121212
62,04	0,9121212
62,06	0,9121212
62,07	0,9121212
62,08	0,9121212
62,09	0,9121212
62,1	0,9121212
62,11	0,9121212
62,12	0,9121212
62,13	0,9121212
62,14	0,9121212
62,15	0,9121212
62,16	0,9121212
62,17	0,9121212
62,18	0,9121212
62,19	0,9121212
62,2	0,9121212
62,23	0,9121212
62,24	0,9121212
62,25	0,9121212
62,26	0,9121212
62,27	0,9121212
62,28	0,9121212
62,29	0,9121212
62,3	0,9121212
62,31	0,9121212
62,32	0,9121212
62,33	0,9121212
62,35	0,9121212
62,36	0,9121212
62,37	0,9121212
62,39	0,9121212
62,4	0,9121212
62,41	0,9121212
62,42	0,9121212
62,43	0,9121212
62,44	0,9121212
62,45	0,9121212
62,46	0,9121212
62,47	0,9121212
62,48	0,9121212
62,49	0,9121212
62,51	0,9121212
62,52	0,9121212
62,54	0,9121212
62,55	0,9121212
62,56	0,9121212
62,57	0,9121212
62,6	0,9121212
62,62	0,9121212
62,64	0,9121212
62,65	0,9121212
62,66	0,9121212
62,67	0,9121212
62,68	0,9121212
62,69	0,9121212
62,7	0,9121212
62,71	0,9121212
62,72	0,9121212
62,73	0,9121212
62,74	0,9121212
62,75	0,9121212
62,76	0,9121212
62,77	0,9121212
62,8	0,9121212
62,82	0,9121212
62,83	0,9121212
62,84	0,9121212
62,85	0,9121212
62,87	0,9121212
62,88	0,9121212
62,89	0,9121212
62,9	0,9121212
62,91	0,9121212
62,92	0,9121212
62,96	0,9121212
62,97	0,9121212
62,98	0,9121212
62,99	0,9121212
63	0,9121212
63,01	0,9121212
63,02	0,9121212
63,03	0,9121212
63,04	0,9121212
63,05	0,9121212
63,06	0,9121212
63,07	0,9121212
63,08	0,9121212
63,09	0,9121212
63,14	0,9121212
63,15	0,9121212
63,16	0,9121212
63,17	0,9121212
63,18	0,9121212
63,19	0,9121212
63,2	0,9121212
63,21	0,9121212
63,22	0,9121212
63,23	0,9121212
63,24	0,9121212
63,25	0,9121212
63,26	0,9121212
63,3	0,9121212
63,32	0,9121212
63,33	0,9121212
63,34	0,9121212
63,36	0,9121212
63,37	0,9121212
63,38	0,9121212
63,39	0,9121212
63,4	0,9121212
63,43	0,9121212
63,45	0,9121212
63,46	0,9121212
63,47	0,9121212
63,48	0,9121212
63,49	0,9121212
63,5	0,9121212
63,52	0,9121212
63,53	0,9121212
63,54	0,9121212
63,55	0,9121212
63,56	0,9121212
63,57	0,9121212
63,58	0,9121212
63,59	0,9121212
63,6	0,9121212
63,61	0,9121212
63,62	0,9121212
63,63	0,9121212
63,66	0,9121212
63,7	0,9121212
63,72	0,9121212
63,74	0,9121212
63,75	0,9121212
63,76	0,9121212
63,77	0,9121212
63,78	0,9121212
63,79	0,9121212
63,8	0,9121212
63,81	0,9121212
63,82	0,9121212
63,84	0,9121212
63,85	0,9121212
63,86	0,9121212
63,87	0,9121212
63,88	0,9121212
63,89	0,9121212
63,9	0,9121212
63,91	0,9121212
63,92	0,9121212
63,93	0,9121212
63,94	0,9121212
63,95	0,9121212
63,96	0,9121212
63,97	0,9121212
64	0,9121212
64,02	0,9121212
64,04	0,9121212
64,05	0,9121212
64,06	0,9121212
64,07	0,9121212
64,08	0,9121212
64,09	0,9121212
64,1	0,9121212
64,11	0,9121212
64,12	0,9121212
64,13	0,9121212
64,14	0,9121212
64,15	0,9121212
64,16	0,9121212
64,17	0,9121212
64,18	0,9121212
64,19	0,9121212
64,2	0,9121212
64,21	0,9121212
64,22	0,9121212
64,23	0,9121212
64,25	0,9121212
64,26	0,9121212
64,27	0,9121212
64,28	0,9121212
64,29	0,9121212
64,3	0,9121212
64,31	0,9121212
64,32	0,9121212
64,33	0,9121212
64,36	0,9121212
64,39	0,9121212
64,4	0,9121212
64,43	0,9121212
64,51	0,9121212
64,52	0,9121212
64,53	0,9121212
64,54	0,9121212
64,55	0,9121212
64,56	0,9121212
64,57	0,9121212
64,58	0,9121212
64,59	0,9121212
64,6	0,9121212
64,61	0,9121212
64,62	0,9121212
64,63	0,9121212
64,64	0,9121212
64,65	0,9121212
64,66	0,9121212
64,67	0,9121212
64,68	0,9121212
64,69	0,9121212
64,7	0,9121212
64,72	0,9121212
64,75	0,9121212
64,77	0,9121212
64,78	0,9121212
64,79	0,9121212
64,8	0,9121212
64,81	0,9121212
64,82	0,9121212
64,83	0,9121212
64,84	0,9121212
64,86	0,9121212
64,87	0,9121212
64,88	0,9121212
64,89	0,9121212
64,9	0,9121212
64,91	0,9121212
64,92	0,9121212
64,95	0,9121212
64,97	0,9121212
64,99	0,9121212
65,01	0,9121212
65,02	0,9121212
65,04	0,9121212
65,05	0,9121212
65,06	0,9121212
65,07	0,9121212
65,08	0,9121212
65,13	0,9121212
65,14	0,9121212
65,15	0,9121212
65,16	0,9121212
65,18	0,9121212
65,2	0,9121212
65,21	0,9121212
65,22	0,9121212
65,23	0,9121212
65,24	0,9121212
65,27	0,9121212
65,28	0,9121212
65,29	0,9121212
65,3	0,9121212
65,31	0,9121212
65,32	0,9121212
65,33	0,9121212
65,34	0,9121212
65,35	0,9121212
65,36	0,9121212
65,37	0,9121212
65,38	0,9121212
65,4	0,9121212
65,42	0,9121212
65,45	0,9121212
65,47	0,9121212
65,48	0,9121212
65,49	0,9121212
65,51	0,9121212
65,52	0,9121212
65,53	0,9121212
65,54	0,9121212
65,55	0,9121212
65,56	0,9121212
65,58	0,9121212
65,6	0,9121212
65,61	0,9121212
65,62	0,9121212
65,63	0,9121212
65,64	0,9121212
65,65	0,9121212
65,66	0,9121212
65,67	0,9121212
65,7	0,9121212
65,71	0,9121212
65,72	0,9121212
65,73	0,9121212
65,74	0,9121212
65,75	0,9121212
65,76	0,9121212
65,78	0,9121212
65,8	0,9121212
65,81	0,9121212
65,83	0,9121212
65,84	0,9121212
65,85	0,9121212
65,86	0,9121212
65,87	0,9121212
65,88	0,9121212
65,89	0,9121212
65,9	0,9121212
65,91	0,9121212
65,92	0,9121212
65,93	0,9121212
65,94	0,9121212
65,95	0,9121212
65,98	0,9121212
66,01	0,9121212
66,02	0,9121212
66,03	0,9121212
66,04	0,9121212
66,06	0,9121212
66,07	0,9121212
66,08	0,9121212
66,09	0,9121212
66,1	0,9121212
66,11	0,9121212
66,12	0,9121212
66,13	0,9121212
66,14	0,9121212
66,15	0,9121212
66,17	0,9121212
66,18	0,9121212
66,19	0,9121212
66,2	0,9121212
66,21	0,9121212
66,24	0,9121212
66,25	0,9121212
66,26	0,9121212
66,27	0,9121212
66,3	0,9121212
66,31	0,9121212
66,32	0,9121212
66,33	0,9121212
66,34	0,9121212
66,35	0,9121212
66,36	0,9121212
66,37	0,9121212
66,38	0,9121212
66,39	0,9121212
66,4	0,9121212
66,41	0,9121212
66,42	0,9121212
66,43	0,9121212
66,44	0,9121212
66,45	0,9121212
66,46	0,9121212
66,47	0,9121212
66,48	0,9121212
66,49	0,9121212
66,52	0,9121212
66,54	0,9121212
66,58	0,9121212
66,59	0,9121212
66,6	0,9121212
66,61	0,9121212
66,62	0,9121212
66,63	0,9121212
66,64	0,9121212
66,67	0,9121212
66,69	0,9121212
66,7	0,9121212
66,71	0,9121212
66,73	0,9121212
66,74	0,9121212
66,75	0,9121212
66,76	0,9121212
66,77	0,9121212
66,78	0,9121212
66,79	0,9121212
66,8	0,9121212
66,81	0,9121212
66,82	0,9121212
66,83	0,9121212
66,84	0,9121212
66,88	0,9121212
66,92	0,9121212
66,94	0,9121212
66,95	0,9121212
66,96	0,9121212
66,97	0,9121212
66,98	0,9121212
66,99	0,9121212
67	0,9121212
67,01	0,9121212
67,02	0,9121212
67,03	0,9121212
67,04	0,9121212
67,05	0,9121212
67,06	0,9121212
67,07	0,9121212
67,08	0,9121212
67,09	0,9121212
67,11	0,9121212
67,13	0,9121212
67,15	0,9121212
67,17	0,9121212
67,19	0,9121212
67,21	0,9121212
67,22	0,9121212
67,23	0,9121212
67,24	0,9121212
67,25	0,9121212
67,26	0,9121212
67,27	0,9121212
67,28	0,9121212
67,29	0,9121212
67,3	0,9121212
67,31	0,9121212
67,32	0,9121212
67,33	0,9121212
67,34	0,9121212
67,35	0,9121212
67,39	0,9121212
67,4	0,9121212
67,41	0,9121212
67,42	0,9121212
67,44	0,9121212
67,46	0,9121212
67,47	0,9121212
67,48	0,9121212
67,49	0,9121212
67,5	0,9121212
67,51	0,9121212
67,52	0,9121212
67,55	0,9121212
67,57	0,9121212
67,58	0,9121212
67,59	0,9121212
67,6	0,9121212
67,61	0,9121212
67,62	0,9121212
67,63	0,9121212
67,64	0,9121212
67,65	0,9121212
67,66	0,9121212
67,67	0,9121212
67,71	0,9121212
67,75	0,9121212
67,76	0,9121212
67,77	0,9121212
67,78	0,9121212
67,79	0,9121212
67,81	0,9121212
67,82	0,9121212
67,83	0,9121212
67,84	0,9121212
67,85	0,9121212
67,86	0,9121212
67,87	0,9121212
67,88	0,9121212
67,91	0,9121212
67,92	0,9121212
67,93	0,9121212
67,95	0,9121212
67,96	0,9121212
67,97	0,9121212
67,99	0,9121212
68	0,9121212
68,02	0,9121212
68,03	0,9121212
68,04	0,9121212
68,05	0,9121212
68,06	0,9121212
68,08	0,9121212
68,09	0,9121212
68,1	0,9121212
68,11	0,9121212
68,12	0,9121212
68,13	0,9121212
68,14	0,9121212
68,15	0,9121212
68,16	0,9121212
68,17	0,9121212
68,18	0,9121212
68,19	0,9121212
68,2	0,9121212
68,21	0,9121212
68,22	0,9121212
68,23	0,9121212
68,24	0,9121212
68,25	0,9121212
68,26	0,9121212
68,27	0,9121212
68,28	0,9121212
68,29	0,9121212
68,31	0,9121212
68,36	0,9121212
68,38	0,9121212
68,39	0,9121212
68,4	0,9121212
68,41	0,9121212
68,42	0,9121212
68,43	0,9121212
68,44	0,9121212
68,45	0,9121212
68,46	0,9121212
68,47	0,9121212
68,48	0,9121212
68,49	0,9121212
68,52	0,9121212
68,55	0,9121212
68,57	0,9121212
68,58	0,9121212
68,59	0,9121212
68,6	0,9121212
68,61	0,9121212
68,63	0,9121212
68,64	0,9121212
68,66	0,9121212
68,67	0,9121212
68,68	0,9121212
68,69	0,9121212
68,71	0,9121212
68,72	0,9121212
68,73	0,9121212
68,74	0,9121212
68,75	0,9121212
68,76	0,9121212
68,77	0,9121212
68,78	0,9121212
68,79	0,9121212
68,8	0,9121212
68,81	0,9121212
68,82	0,9121212
68,83	0,9121212
68,84	0,9121212
68,86	0,9121212
68,87	0,9121212
68,88	0,9121212
68,89	0,9121212
68,9	0,9121212
68,91	0,9121212
68,92	0,9121212
68,93	0,9121212
68,94	0,9121212
68,95	0,9121212
68,96	0,9121212
68,97	0,9121212
68,98	0,9121212
68,99	0,9121212
69	0,9121212
69,03	0,9121212
69,04	0,9121212
69,05	0,9121212
69,07	0,9121212
69,08	0,9121212
69,09	0,9121212
69,1	0,9121212
69,11	0,9121212
69,12	0,9121212
69,13	0,9121212
69,14	0,9121212
69,15	0,9121212
69,16	0,9121212
69,17	0,9121212
69,18	0,9121212
69,19	0,9121212
69,2	0,9121212
69,21	0,9121212
69,22	0,9121212
69,25	0,9121212
69,26	0,9121212
69,27	0,9121212
69,28	0,9121212
69,29	0,9121212
69,3	0,9121212
69,32	0,9121212
69,34	0,9121212
69,35	0,9121212
69,36	0,9121212
69,37	0,9121212
69,38	0,9121212
69,39	0,9121212
69,4	0,9121212
69,41	0,9121212
69,42	0,9121212
69,43	0,9121212
69,44	0,9121212
69,45	0,9121212
69,46	0,9121212
69,47	0,9121212
69,48	0,9121212
69,51	0,9121212
69,56	0,9121212
69,57	0,9121212
69,58	0,9121212
69,59	0,9121212
69,61	0,9121212
69,62	0,9121212
69,63	0,9121212
69,65	0,9121212
69,67	0,9121212
69,68	0,9121212
69,69	0,9121212
69,7	0,9121212
69,71	0,9121212
69,72	0,9121212
69,73	0,9121212
69,74	0,9121212
69,75	0,9121212
69,76	0,9121212
69,77	0,9121212
69,78	0,9121212
69,79	0,9121212
69,8	0,9121212
69,81	0,9121212
69,83	0,9121212
69,84	0,9121212
69,85	0,9121212
69,86	0,9121212
69,87	0,9121212
69,88	0,9121212
69,91	0,9060606
69,93	0,9
69,95	0,8939394
69,96	0,8909091
69,97	0,8909091
69,98	0,8909091
69,99	0,8878788
70,01	0,8787879
70,03	0,8757576
70,04	0,8727273
70,05	0,8727273
70,07	0,8666667
70,08	0,8636364
70,09	0,8606061
70,1	0,8606061
70,11	0,8545455
70,12	0,8545455
70,13	0,8484849
70,15	0,8424243
70,16	0,8424243
70,17	0,839394
70,18	0,839394
70,19	0,8363637
70,2	0,8333334
70,21	0,8333334
70,22	0,8272728
70,24	0,8212122
70,25	0,8212122
70,26	0,8212122
70,27	0,8151516
70,29	0,8121212
70,31	0,8090909
70,32	0,8090909
70,33	0,8090909
70,34	0,8030303
70,35	0,8
70,37	0,7969697
70,38	0,7969697
70,39	0,7909091
70,4	0,7878788
70,41	0,7878788
70,42	0,7878788
70,45	0,7787879
70,46	0,7757576
70,47	0,7757576
70,48	0,7727273
70,49	0,7727273
70,5	0,769697
70,51	0,769697
70,52	0,7636364
70,55	0,7575758
70,56	0,7515152
70,58	0,7515152
70,59	0,7515152
70,6	0,7515152
70,61	0,7515152
70,62	0,7454545
70,63	0,7454545
70,64	0,7393939
70,66	0,7363636
70,67	0,7333333
70,68	0,7333333
70,69	0,7272727
70,7	0,7242424
70,71	0,7242424
70,72	0,7212121
70,74	0,7212121
70,76	0,7121212
70,77	0,7121212
70,78	0,7090909
70,79	0,7060606
70,8	0,7060606
70,82	0,6969697
70,83	0,6969697
70,84	0,6939394
70,85	0,6939394
70,86	0,6939394
70,87	0,6939394
70,88	0,6939394
70,89	0,6939394
70,9	0,6939394
70,91	0,6939394
70,92	0,6939394
70,97	0,6939394
70,98	0,6939394
70,99	0,6939394
71	0,6939394
71,02	0,6939394
71,03	0,6939394
71,04	0,6939394
71,05	0,6939394
71,06	0,6939394
71,07	0,6939394
71,08	0,6939394
71,13	0,6939394
71,14	0,6939394
71,15	0,6939394
71,16	0,6939394
71,17	0,6939394
71,18	0,6939394
71,19	0,6939394
71,2	0,6939394
71,21	0,6939394
71,22	0,6939394
71,23	0,6939394
71,24	0,6939394
71,25	0,6939394
71,26	0,6939394
71,27	0,6939394
71,28	0,6939394
71,3	0,6939394
71,31	0,6939394
71,33	0,6939394
71,34	0,6939394
71,35	0,6939394
71,36	0,6939394
71,37	0,6939394
71,38	0,6939394
71,39	0,6939394
71,42	0,6939394
71,44	0,6939394
71,45	0,6939394
71,46	0,6939394
71,47	0,6939394
71,48	0,6939394
71,49	0,6939394
71,5	0,6939394
71,51	0,6939394
71,52	0,6939394
71,53	0,6939394
71,54	0,6939394
71,55	0,6939394
71,56	0,6939394
71,57	0,6939394
71,58	0,6939394
71,61	0,6939394
71,63	0,6939394
71,64	0,6939394
71,65	0,6939394
71,67	0,6939394
71,68	0,6939394
71,69	0,6939394
71,7	0,6939394
71,71	0,6939394
71,74	0,6939394
71,76	0,6939394
71,77	0,6939394
71,78	0,6939394
71,79	0,6939394
71,81	0,6939394
71,82	0,6939394
71,83	0,6939394
71,84	0,6939394
71,85	0,6939394
71,86	0,6939394
71,87	0,6939394
71,88	0,6939394
71,89	0,6939394
71,9	0,6939394
71,93	0,6939394
71,95	0,6939394
71,96	0,6939394
71,97	0,6939394
71,98	0,6939394
71,99	0,6939394
72	0,6939394
72,01	0,6939394
72,02	0,6939394
72,03	0,6939394
72,04	0,6939394
72,05	0,6939394
72,06	0,6939394
72,07	0,6939394
72,1	0,6939394
72,11	0,6939394
72,12	0,6939394
72,13	0,6939394
72,14	0,6939394
72,15	0,6939394
72,16	0,6939394
72,17	0,6939394
72,18	0,6939394
72,19	0,6939394
72,2	0,6939394
72,21	0,6939394
72,24	0,6939394
72,27	0,6878788
72,29	0,6757575
72,31	0,6636363
72,33	0,6515151
72,34	0,6212121
72,35	0,6212121
72,36	0,5939394
72,37	0,5636364
72,39	0,5363636
72,4	0,5060606
72,41	0,5060606
72,42	0,4787879
72,43	0,4484849
72,44	0,4484849
72,45	0,4484849
72,46	0,3909091
72,47	0,3909091
72,48	0,3606061
72,49	0,3606061
72,5	0,3333334
72,51	0,3030303
72,54	0,2757576
72,58	0,1878788
72,61	0,130303
72,65	0,07272732
72,67	0,0424242
72,69	-0,0151515
72,7	-0,0151515
72,71	-0,0151515
72,72	-0,04242426
72,74	-0,07272726
72,75	-0,07272726
72,76	-0,1
72,77	-0,130303
72,79	-0,1575758
72,8	-0,1878788
72,81	-0,1878788
72,83	-0,2181818
72,85	-0,2757576
72,86	-0,2757576
72,87	-0,3030303
72,88	-0,3030303
72,89	-0,3333333
72,9	-0,3606061
72,92	-0,3606061
72,94	-0,4393939
72,95	-0,4393939
72,97	-0,4393939
72,99	-0,4393939
73	-0,4666666
73,01	-0,4666666
73,02	-0,4666666
73,03	-0,4666666
73,04	-0,469697
73,05	-0,469697
73,07	-0,4727273
73,09	-0,4727273
73,1	-0,4727273
73,11	-0,4727273
73,12	-0,4727273
73,13	-0,4727273
73,15	-0,4727273
73,16	-0,4727273
73,18	-0,4727273
73,19	-0,4727273
73,2	-0,4727273
73,21	-0,4727273
73,22	-0,4727273
73,23	-0,4727273
73,24	-0,4727273
73,25	-0,4727273
73,26	-0,4727273
73,27	-0,4727273
73,28	-0,4727273
73,29	-0,4727273
73,32	-0,4727273
73,34	-0,4727273
73,37	-0,4727273
73,38	-0,4727273
73,39	-0,4727273
73,4	-0,4727273
73,41	-0,4727273
73,42	-0,4727273
73,43	-0,4727273
73,44	-0,4727273
73,45	-0,4727273
73,46	-0,4727273
73,48	-0,4727273
73,49	-0,4727273
73,5	-0,4727273
73,52	-0,4727273
73,53	-0,4727273
73,54	-0,4727273
73,55	-0,4727273
73,56	-0,4727273
73,57	-0,4727273
73,58	-0,4727273
73,59	-0,4727273
73,6	-0,4727273
73,61	-0,4727273
73,62	-0,4727273
73,63	-0,4727273
73,64	-0,4727273
73,65	-0,4727273
73,66	-0,4727273
73,67	-0,4727273
73,69	-0,4727273
73,7	-0,4727273
73,72	-0,4727273
73,73	-0,4727273
73,74	-0,4727273
73,75	-0,4727273
73,76	-0,4727273
73,77	-0,4727273
73,78	-0,4727273
73,79	-0,4727273
73,8	-0,4727273
73,81	-0,4727273
73,82	-0,4727273
73,83	-0,4727273
73,84	-0,4727273
73,85	-0,4727273
73,86	-0,4727273
73,87	-0,4727273
73,88	-0,4727273
73,89	-0,4727273
73,92	-0,4727273
73,93	-0,4727273
73,94	-0,4727273
73,97	-0,4727273
73,98	-0,4727273
73,99	-0,4727273
74	-0,4727273
74,01	-0,4727273
74,02	-0,4727273
74,03	-0,4727273
74,04	-0,4727273
74,06	-0,4727273
74,08	-0,4727273
74,09	-0,4727273
74,1	-0,4727273
74,11	-0,4727273
74,12	-0,4727273
74,13	-0,4727273
74,14	-0,4727273
74,15	-0,4727273
74,16	-0,4727273
74,17	-0,4727273
74,18	-0,4727273
74,19	-0,4727273
74,21	-0,4727273
74,22	-0,4727273
74,23	-0,4727273
74,25	-0,4727273
74,29	-0,4727273
74,3	-0,4727273
74,32	-0,4727273
74,33	-0,4727273
74,34	-0,4727273
74,35	-0,4727273
74,36	-0,4727273
74,37	-0,4727273
74,39	-0,4727273
74,4	-0,4727273
74,41	-0,4727273
74,42	-0,4727273
74,43	-0,4727273
74,44	-0,4727273
74,46	-0,4727273
74,47	-0,4727273
74,49	-0,4727273
74,51	-0,4727273
74,52	-0,4727273
74,53	-0,4727273
74,54	-0,4727273
74,56	-0,4727273
74,57	-0,4666666
74,58	-0,4515151
74,59	-0,4515151
74,6	-0,4515151
74,61	-0,4393939
74,62	-0,4393939
74,63	-0,4393939
74,65	-0,4393939
74,67	-0,4030303
74,7	-0,2878788
74,71	-0,2878788
74,72	-0,2272727
74,73	-0,1666667
74,74	-0,1666667
74,75	-0,1090909
74,78	0,0121212
74,79	0,0121212
74,81	0,06969702
74,82	0,130303
74,83	0,1909091
74,84	0,1909091
74,85	0,2484848
74,86	0,2484848
74,87	0,3090909
74,88	0,369697
74,89	0,369697
74,92	0,369697
74,94	0,4272727
74,96	0,4272727
74,98	0,4272727
74,99	0,4878788
75	0,4878788
75,01	0,5454545
75,02	0,5454545
75,03	0,6060606
75,05	0,6060606
75,06	0,6666666
75,07	0,6666666
75,08	0,6666666
75,09	0,6666666
75,1	0,7242424
75,11	0,7242424
75,12	0,7848485
75,13	0,7848485
75,15	0,8454546
75,16	0,9030303
75,17	0,9030303
75,18	0,9636364
75,19	1
75,2	1
75,21	1
75,22	1
75,24	1
75,25	1
75,26	1
75,27	1
75,28	1
75,29	1
75,3	1
75,31	1
75,32	1
75,33	1
75,34	1
75,35	1
75,36	1
75,37	1
75,4	1
75,41	1
75,42	1
75,43	1
75,44	1
75,46	1
75,47	1
75,48	1
75,49	1
75,5	1
75,51	1
75,52	1
75,53	1
75,54	1
75,55	1
75,56	1
75,57	1
75,58	1
75,59	1
75,6	1
75,61	1
75,62	1
75,63	1
75,64	1
75,65	1
75,66	1
75,67	1
75,68	1
75,71	1
75,75	1
75,76	1
75,77	1
75,78	1
75,79	1
75,8	1
75,83	1
75,84	1
75,85	1
75,86	1
75,87	1
75,88	1
75,89	1
75,9	1
75,91	1
75,92	1
75,93	1
75,94	1
75,95	1
75,96	1
75,97	1
75,98	1
75,99	1
76	1
76,01	1
76,02	1
76,05	1
76,06	1
76,08	1
76,09	1
76,1	1
76,11	1
76,13	1
76,15	1
76,16	1
76,17	1
76,18	1
76,19	1
76,2	1
76,21	1
76,22	1
76,23	1
76,24	1
76,25	1
76,27	1
76,28	1
76,29	1
76,3	1
76,31	1
76,33	1
76,35	1
76,36	1
76,37	1
76,38	1
76,39	1
76,4	1
76,41	1
76,42	1
76,43	1
76,44	1
76,45	1
76,46	1
76,48	1
76,49	1
76,5	1
76,51	1
76,52	1
76,53	1
76,54	1
76,55	1
76,56	1
76,57	1
76,58	1
76,59	1
76,6	1
76,63	1
76,64	1
76,65	1
76,67	1
76,7	1
76,71	1
76,72	1
76,73	1
76,75	1
76,76	1
76,77	1
76,78	1
76,79	1
76,8	1
76,81	1
76,82	1
76,83	1
76,84	1
76,86	1
76,89	1
76,91	1
76,92	1
76,93	1
76,94	1
76,95	1
76,96	1
76,97	1
76,98	1
76,99	1
77,01	1
77,03	1
77,04	1
77,05	1
77,06	1
77,07	1
77,08	1
77,1	1
77,11	1
77,12	1
77,13	1
77,14	1
77,15	1
77,17	1
77,18	1
77,19	1
77,2	1
77,21	1
77,23	1
77,25	1
77,26	1
77,27	1
77,28	1
77,29	1
77,31	1
77,33	1
77,34	1
77,35	1
77,36	1
77,37	1
77,38	1
77,39	1
77,4	1
77,41	1
77,42	1
77,43	1
77,45	1
77,46	1
77,47	1
77,5	1
77,51	1
77,52	1
77,54	1
77,56	1
77,57	1
77,58	1
77,59	1
77,6	1
77,63	1
77,64	1
77,65	1
77,66	1
77,67	1
77,68	1
77,69	1
77,7	1
77,71	1
77,73	1
77,74	1
77,75	1
77,76	1
77,77	1
77,8	1
77,81	1
77,82	1
77,83	1
77,86	1
77,87	1
77,89	1
77,91	1
77,92	1
77,93	1
77,94	1
77,95	1
77,96	1
77,99	1
78,01	1
78,02	1
78,03	1
78,04	1
78,05	1
78,06	1
78,07	1
78,08	1
78,09	1
78,1	1
78,13	1
78,15	1
78,16	1
78,18	1
78,19	1
78,2	1
78,22	1
78,24	1
78,25	1
78,26	1
78,27	1
78,28	1
78,29	1
78,3	1
78,31	1
78,32	1
78,33	1
78,34	1
78,35	1
78,36	1
78,37	1
78,38	1
78,39	1
78,4	1
78,41	1
78,42	1
78,45	1
78,49	1
78,5	1
78,51	1
78,52	1
78,53	1
78,54	1
78,55	1
78,56	1
78,57	1
78,58	1
78,61	1
78,63	1
78,64	1
78,65	1
78,67	1
78,68	1
78,69	1
78,7	1
78,71	1
78,72	1
78,73	1
78,74	1
78,76	1
78,77	1
78,78	1
78,79	1
78,8	1
78,81	1
78,82	1
78,83	1
78,86	1
78,9	1
78,91	1
78,92	1
78,94	1
78,95	1
78,96	1
78,97	1
78,98	1
78,99	1
79	1
79,01	1
79,02	1
79,03	1
79,05	1
79,07	1
79,08	1
79,09	1
79,1	1
79,11	1
79,16	1
79,17	1
79,18	1
79,19	1
79,2	1
79,21	1
79,22	1
79,23	1
79,26	1
79,28	1
79,31	1
79,32	1
79,33	1
79,34	1
79,35	1
79,36	1
79,37	1
79,38	1
79,39	1
79,4	1
79,41	1
79,44	1
79,46	1
79,47	1
79,48	1
79,49	1
79,5	1
79,51	1
79,52	1
79,53	1
79,54	1
79,55	1
79,56	1
79,57	1
79,58	1
79,63	1
79,64	1
79,65	1
79,66	1
79,67	1
79,68	1
79,69	1
79,7	1
79,71	1
79,72	1
79,73	1
79,74	1
79,75	1
79,78	1
79,8	1
79,81	1
79,82	1
79,83	1
79,84	1
79,85	1
79,86	1
79,87	1
79,88	1
79,89	1
79,91	1
79,92	1
79,93	1
79,95	1
79,96	1
79,97	1
79,98	1
79,99	1
80,01	1
80,04	1
80,05	1
80,06	1
80,07	1
80,08	1
80,09	1
80,1	1
80,11	1
80,12	1
80,14	1
80,16	1
80,17	1
80,18	1
80,19	1
80,22	1
80,26	1
80,27	1
80,28	1
80,29	1
80,3	1
80,31	1
80,32	1
80,33	1
80,36	1
80,39	1
80,4	1
80,42	1
80,43	1
80,44	1
80,45	1
80,46	1
80,47	1
80,48	1
80,49	1
80,5	1
80,51	1
80,52	1
80,53	1
80,54	1
80,55	1
80,56	1
80,57	1
80,58	1
80,62	1
80,64	1
80,65	1
80,67	1
80,68	1
80,69	1
80,7	1
80,71	1
80,72	1
80,73	1
80,74	1
80,75	1
80,76	1
80,77	1
80,8	1
80,84	1
80,85	1
80,86	1
80,87	1
80,88	1
80,89	1
80,9	1
80,91	1
80,92	1
80,93	1
80,94	1
80,95	1
80,96	1
80,98	1
81,01	1
81,02	1
81,03	1
81,04	1
81,05	1
81,06	1
81,07	1
81,08	1
81,09	1
81,1	1
81,11	1
81,12	1
81,13	1
81,14	1
81,15	1
81,16	1
81,17	1
81,18	1
81,2	1
81,21	1
81,22	1
81,23	1
81,24	1
81,25	1
81,26	1
81,27	1
81,28	1
81,3	1
81,32	1
81,34	1
81,35	1
81,36	1
81,37	1
81,39	1
81,41	1
81,42	1
81,44	1
81,45	1
81,46	1
81,47	1
81,48	1
81,49	1
81,5	1
81,51	1
81,52	1
81,53	1
81,54	1
81,55	1
81,56	1
81,58	1
81,59	1
81,6	1
81,61	1
81,62	1
81,63	1
81,64	1
81,66	1
81,67	1
81,68	1
81,69	1
81,7	1
81,71	1
81,72	1
81,73	1
81,74	1
81,75	1
81,76	1
81,77	1
81,8	1
81,81	1
81,82	1
81,83	1
81,85	1
81,86	1
81,87	1
81,88	1
81,89	1
81,9	1
81,92	1
81,94	1
81,95	1
81,96	1
81,97	1
81,98	1
81,99	1
82	1
82,01	1
82,02	1
82,03	1
82,04	1
82,05	1
82,06	1
82,07	1
82,08	1
82,09	1
82,1	1
82,11	1
82,12	1
82,13	1
82,14	1
82,15	1
82,17	1
82,18	1
82,2	1
82,21	1
82,22	1
82,23	1
82,24	1
82,25	1
82,27	1
82,28	1
82,29	1
82,3	1
82,31	1
82,32	1
82,33	1
82,34	1
82,35	1
82,36	1
82,37	1
82,39	1
82,4	1
82,41	1
82,42	1
82,43	1
82,44	1
82,45	1
82,46	1
82,47	1
82,48	1
82,49	1
82,5	1
82,51	1
82,52	1
82,54	1
82,55	1
82,56	1
82,57	1
82,58	1
82,59	1
82,6	1
82,61	1
82,65	1
82,66	1
82,67	1
82,68	1
82,69	1
82,7	1
82,71	1
82,72	1
82,73	1
82,76	1
82,79	1
82,8	1
82,81	1
82,83	1
82,84	1
82,87	1
82,88	1
82,89	1
82,9	1
82,91	1
82,92	1
82,93	1
82,94	1
82,95	1
82,96	1
82,98	1
82,99	1
83	1
83,01	1
83,02	1
83,03	1
83,04	1
83,05	1
83,06	1
83,07	1
83,08	1
83,09	1
83,11	1
83,12	1
83,13	1
83,15	1
83,17	1
83,18	1
83,19	1
83,2	1
83,21	1
83,22	1
83,23	1
83,24	1
83,25	1
83,26	1
83,27	1
83,28	1
83,29	1
83,3	1
83,31	1
83,32	1
83,33	1
83,34	1
83,35	1
83,36	1
83,37	1
83,38	1
83,39	1
83,41	1
83,42	1
83,44	1
83,45	1
83,46	1
83,47	1
83,48	1
83,49	1
83,5	1
83,51	1
83,52	1
83,53	1
83,54	1
83,55	1
83,56	1
83,57	1
83,58	1
83,59	1
83,6	1
83,61	1
83,62	1
83,63	1
83,65	1
83,66	1
83,67	1
83,68	1
83,69	1
83,7	1
83,71	1
83,72	1
83,73	1
83,74	1
83,75	1
83,76	1
83,77	1
83,79	1
83,83	1
83,86	1
83,89	1
83,9	1
83,91	1
83,92	1
83,95	1
83,96	1
83,97	1
83,98	1
83,99	1
84	1
84,01	1
84,03	1
84,05	1
84,06	1
84,07	1
84,08	1
84,09	1
84,1	1
84,13	1
84,15	1
84,16	1
84,17	1
84,18	1
84,2	1
84,21	1
84,22	1
84,23	1
84,24	1
84,27	1
84,28	1
84,29	1
84,31	1
84,32	1
84,34	1
84,35	1
84,36	1
84,37	1
84,38	1
84,39	1
84,4	1
84,41	1
84,42	1
84,43	1
84,44	1
84,45	1
84,46	1
84,47	1
84,48	1
84,49	1
84,52	1
84,54	1
84,55	1
84,56	1
84,58	1
84,61	1
84,62	1
84,64	1
84,67	1
84,68	1
84,69	1
84,7	1
84,72	1
84,73	1
84,74	1
84,75	1
84,76	1
84,77	1
84,79	1
84,8	1
84,81	1
84,82	1
84,83	1
84,84	1
84,85	1
84,86	1
84,87	1
84,88	1
84,89	1
84,91	1
84,93	1
84,94	1
84,95	1
84,96	1
84,97	1
84,98	1
85	1
85,01	1
85,02	1
85,03	1
85,04	1
85,05	1
85,06	1
85,07	1
85,08	1
85,09	1
85,1	1
85,11	1
85,12	1
85,13	1
85,14	1
85,15	1
85,16	1
85,17	1
85,19	1
85,23	1
85,26	1
85,31	1
85,33	1
85,37	1
85,38	1
85,39	1
85,4	1
85,41	1
85,42	1
85,43	1
85,44	1
85,45	1
85,46	1
85,47	1
85,48	1
85,49	1
85,52	1
85,54	1
85,56	1
85,57	1
85,58	1
85,59	1
85,6	1
85,61	1
85,62	1
85,63	1
85,64	1
85,65	1
85,66	1
85,67	1
85,68	1
85,69	1
85,72	1
85,74	1
85,75	1
85,76	1
85,77	1
85,79	1
85,8	1
85,81	1
85,82	1
85,83	1
85,84	1
85,85	1
85,86	1
85,87	1
85,88	1
85,89	1
85,91	1
85,95	1
85,96	1
85,97	1
85,98	1
85,99	1
86	1
86,01	1
86,02	1
86,03	1
86,04	1
86,05	1
86,06	1
86,07	1
86,08	1
86,09	1
86,1	1
86,11	1
86,12	1
86,16	1
86,18	1
86,19	1
86,2	1
86,21	1
86,23	1
86,24	1
86,25	1
86,26	1
86,27	1
86,28	1
86,29	1
86,3	1
86,34	1
86,36	1
86,37	1
86,38	1
86,39	1
86,4	1
86,41	1
86,42	1
86,43	1
86,44	1
86,45	1
86,46	1
86,47	1
86,49	1
86,51	1
86,53	1
86,54	1
86,55	1
86,56	1
86,57	1
86,58	1
86,59	1
86,6	1
86,61	1
86,62	1
86,63	1
86,69	1
86,72	1
86,73	1
86,74	1
86,75	1
86,76	1
86,8	1
86,82	1
86,83	1
86,84	1
86,85	1
86,86	1
86,87	1
86,88	1
86,89	1
86,9	1
86,91	1
86,92	1
86,93	1
86,94	1
86,97	1
86,98	1
86,99	1
87	1
87,01	1
87,02	1
87,04	1
87,05	1
87,07	1
87,08	1
87,09	1
87,1	1
87,11	1
87,14	1
87,15	1
87,16	1
87,18	1
87,21	1
87,22	1
87,23	1
87,27	1
87,28	1
87,29	1
87,3	1
87,31	1
87,32	1
87,33	1
87,34	1
87,35	1
87,37	1
87,38	1
87,39	1
87,4	1
87,41	1
87,42	1
87,43	1
87,44	1
87,46	1
87,47	1
87,48	1
87,49	1
87,5	1
87,52	1
87,54	1
87,55	1
87,56	1
87,59	1
87,61	1
87,62	1
87,63	1
87,64	1
87,67	1
87,68	1
87,69	1
87,7	1
87,71	1
87,72	1
87,73	1
87,74	1
87,75	1
87,78	1
87,79	1
87,8	1
87,81	1
87,82	1
87,83	1
87,84	1
87,86	1
87,87	1
87,88	1
87,9	1
87,93	1
87,94	1
87,95	1
87,96	1
87,98	1
87,99	1
88	1
88,01	1
88,02	1
88,04	1
88,05	1
88,06	1
88,07	1
88,08	1
88,11	1
88,12	1
88,14	1
88,18	1
88,19	1
88,22	1
88,24	1
88,25	1
88,26	1
88,27	1
88,28	1
88,29	1
88,3	1
88,31	1
88,32	1
88,33	1
88,34	1
88,35	1
88,36	1
88,37	1
88,38	1
88,41	1
88,44	1
88,45	1
88,46	1
88,47	1
88,48	1
88,49	1
88,5	1
88,51	1
88,52	1
88,53	1
88,54	1
88,55	1
88,56	1
88,57	1
88,58	1
88,59	1
88,61	1
88,62	1
88,63	1
88,64	1
88,65	1
88,66	1
88,67	1
88,68	1
88,69	1
88,7	1
88,71	1
88,72	1
88,73	1
88,74	1
88,78	1
88,82	1
88,83	1
88,84	1
88,85	1
88,87	1
88,88	1
88,89	1
88,9	1
88,91	1
88,92	1
88,93	1
88,94	1
88,95	1
88,96	1
88,97	1
88,98	1
88,99	1
89	1
89,02	1
89,03	1
89,06	1
89,07	1
89,09	1
89,11	1
89,12	1
89,13	1
89,14	1
89,15	1
89,17	1
89,18	1
89,19	1
89,2	1
89,21	1
89,22	1
89,23	1
89,24	1
89,25	1
89,26	1
89,29	1
89,31	1
89,32	1
89,33	1
89,34	1
89,35	1
89,36	1
89,37	1
89,38	1
89,39	1
89,4	1
89,41	1
89,42	1
89,43	1
89,45	1
89,47	1
89,48	1
89,49	1
89,5	1
89,51	1
89,52	1
89,53	1
89,54	1
89,55	1
89,57	1
89,58	1
89,59	1
89,6	1
89,63	1
89,64	1
89,65	1
89,66	1
89,67	1
89,68	1
89,69	1
89,7	1
89,71	1
89,72	1
89,73	1
89,74	1
89,76	1
89,78	1
89,79	1
89,8	1
89,81	1
89,82	1
89,85	1
89,87	1
89,88	1
89,89	1
89,9	1
89,91	1
89,92	1
89,95	1
89,97	1
89,98	1
90,02	1
90,03	1
90,04	1
90,05	1
90,06	1
90,07	1
90,08	1
90,09	1
90,1	1
90,11	1
90,12	1
90,13	1
90,15	1
90,17	1
90,18	1
90,19	1
90,2	1
90,21	1
90,22	1
90,23	1
90,24	1
90,25	1
90,26	1
90,27	1
90,28	1
90,29	1
90,32	1
90,34	1
90,35	1
90,36	1
90,37	1
90,38	1
90,39	1
90,4	1
90,41	1
90,42	1
90,43	1
90,44	1
90,48	1
90,49	1
90,5	1
90,51	1
90,52	1
90,53	1
90,55	1
90,56	1
90,57	1
90,58	1
90,59	1
90,6	1
90,61	1
90,64	1
90,66	1
90,67	1
90,68	1
90,69	1
90,7	1
90,71	1
90,72	1
90,73	1
90,74	1
90,75	1
90,76	1
90,77	1
90,78	1
90,79	1
90,83	1
90,84	1
90,85	1
90,86	1
90,87	1
90,88	1
90,89	1
90,9	1
90,91	1
90,92	1
90,95	1
90,97	1
90,98	1
90,99	1
91	1
91,01	1
91,02	1
91,03	1
91,04	1
91,05	1
91,06	1
91,07	1
91,08	1
91,09	1
91,13	1
91,14	1
91,15	1
91,16	1
91,17	1
91,18	1
91,19	1
91,2	1
91,21	1
91,22	1
91,23	1
91,24	1
91,25	1
91,26	1
91,29	1
91,3	1
91,31	1
91,32	1
91,33	1
91,34	1
91,35	1
91,36	1
91,37	1
91,38	1
91,39	1
91,4	1
91,41	1
91,42	1
91,45	1
91,47	1
91,48	1
91,49	1
91,5	1
91,51	1
91,53	1
91,54	1
91,55	1
91,56	1
91,57	1
91,58	1
91,59	1
91,62	1
91,63	1
91,64	1
91,65	1
91,66	1
91,67	1
91,68	1
91,69	1
91,7	1
91,71	1
91,72	1
91,73	1
91,74	1
91,75	1
91,79	1
91,8	1
91,81	1
91,82	1
91,83	1
91,84	1
91,85	1
91,86	1
91,87	1
91,88	1
91,89	1
91,9	1
91,93	1
91,94	1
91,95	1
91,96	1
91,97	1
91,98	1
91,99	1
92	1
92,01	1
92,02	1
92,03	1
92,04	1
92,07	1
92,08	1
92,09	1
92,1	1
92,11	1
92,12	1
92,13	1
92,14	1
92,15	1
92,16	1
92,17	1
92,18	1
92,19	1
92,2	1
92,23	1
92,25	1
92,26	1
92,27	1
92,28	1
92,29	1
92,3	1
92,31	1
92,32	1
92,33	1
92,34	1
92,35	1
92,36	1
92,37	1
92,4	1
92,41	1
92,42	1
92,43	1
92,44	1
92,45	1
92,46	1
92,47	1
92,49	1
92,5	1
92,51	1
92,52	1
92,53	1
92,54	1
92,56	1
92,58	1
92,59	1
92,6	1
92,61	1
92,62	1
92,63	1
92,64	1
92,65	1
92,67	1
92,68	1
92,69	1
92,7	1
92,71	1
92,72	1
92,73	1
92,74	1
92,76	1
92,77	1
92,78	1
92,79	1
92,8	1
92,81	1
92,82	1
92,83	1
92,84	1
92,85	1
92,86	1
92,87	1
92,88	1
92,91	1
92,93	1
92,94	1
92,95	1
92,96	1
92,97	1
92,98	1
92,99	1
93	1
93,01	1
93,02	1
93,03	1
93,04	1
93,05	1
93,06	1
93,07	1
93,08	1
93,11	1
93,13	1
93,14	1
93,15	1
93,16	1
93,17	1
93,18	1
93,19	1
93,2	1
93,21	1
93,22	1
93,23	1
93,24	1
93,28	1
93,29	1
93,3	1
93,31	1
93,32	1
93,33	1
93,34	1
93,35	1
93,36	1
93,37	1
93,38	1
93,39	1
93,41	1
93,42	1
93,43	1
93,44	1
93,46	1
93,47	1
93,48	1
93,49	1
93,5	1
93,51	1
93,52	1
93,53	1
93,54	1
93,55	1
93,58	1
93,6	1
93,61	1
93,62	1
93,63	1
93,64	1
93,66	1
93,67	1
93,68	1
93,69	1
93,7	1
93,71	1
93,72	1
93,73	1
93,74	1
93,75	1
93,8	1
93,81	1
93,82	1
93,83	1
93,84	1
93,85	1
93,86	1
93,87	1
93,88	1
93,89	1
93,9	1
93,92	1
93,94	1
93,95	1
93,96	1
93,97	1
93,98	1
93,99	1
94	1
94,01	1
94,02	1
94,03	1
94,04	1
94,05	1
94,09	1
94,1	1
94,11	1
94,12	1
94,13	1
94,14	1
94,15	1
94,16	1
94,17	1
94,18	1
94,19	1
94,2	1
94,21	1
94,22	1
94,26	1
94,27	1
94,28	1
94,29	1
94,3	1
94,31	1
94,32	1
94,33	1
94,34	1
94,35	1
94,36	1
94,37	1
94,39	1
94,42	1
94,43	1
94,44	1
94,45	1
94,46	1
94,47	1
94,48	1
94,49	1
94,5	1
94,51	1
94,52	1
94,53	1
94,54	1
94,55	1
94,58	1
94,59	1
94,6	1
94,61	1
94,62	1
94,63	1
94,64	1
94,65	1
94,66	1
94,67	1
94,68	1
94,69	1
94,7	1
94,74	1
94,75	1
94,76	1
94,77	1
94,78	1
94,79	1
94,8	1
94,81	1
94,82	1
94,83	1
94,84	1
94,85	1
94,86	1
94,87	1
94,9	1
94,91	1
94,92	1
94,93	1
94,94	1
94,95	1
94,96	1
94,97	1
94,98	1
94,99	1
95	1
95,01	1
95,02	1
95,03	1
95,05	1
95,08	1
95,09	1
95,1	1
95,11	1
95,12	1
95,13	1
95,14	1
95,15	1
95,16	1
95,17	1
95,18	1
95,2	1
95,21	1
95,22	1
95,23	1
95,24	1
95,25	1
95,26	1
95,27	1
95,28	1
95,29	1
95,3	1
95,31	1
95,32	1
95,33	1
95,35	1
95,37	1
95,38	1
95,39	1
95,4	1
95,41	1
95,42	1
95,43	1
95,44	1
95,45	1
95,46	1
95,47	1
95,48	1
95,5	1
95,52	1
95,53	1
95,54	1
95,55	1
95,56	1
95,57	1
95,58	1
95,59	1
95,6	1
95,61	1
95,62	1
95,63	1
95,64	1
95,65	1
95,66	1
95,67	1
95,69	1
95,7	1
95,71	1
95,72	1
95,73	1
95,74	1
95,75	1
95,76	1
95,77	1
95,78	1
95,79	1
95,8	1
95,81	1
95,82	1
95,83	1
95,85	1
95,88	1
95,89	1
95,9	1
95,91	1
95,92	1
95,93	1
95,94	1
95,95	1
95,96	1
95,97	1
95,98	1
95,99	1
96	1
96,01	1
96,02	1
96,03	1
96,04	1
96,05	1
96,06	1
96,07	1
96,08	1
96,09	1
96,1	1
96,11	1
96,12	1
96,13	1
96,14	1
96,15	1
96,16	1
96,19	1
96,22	1
96,23	1
96,24	1
96,25	1
96,26	1
96,27	1
96,28	1
96,29	1
96,3	1
96,32	1
96,33	1
96,34	1
96,35	1
96,36	1
96,37	1
96,38	1
96,39	1
96,4	1
96,41	1
96,42	1
96,43	1
96,44	1
96,45	1
96,46	1
96,49	1
96,51	1
96,52	1
96,53	1
96,54	1
96,55	1
96,56	1
96,57	1
96,58	1
96,59	1
96,6	1
96,61	1
96,64	1
96,66	1
96,67	1
96,68	1
96,69	1
96,7	1
96,71	1
96,72	1
96,73	1
96,74	1
96,75	1
96,76	1
96,77	1
96,78	1
96,81	1
96,83	1
96,84	1
96,85	1
96,86	1
96,87	1
96,88	1
96,89	1
96,9	1
96,91	1
96,92	1
96,93	1
96,94	1
96,97	1
96,99	1
97	1
97,01	1
97,02	1
97,03	1
97,04	1
97,05	1
97,06	1
97,07	1
97,08	1
97,09	1
97,1	1
97,11	1
97,12	1
97,13	1
97,14	1
97,15	1
97,17	1
97,19	1
97,21	1
97,22	1
97,23	1
97,24	1
97,25	1
97,26	1
97,27	1
97,3	1
97,32	1
97,33	1
97,34	1
97,35	1
97,36	1
97,37	1
97,38	1
97,39	1
97,4	1
97,42	1
97,43	1
97,44	1
97,45	1
97,46	1
97,47	1
97,48	1
97,49	1
97,5	1
97,51	1
97,52	1
97,53	1
97,54	1
97,55	1
97,56	1
97,57	1
97,58	1
97,61	1
97,63	1
97,64	1
97,65	1
97,66	1
97,67	1
97,69	1
97,7	1
97,71	1
97,72	1
97,73	1
97,74	1
97,78	1
97,79	1
97,8	1
97,81	1
97,82	1
97,83	1
97,84	1
97,85	1
97,86	1
97,87	1
97,88	1
97,89	1
97,9	1
97,92	1
97,96	1
97,97	1
97,98	1
97,99	1
98	1
98,01	1
98,02	1
98,03	1
98,04	1
98,05	1
98,08	1
98,09	1
98,1	1
98,11	1
98,12	1
98,13	1
98,14	1
98,15	1
98,16	1
98,17	1
98,18	1
98,19	1
98,2	1
98,21	1
98,25	1
98,26	1
98,27	1
98,28	1
98,29	1
98,3	1
98,31	1
98,32	1
98,33	1
98,34	1
98,35	1
98,36	1
98,37	1
98,41	1
98,42	1
98,43	1
98,44	1
98,45	1
98,46	1
98,47	1
98,48	1
98,49	1
98,5	1
98,51	1
98,52	1
98,53	1
98,54	1
98,55	1
98,56	1
98,57	1
98,58	1
98,59	1
98,62	1
98,63	1
98,64	1
98,65	1
98,66	1
98,67	1
98,68	1
98,69	1
98,7	1
98,71	1
98,72	1
98,73	1
98,74	1
98,77	1
98,79	1
98,8	1
98,81	1
98,82	1
98,83	1
98,84	1
98,85	1
98,86	1
98,87	1
98,88	1
98,89	1
98,9	1
98,92	1
98,94	1
98,95	1
98,96	1
98,97	1
98,98	1
98,99	1
99	1
99,01	1
99,02	1
99,03	1
99,04	1
99,05	1
99,06	1
99,07	1
99,08	1
99,1	1
99,11	1
99,12	1
99,13	1
99,14	1
99,16	1
99,17	1
99,18	1
99,19	1
99,2	1
99,21	1
99,23	1
99,25	1
99,26	1
99,27	1
99,28	1
99,29	1
99,3	1
99,31	1
99,32	1
99,33	1
99,34	1
99,35	1
99,39	1
99,41	1
99,42	1
99,43	1
99,44	1
99,45	1
99,46	1
99,47	1
99,48	1
99,49	1
99,5	1
99,51	1
99,52	1
99,53	1
99,54	1
99,55	1
99,56	1
99,57	1
99,58	1
99,62	1
99,64	1
99,65	1
99,66	1
99,67	1
99,68	1
99,71	1
99,73	1
99,74	1
99,75	1
99,76	1
99,77	1
99,78	1
99,79	1
99,8	1
99,81	1
99,82	1
99,83	1
99,84	1
99,86	1
99,87	1
99,88	1
99,89	1
99,9	1
99,91	1
99,92	1
99,93	1
99,94	1
99,95	1
99,96	1
99,97	1
99,98	1
99,99	1
100	1
100,01	1
100,03	1
100,04	1
100,05	1
100,06	1
100,07	1
100,08	1
100,09	1
100,1	1
100,11	1
100,12	1
100,13	1
100,14	1
100,15	1
100,16	1
100,17	1
100,18	1
100,19	1
100,22	1
100,24	1
100,25	1
100,26	1
100,27	1
100,28	1
100,29	1
100,3	1
100,31	1
100,32	1
100,33	1
100,34	1
100,36	1
100,38	1
100,39	1
100,4	1
100,41	1
100,42	1
100,43	1
100,44	1
100,45	1
100,46	1
100,47	1
100,48	1
100,49	1
100,52	1
100,53	1
100,54	1
100,55	1
100,56	1
100,58	1
100,59	1
100,6	1
100,61	1
100,62	1
100,63	1
100,64	1
100,66	1
100,68	1
100,69	1
100,7	1
100,71	1
100,72	1
100,73	1
100,74	1
100,75	1
100,76	1
100,77	1
100,78	1
100,79	1
100,8	1
100,81	1
100,82	1
100,83	1
100,85	1
100,86	1
100,87	1
100,88	1
100,89	1
100,91	1
100,92	1
100,93	1
100,94	1
100,95	1
100,96	1
100,97	1
100,98	1
100,99	1
101,01	1
101,02	1
101,03	1
101,04	1
101,05	1
101,06	1
101,08	1
101,09	1
101,1	1
101,11	1
101,12	1
101,14	1
101,17	1
101,18	1
101,19	1
101,2	1
101,21	1
101,22	1
101,23	1
101,24	1
101,25	1
101,26	1
101,27	1
101,28	1
101,29	1
101,32	1
101,33	1
101,34	1
101,35	1
101,36	1
101,37	1
101,38	1
101,39	1
101,4	1
101,41	1
101,42	1
101,43	1
101,46	1
101,48	1
101,49	1
101,5	1
101,51	1
101,52	1
101,53	1
101,54	1
101,55	1
101,56	1
101,57	1
101,58	1
101,59	1
101,6	1
101,61	1
101,62	1
101,63	1
101,64	1
101,65	1
101,66	1
101,69	1
101,71	1
101,72	1
101,73	1
101,74	1
101,75	1
101,76	1
101,77	1
101,78	1
101,79	1
101,8	1
101,81	1
101,84	1
101,85	1
101,86	1
101,88	1
101,89	1
101,9	1
101,91	1
101,92	1
101,93	1
101,94	1
101,96	1
101,98	1
101,99	1
102	1
102,01	1
102,02	1
102,03	1
102,04	1
102,05	1
102,06	1
102,07	1
102,08	1
102,09	1
102,1	1
102,11	1
102,12	1
102,15	1
102,16	1
102,17	1
102,18	1
102,19	1
102,2	1
102,21	1
102,22	1
102,23	1
102,24	1
102,27	1
102,28	1
102,29	1
102,3	1
102,31	1
102,32	1
102,33	1
102,34	1
102,35	1
102,36	1
102,37	1
102,38	1
102,39	1
102,4	1
102,42	1
102,43	1
102,44	1
102,45	1
102,46	1
102,47	1
102,48	1
102,49	1
102,5	1
102,51	1
102,52	1
102,53	1
102,54	1
102,55	1
102,56	1
102,57	1
102,58	1
102,59	1
102,6	1
102,61	1
102,65	1
102,68	1
102,69	1
102,7	1
102,71	1
102,72	1
102,73	1
102,74	1
102,75	1
102,76	1
102,79	1
102,8	1
102,81	1
102,82	1
102,83	1
102,84	1
102,85	1
102,86	1
102,87	1
102,88	1
102,89	1
102,9	1
102,91	1
102,92	1
102,93	1
102,94	1
102,95	1
102,99	1
103	1
103,01	1
103,02	1
103,03	1
103,04	1
103,05	1
103,06	1
103,07	1
103,08	1
103,09	1
103,11	1
103,13	1
103,14	1
103,15	1
103,16	1
103,17	1
103,18	1
103,19	1
103,2	1
103,21	1
103,22	1
103,23	1
103,24	1
103,25	1
103,28	1
103,3	1
103,31	1
103,32	1
103,33	1
103,34	1
103,35	1
103,36	1
103,37	1
103,38	1
103,39	1
103,4	1
103,41	1
103,43	1
103,45	1
103,46	1
103,47	1
103,48	1
103,49	1
103,5	1
103,51	1
103,52	1
103,53	1
103,54	1
103,55	1
103,56	1
103,57	1
103,6	1
103,62	1
103,63	1
103,64	1
103,65	1
103,66	1
103,67	1
103,68	1
103,69	1
103,7	1
103,71	1
103,72	1
103,73	1
103,77	1
103,78	1
103,79	1
103,8	1
103,81	1
103,82	1
103,83	1
103,84	1
103,85	1
103,86	1
103,87	1
103,88	1
103,91	1
103,92	1
103,94	1
103,95	1
103,96	1
103,97	1
103,98	1
103,99	1
104	1
104,01	1
104,02	1
104,03	1
104,04	1
104,05	1
104,09	1
104,1	1
104,11	1
104,12	1
104,13	1
104,14	1
104,15	1
104,16	1
104,17	1
104,18	1
104,19	1
104,2	1
104,23	1
104,25	1
104,26	1
104,27	1
104,28	1
104,31	1
104,32	1
104,33	1
104,34	1
104,35	1
104,36	1
104,37	1
104,39	1
104,4	1
104,41	1
104,42	1
104,43	1
104,44	1
104,45	1
104,46	1
104,47	1
104,48	1
104,49	1
104,5	1
104,51	1
104,53	1
104,55	1
104,56	1
104,57	1
104,58	1
104,59	1
104,6	1
104,62	1
104,63	1
104,64	1
104,65	1
104,66	1
104,67	1
104,68	1
104,69	1
104,7	1
104,72	1
104,74	1
104,75	1
104,76	1
104,77	1
104,78	1
104,79	1
104,8	1
104,81	1
104,82	1
104,83	1
104,84	1
104,85	1
104,88	1
104,89	1
104,9	1
104,91	1
104,92	1
104,93	1
104,94	1
104,95	1
104,96	1
104,97	1
104,98	1
104,99	1
105	1
105,01	1
105,05	1
105,06	1
105,07	1
105,08	1
105,09	1
105,1	1
105,11	1
105,12	1
105,13	1
105,14	1
105,15	1
105,16	1
105,17	1
105,18	1
105,21	1
105,22	1
105,23	1
105,24	1
105,25	1
105,26	1
105,27	1
105,28	1
105,29	1
105,3	1
105,31	1
105,32	1
105,33	1
105,35	1
105,38	1
105,39	1
105,4	1
105,41	1
105,42	1
105,43	1
105,44	1
105,45	1
105,46	1
105,47	1
105,48	1
105,51	1
105,52	1
105,53	1
105,54	1
105,55	1
105,56	1
105,57	1
105,58	1
105,59	1
105,6	1
105,61	1
105,62	1
105,63	1
105,64	1
105,65	1
105,66	1
105,67	1
105,68	1
105,69	1
105,72	1
105,74	1
105,75	1
105,76	1
105,77	1
105,78	1
105,79	1
105,82	1
105,83	1
105,84	1
105,85	1
105,86	1
105,87	1
105,88	1
105,89	1
105,9	1
105,91	1
105,92	1
105,93	1
105,94	1
105,95	1
105,96	1
105,97	1
105,98	1
105,99	1
106	1
106,02	1
106,04	1
106,05	1
106,06	1
106,07	1
106,08	1
106,09	1
106,1	1
106,11	1
106,12	1
106,13	1
106,14	1
106,15	1
106,17	1
106,19	1
106,2	1
106,21	1
106,22	1
106,23	1
106,24	1
106,25	1
106,26	1
106,27	1
106,28	1
106,32	1
106,33	1
106,34	1
106,35	1
106,36	1
106,37	1
106,38	1
106,39	1
106,4	1
106,41	1
106,42	1
106,43	1
106,44	1
106,47	1
106,5	1
106,51	1
106,52	1
106,53	1
106,54	1
106,55	1
106,56	1
106,57	1
106,58	1
106,59	1
106,6	1
106,61	1
106,62	1
106,63	1
106,65	1
106,67	1
106,69	1
106,7	1
106,71	1
106,72	1
106,73	1
106,74	1
106,75	1
106,76	1
106,77	1
106,78	1
106,81	1
106,82	1
106,83	1
106,84	1
106,85	1
106,86	1
106,87	1
106,88	1
106,89	1
106,9	1
106,91	1
106,92	1
106,96	1
106,98	1
106,99	1
107	1
107,01	1
107,02	1
107,03	1
107,04	1
107,05	1
107,06	1
107,07	1
107,08	1
107,09	1
107,1	1
107,11	1
107,12	1
107,17	1
107,18	1
107,19	1
107,2	1
107,21	1
107,22	1
107,23	1
107,24	1
107,25	1
107,26	1
107,27	1
107,28	1
107,32	1
107,33	1
107,34	1
107,35	1
107,36	1
107,37	1
107,38	1
107,4	1
107,41	1
107,42	1
107,43	1
107,44	1
107,45	1
107,46	1
107,49	1
107,5	1
107,51	1
107,52	1
107,53	1
107,54	1
107,55	1
107,58	1
107,6	1
107,61	1
107,62	1
107,63	1
107,64	1
107,65	1
107,66	1
107,67	1
107,68	1
107,69	1
107,72	1
107,75	1
107,76	1
107,77	1
107,78	1
107,79	1
107,8	1
107,81	1
107,82	1
107,83	1
107,84	1
107,85	1
107,86	1
107,88	1
107,9	1
107,91	1
107,92	1
107,93	1
107,94	1
107,95	1
107,96	1
107,97	1
107,98	1
107,99	1
108	1
108,01	1
108,03	1
108,04	1
108,05	1
108,06	1
108,07	1
108,08	1
108,1	1
108,11	1
108,12	1
108,13	1
108,14	1
108,15	1
108,16	1
108,17	1
108,18	1
108,19	1
108,22	1
108,24	1
108,25	1
108,26	1
108,27	1
108,28	1
108,29	1
108,3	1
108,31	1
108,32	1
108,33	1
108,34	1
108,37	1
108,38	1
108,39	1
108,4	1
108,41	1
108,42	1
108,44	1
108,45	1
108,46	1
108,47	1
108,48	1
108,49	1
108,52	1
108,54	1
108,55	1
108,56	1
108,57	1
108,58	1
108,59	1
108,6	1
108,61	1
108,62	1
108,63	1
108,64	1
108,65	1
108,66	1
108,69	1
108,7	1
108,71	1
108,72	1
108,73	1
108,74	1
108,75	1
108,76	1
108,77	1
108,78	1
108,79	1
108,8	1
108,81	1
108,82	1
108,84	1
108,85	1
108,86	1
108,87	1
108,88	1
108,89	1
108,9	1
108,91	1
108,92	1
108,93	1
108,94	1
108,95	1
108,96	1
108,97	1
108,98	1
108,99	1
109,02	1
109,03	1
109,04	1
109,05	1
109,06	1
109,07	1
109,08	1
109,09	1
109,1	1
109,12	1
109,13	1
109,14	1
109,15	1
109,16	1
109,2	1
109,21	1
109,22	1
109,23	1
109,24	1
109,25	1
109,26	1
109,27	1
109,28	1
109,29	1
109,32	1
109,34	1
109,35	1
109,36	1
109,37	1
109,38	1
109,39	1
109,4	1
109,41	1
109,42	1
109,43	1
109,44	1
109,45	1
109,49	1
109,5	1
109,51	1
109,52	1
109,53	1
109,54	1
109,55	1
109,56	1
109,57	1
109,58	1
109,59	1
109,6	1
109,61	1
109,62	1
109,65	1
109,67	1
109,68	1
109,69	1
109,7	1
109,71	1
109,72	1
109,73	1
109,74	1
109,75	1
109,76	1
109,77	1
109,8	1
109,81	1
109,82	1
109,83	1
109,84	1
109,85	1
109,86	1
109,87	1
109,88	1
109,89	1
109,9	1
109,91	1
109,92	1
109,94	1
109,97	1
109,98	1
109,99	1
110	1
110,01	1
110,02	1
110,03	1
110,04	1
110,05	1
110,06	1
110,07	1
110,08	1
110,09	1
110,1	1
110,11	1
110,12	1
110,13	1
110,14	1
110,17	1
110,18	1
110,19	1
110,2	1
110,21	1
110,22	1
110,23	1
110,24	1
110,25	1
110,26	1
110,27	1
110,3	1
110,32	1
110,33	1
110,34	1
110,35	1
110,36	1
110,37	1
110,38	1
110,39	1
110,4	1
110,42	1
110,44	1
110,45	1
110,46	1
110,47	1
110,48	1
110,49	1
110,5	1
110,51	1
110,52	1
110,53	1
110,54	1
110,55	1
110,56	1
110,57	1
110,58	1
110,59	1
110,64	1
110,65	1
110,66	1
110,67	1
110,68	1
110,69	1
110,7	1
110,71	1
110,72	1
110,73	1
110,74	1
110,75	1
110,79	1
110,81	1
110,82	1
110,83	1
110,84	1
110,85	1
110,86	1
110,87	1
110,88	1
110,89	1
110,9	1
110,95	1
110,96	1
110,97	1
110,98	1
110,99	1
111	1
111,01	1
111,02	1
111,03	1
111,04	1
111,05	1
111,06	1
111,07	1
111,08	1
111,12	1
111,13	1
111,14	1
111,15	1
111,16	1
111,17	1
111,18	1
111,19	1
111,2	1
111,21	1
111,22	1
111,23	1
111,24	1
111,25	1
111,26	1
111,27	1
111,29	1
111,3	1
111,31	1
111,32	1
111,33	1
111,34	1
111,35	1
111,36	1
111,37	1
111,38	1
111,39	1
111,41	1
111,42	1
111,43	1
111,44	1
111,45	1
111,46	1
111,47	1
111,48	1
111,49	1
111,5	1
111,51	1
111,52	1
111,53	1
111,54	1
111,55	1
111,58	1
111,59	1
111,6	1
111,61	1
111,62	1
111,63	1
111,64	1
111,65	1
111,66	1
111,67	1
111,68	1
111,69	1
111,7	1
111,73	1
111,74	1
111,75	1
111,76	1
111,77	1
111,78	1
111,79	1
111,8	1
111,81	1
111,82	1
111,83	1
111,84	1
111,85	1
111,86	1
111,87	1
111,89	1
111,9	1
111,91	1
111,92	1
111,93	1
111,94	1
111,96	1
111,97	1
111,98	1
111,99	1
112	1
112,01	1
112,02	1
112,03	1
112,06	1
112,07	1
112,08	1
112,1	1
112,11	1
112,12	1
112,13	1
112,14	1
112,16	1
112,17	1
112,18	1
112,19	1
112,23	1
112,24	1
112,25	1
112,26	1
112,27	1
112,28	1
112,31	1
112,32	1
112,33	1
112,34	1
112,35	1
112,36	1
112,37	1
112,38	1
112,39	1
112,4	1
112,41	1
112,42	1
112,43	1
112,44	1
112,45	1
112,46	1
112,47	1
112,48	1
112,49	1
112,5	1
112,51	1
112,53	1
112,55	1
112,57	1
112,58	1
112,59	1
112,6	1
112,62	1
112,63	1
112,64	1
112,65	1
112,66	1
112,67	1
112,68	1
112,71	1
112,72	1
112,73	1
112,74	1
112,75	1
112,76	1
112,77	1
112,78	1
112,79	1
112,8	1
112,81	1
112,82	1
112,83	1
112,84	1
112,85	1
112,87	1
112,89	1
112,9	1
112,91	1
112,92	1
112,93	1
112,94	1
112,95	1
112,96	1
112,97	1
112,98	1
112,99	1
113	1
113,01	1
113,02	1
113,06	1
113,07	1
113,08	1
113,09	1
113,1	1
113,11	1
113,12	1
113,13	1
113,14	1
113,15	1
113,16	1
113,17	1
113,18	1
113,2	1
113,23	1
113,24	1
113,25	1
113,26	1
113,27	1
113,29	1
113,3	1
113,31	1
113,32	1
113,33	1
113,36	1
113,38	1
113,39	1
113,4	1
113,41	1
113,42	1
113,43	1
113,44	1
113,45	1
113,46	1
113,47	1
113,48	1
113,49	1
113,52	1
113,54	1
113,57	1
113,58	1
113,59	1
113,6	1
113,61	1
113,62	1
113,63	1
113,64	1
113,65	1
113,66	1
113,67	1
113,71	1
113,73	1
113,74	1
113,75	1
113,76	1
113,77	1
113,79	1
113,81	1
113,83	1
113,85	1
113,86	1
113,87	1
113,88	1
113,9	1
113,91	1
113,92	1
113,93	1
113,94	1
113,95	1
113,96	1
113,99	1
114	1
114,01	1
114,02	1
114,03	1
114,04	1
114,05	1
114,07	1
114,08	1
114,09	1
114,1	1
114,11	1
114,12	1
114,13	1
114,15	1
114,17	1
114,18	1
114,19	1
114,2	1
114,21	1
114,22	1
114,23	1
114,24	1
114,25	1
114,26	1
114,27	1
114,29	1
114,31	1
114,33	1
114,34	1
114,35	1
114,36	1
114,37	1
114,38	1
114,39	1
114,4	1
114,41	1
114,42	1
114,43	1
114,44	1
114,45	1
114,46	1
114,48	1
114,49	1
114,5	1
114,51	1
114,52	1
114,54	1
114,55	1
114,57	1
114,58	1
114,59	1
114,62	1
114,64	1
114,65	1
114,66	1
114,67	1
114,68	1
114,69	1
114,7	1
114,71	1
114,72	1
114,73	1
114,74	1
114,75	1
114,76	1
114,78	1
114,79	1
114,81	1
114,82	1
114,83	1
114,84	1
114,85	1
114,86	1
114,87	1
114,88	1
114,89	1
114,9	1
114,91	1
114,92	1
114,93	1
114,94	1
114,95	1
114,96	1
115	1
115,01	1
115,02	1
115,03	1
115,04	1
115,05	1
115,06	1
115,07	1
115,08	1
115,1	1
115,12	1
115,13	1
115,14	1
115,15	1
115,16	1
115,17	1
115,18	1
115,19	1
115,2	1
115,21	1
115,22	1
115,23	1
115,24	1
115,28	1
115,29	1
115,3	1
115,31	1
115,32	1
115,34	1
115,35	1
115,36	1
115,37	1
115,38	1
115,39	1
115,4	1
115,42	1
115,43	1
115,44	1
115,45	1
115,46	1
115,47	1
115,49	1
115,5	1
115,51	1
115,52	1
115,53	1
115,54	1
115,55	1
115,56	1
115,57	1
115,61	1
115,63	1
115,64	1
115,65	1
115,66	1
115,67	1
115,68	1
115,69	1
115,7	1
115,71	1
115,72	1
115,73	1
115,75	1
115,76	1
115,77	1
115,78	1
115,79	1
115,8	1
115,81	1
115,82	1
115,83	1
115,84	1
115,85	1
115,86	1
115,87	1
115,88	1
115,89	1
115,93	1
115,94	1
115,95	1
115,96	1
115,97	1
115,98	1
115,99	1
116	1
116,01	1
116,02	1
116,03	1
116,04	1
116,06	1
116,09	1
116,1	1
116,11	1
116,12	1
116,13	1
116,14	1
116,15	1
116,16	1
116,17	1
116,18	1
116,19	1
116,2	1
116,21	1
116,22	1
116,24	1
116,27	1
116,28	1
116,29	1
116,3	1
116,31	1
116,32	1
116,33	1
116,34	1
116,35	1
116,36	1
116,4	1
116,41	1
116,42	1
116,43	1
116,45	1
116,46	1
116,47	1
116,48	1
116,49	1
116,5	1
116,51	1
116,52	1
116,53	1
116,56	1
116,58	1
116,59	1
116,6	1
116,61	1
116,62	1
116,63	1
116,64	1
116,65	1
116,66	1
116,67	1
116,68	1
116,7	1
116,72	1
116,73	1
116,74	1
116,75	1
116,76	1
116,77	1
116,78	1
116,79	1
116,8	1
116,81	1
116,82	1
116,83	1
116,84	1
116,85	1
116,86	1
116,87	1
116,89	1
116,91	1
116,92	1
116,93	1
116,94	1
116,95	1
116,96	1
116,97	1
116,98	1
116,99	1
117	1
