10/06/2014 15:22:44
id5
C:\Users\Annotations\Desktop\Annotation\Test_Data\G2\Islands.mp4
C:\Users\Annotations\Desktop\Annotation\Trace2011\Ratings\valence.jpg
Valence
-1,1
255,0,0	0,255,0	125,125,125
0
0	0
0,03	0
0,06	0
0,09	0
0,12	0
0,16	0
0,18	0
0,21	0
0,23	0
0,25	0
0,29	0
0,32	0
0,36	0
0,38	0
0,43	0
0,47	0
0,5	0
0,54	0
0,57	0
0,6	0
0,62	0
0,65	0
0,69	0
0,71	0
0,75	0
0,77	0
0,81	0
0,83	0
0,88	0
0,9	0
0,96	0
0,98	0
1,12	0
1,17	0
1,19	0
1,23	0
1,25	0
1,3	0
1,32	0
1,36	0
1,39	0
1,43	0
1,45	0
1,5	0
1,52	0
1,57	0
1,59	0
1,64	0
1,66	0
1,7	0
1,72	0
1,76	0
1,78	0
1,82	0
1,84	0
1,88	0
1,9	0
1,94	0
1,96	0
2	0
2,02	0
2,06	0
2,09	0
2,13	0
2,15	0
2,19	0
2,21	0
2,26	0
2,28	0
2,32	0
2,34	0
2,39	0
2,41	0
2,45	0
2,47	0
2,51	0
2,54	0
2,59	0
2,61	0
2,66	0
2,68	0
2,72	0
2,75	0
2,81	0
2,86	0
2,88	0
2,92	0
2,95	0
2,99	0
3	0
3,01	0
3,03	0
3,06	0
3,08	0,0575757
3,14	0,1969697
3,17	0,2363636
3,2	0,2363636
3,23	0,2363636
3,26	0,2363636
3,29	0,2363636
3,33	0,2363636
3,35	0,2363636
3,4	0,2363636
3,42	0,2363636
3,46	0,2363636
3,48	0,2363636
3,53	0,2363636
3,56	0,2363636
3,61	0,2363636
3,63	0,2363636
3,68	0,2363636
3,7	0,2363636
3,74	0,2363636
3,76	0,2363636
3,81	0,2363636
3,83	0,2363636
3,87	0,2363636
3,89	0,2363636
3,93	0,2363636
3,95	0,2363636
3,97	0,2363636
3,98	0,2363636
4,01	0,2363636
4,05	0,2363636
4,09	0,2363636
4,12	0,2363636
4,13	0,2363636
4,15	0,2363636
4,16	0,2363636
4,17	0,2363636
4,19	0,2363636
4,2	0,2363636
4,21	0,2363636
4,24	0,2363636
4,26	0,2363636
4,28	0,2363636
4,33	0,2363636
4,36	0,2363636
4,4	0,2363636
4,42	0,2363636
4,46	0,2363636
4,48	0,2363636
4,53	0,2363636
4,56	0,2363636
4,58	0,2363636
4,6	0,2363636
4,63	0,2363636
4,68	0,2363636
4,7	0,2363636
4,74	0,2363636
4,77	0,2363636
4,82	0,2363636
4,84	0,2363636
4,89	0,2363636
4,91	0,2363636
4,96	0,2363636
4,98	0,2363636
5,03	0,2363636
5,05	0,2363636
5,11	0,2363636
5,13	0,2363636
5,17	0,2363636
5,19	0,2363636
5,23	0,2363636
5,25	0,2363636
5,29	0,2363636
5,31	0,2363636
5,35	0,2363636
5,37	0,2363636
5,38	0,2363636
5,39	0,2363636
5,41	0,2363636
5,42	0,2363636
5,44	0,2363636
5,45	0,2363636
5,46	0,2363636
5,49	0,2363636
5,51	0,2363636
5,54	0,2363636
5,57	0,2363636
5,63	0,2363636
5,67	0,2363636
5,71	0,2363636
5,75	0,2363636
5,77	0,2363636
5,78	0,2363636
5,79	0,2363636
5,8	0,2363636
5,81	0,2363636
5,82	0,2363636
5,87	0,2363636
5,91	0,2363636
5,94	0,2363636
5,97	0,2363636
6,02	0,2363636
6,03	0,2363636
6,04	0,2363636
6,09	0,2363636
6,12	0,2363636
6,16	0,2363636
6,18	0,2363636
6,22	0,2363636
6,25	0,2363636
6,29	0,2363636
6,32	0,2363636
6,37	0,2363636
6,4	0,2363636
6,44	0,2363636
6,46	0,2363636
6,49	0,2363636
6,52	0,2363636
6,54	0,2363636
6,58	0,2363636
6,6	0,2363636
6,65	0,2363636
6,67	0,2363636
6,71	0,2363636
6,72	0,2363636
6,76	0,2363636
6,78	0,2363636
6,8	0,2363636
6,82	0,2363636
6,84	0,2363636
6,87	0,2363636
6,91	0,2363636
6,93	0,2363636
6,97	0,2363636
6,99	0,2363636
7,04	0,2363636
7,05	0,2363636
7,1	0,2363636
7,13	0,2363636
7,17	0,2363636
7,19	0,2363636
7,24	0,2363636
7,26	0,2363636
7,3	0,2363636
7,33	0,2363636
7,38	0,2363636
7,39	0,2363636
7,44	0,2363636
7,46	0,2363636
7,49	0,2363636
7,52	0,2363636
7,58	0,2363636
7,62	0,2666667
7,64	0,2787879
7,69	0,3303031
7,72	0,3424243
7,73	0,3545455
7,77	0,3575758
7,79	0,3606061
7,85	0,3606061
7,9	0,3606061
7,92	0,3606061
7,95	0,3606061
7,97	0,3606061
8	0,3666667
8,04	0,4090909
8,06	0,4424243
8,09	0,5060606
8,13	0,6060606
8,15	0,6060606
8,18	0,6060606
8,2	0,6060606
8,22	0,6060606
8,24	0,6060606
8,26	0,6060606
8,27	0,6060606
8,28	0,6060606
8,31	0,6060606
8,33	0,6060606
8,35	0,6060606
8,39	0,6060606
8,42	0,6121212
8,47	0,6545454
8,49	0,7090909
8,51	0,7393939
8,52	0,7393939
8,53	0,7606061
8,54	0,7818182
8,56	0,8
8,62	0,8212122
8,66	0,8212122
8,67	0,8212122
8,72	0,8212122
8,73	0,8212122
8,75	0,8212122
8,79	0,8212122
8,8	0,8212122
8,85	0,8212122
8,87	0,8212122
8,92	0,8212122
8,94	0,8212122
8,98	0,8212122
9	0,8212122
9,05	0,8212122
9,07	0,8212122
9,11	0,8212122
9,13	0,8212122
9,18	0,8212122
9,2	0,8212122
9,23	0,8212122
9,26	0,8212122
9,29	0,8212122
9,31	0,8212122
9,36	0,8212122
9,38	0,8212122
9,43	0,8212122
9,45	0,8212122
9,49	0,8212122
9,51	0,8212122
9,56	0,8212122
9,58	0,8212122
9,62	0,8212122
9,65	0,8212122
9,68	0,8212122
9,7	0,8212122
9,72	0,8212122
9,76	0,8212122
9,78	0,8212122
9,82	0,8212122
9,84	0,8212122
9,88	0,8212122
9,9	0,8212122
9,96	0,8212122
9,98	0,8212122
10,01	0,8212122
10,03	0,8212122
10,06	0,8212122
10,11	0,8212122
10,16	0,8212122
10,18	0,8212122
10,22	0,8212122
10,23	0,8212122
10,26	0,8212122
10,29	0,8212122
10,32	0,8212122
10,34	0,8212122
10,36	0,8212122
10,37	0,8212122
10,38	0,8212122
10,39	0,8212122
10,42	0,8212122
10,44	0,8212122
10,5	0,8212122
10,53	0,8212122
10,56	0,8212122
10,6	0,8212122
10,62	0,8212122
10,66	0,8212122
10,68	0,8212122
10,7	0,8212122
10,74	0,8212122
10,76	0,8212122
10,81	0,8212122
10,84	0,8212122
10,89	0,8212122
10,91	0,8212122
10,96	0,8212122
10,98	0,8212122
11,01	0,8212122
11,03	0,8212122
11,08	0,8212122
11,09	0,8212122
11,1	0,8212122
11,11	0,8212122
11,12	0,8212122
11,13	0,8212122
11,14	0,8212122
11,15	0,8212122
11,16	0,8212122
11,17	0,8212122
11,18	0,8212122
11,21	0,8212122
11,22	0,8212122
11,23	0,8212122
11,24	0,8212122
11,25	0,8212122
11,28	0,8212122
11,3	0,8212122
11,32	0,8212122
11,33	0,8212122
11,34	0,8212122
11,36	0,8212122
11,39	0,8212122
11,4	0,8212122
11,42	0,8212122
11,43	0,8212122
11,45	0,8212122
11,46	0,8212122
11,47	0,8212122
11,49	0,8212122
11,51	0,8212122
11,56	0,8212122
11,6	0,8212122
11,61	0,8212122
11,62	0,8212122
11,63	0,8212122
11,64	0,8212122
11,65	0,8212122
11,68	0,8212122
11,7	0,8212122
11,74	0,8212122
11,77	0,8212122
11,78	0,8212122
11,81	0,8212122
11,84	0,8212122
11,86	0,8212122
11,87	0,8212122
11,89	0,8212122
11,91	0,8212122
11,95	0,8212122
11,97	0,8212122
12,01	0,8212122
12,02	0,8212122
12,04	0,8212122
12,08	0,8212122
12,1	0,8212122
12,13	0,8212122
12,14	0,8212122
12,15	0,8212122
12,17	0,8212122
12,18	0,8212122
12,19	0,8212122
12,24	0,8212122
12,29	0,8212122
12,3	0,8212122
12,35	0,8212122
12,37	0,8212122
12,39	0,8212122
12,4	0,8212122
12,41	0,8212122
12,43	0,8212122
12,48	0,8212122
12,5	0,8212122
12,51	0,8212122
12,52	0,8212122
12,53	0,8212122
12,56	0,8212122
12,66	0,8212122
12,69	0,8212122
12,72	0,8212122
12,76	0,8212122
12,78	0,8212122
12,81	0,8212122
12,83	0,8212122
12,84	0,8212122
12,85	0,8212122
12,87	0,8212122
12,9	0,8212122
12,92	0,8212122
12,95	0,8212122
12,97	0,8212122
12,99	0,8212122
13,04	0,8212122
13,06	0,8212122
13,09	0,8212122
13,11	0,8212122
13,13	0,8212122
13,15	0,8212122
13,16	0,8212122
13,17	0,8212122
13,18	0,8212122
13,19	0,8212122
13,2	0,8212122
13,21	0,8212122
13,24	0,8212122
13,29	0,8212122
13,31	0,8212122
13,33	0,8212122
13,34	0,8212122
13,35	0,8212122
13,38	0,8212122
13,41	0,8212122
13,42	0,8212122
13,44	0,8212122
13,46	0,8212122
13,47	0,8212122
13,5	0,8212122
13,51	0,8212122
13,52	0,8212122
13,55	0,8212122
13,57	0,8212122
13,61	0,8212122
13,62	0,8212122
13,63	0,8212122
13,65	0,8212122
13,66	0,8212122
13,67	0,8212122
13,68	0,8212122
13,7	0,8212122
13,72	0,8212122
13,74	0,8212122
13,76	0,8212122
13,79	0,8212122
13,8	0,8212122
13,83	0,8212122
13,84	0,8212122
13,85	0,8212122
13,88	0,8212122
13,9	0,8212122
13,94	0,8212122
13,96	0,8212122
14	0,8212122
14,02	0,8212122
14,06	0,8212122
14,08	0,8212122
14,13	0,8212122
14,15	0,8212122
14,19	0,8212122
14,22	0,8212122
14,26	0,8212122
14,29	0,8212122
14,33	0,8212122
14,35	0,8212122
14,39	0,8212122
14,41	0,8212122
14,45	0,8212122
14,47	0,8212122
14,51	0,8212122
14,53	0,8212122
14,58	0,8212122
14,6	0,8212122
14,65	0,8212122
14,67	0,8212122
14,72	0,8212122
14,74	0,8212122
14,79	0,8212122
14,81	0,8212122
14,83	0,8212122
14,86	0,8212122
14,88	0,8212122
14,9	0,8212122
14,92	0,8212122
14,94	0,8212122
14,96	0,8212122
14,98	0,8212122
14,99	0,8212122
15,01	0,8212122
15,02	0,8212122
15,05	0,8212122
15,07	0,8212122
15,08	0,8212122
15,09	0,8212122
15,1	0,8212122
15,11	0,8212122
15,12	0,8212122
15,13	0,8212122
15,14	0,8212122
15,16	0,8212122
15,17	0,8212122
15,19	0,8212122
15,21	0,8212122
15,22	0,8212122
15,23	0,8212122
15,24	0,8212122
15,26	0,8212122
15,3	0,8212122
15,32	0,8212122
15,36	0,8212122
15,37	0,8212122
15,38	0,8212122
15,39	0,8212122
15,4	0,8212122
15,41	0,8212122
15,42	0,8212122
15,43	0,8212122
15,44	0,8212122
15,47	0,8212122
15,48	0,8212122
15,5	0,8212122
15,51	0,8212122
15,55	0,8212122
15,57	0,8212122
15,58	0,8212122
15,59	0,8212122
15,61	0,8212122
15,62	0,8212122
15,63	0,8212122
15,64	0,8212122
15,65	0,8212122
15,66	0,8212122
15,68	0,8212122
15,7	0,8212122
15,75	0,8212122
15,77	0,8212122
15,81	0,8212122
15,83	0,8212122
15,86	0,8212122
15,88	0,8212122
15,9	0,8212122
15,91	0,8212122
15,93	0,8212122
15,95	0,8212122
15,97	0,8212122
15,99	0,8212122
16	0,8212122
16,01	0,8212122
16,02	0,8212122
16,03	0,8212122
16,04	0,8212122
16,05	0,8212122
16,06	0,8212122
16,07	0,8212122
16,08	0,8212122
16,12	0,8212122
16,13	0,8212122
16,15	0,8212122
16,17	0,8212122
16,18	0,8212122
16,21	0,8212122
16,23	0,8212122
16,25	0,8212122
16,26	0,8212122
16,27	0,8212122
16,3	0,8212122
16,33	0,8212122
16,34	0,8212122
16,36	0,8212122
16,38	0,8212122
16,39	0,8212122
16,41	0,8212122
16,42	0,8212122
16,43	0,8212122
16,45	0,8212122
16,46	0,8212122
16,47	0,8212122
16,48	0,8212122
16,49	0,8212122
16,5	0,8212122
16,51	0,8212122
16,52	0,8212122
16,53	0,8212122
16,54	0,8212122
16,55	0,8212122
16,56	0,8212122
16,59	0,8212122
16,62	0,8212122
16,63	0,8212122
16,65	0,8212122
16,7	0,8212122
16,72	0,8212122
16,76	0,8212122
16,77	0,8212122
16,79	0,8212122
16,83	0,8212122
16,87	0,8212122
16,91	0,8212122
16,94	0,8212122
16,99	0,8212122
17,01	0,8212122
17,09	0,8212122
17,14	0,8212122
17,16	0,8212122
17,21	0,8212122
17,23	0,8212122
17,27	0,8212122
17,28	0,8212122
17,3	0,8212122
17,34	0,8212122
17,35	0,8212122
17,36	0,8212122
17,39	0,8212122
17,4	0,8212122
17,42	0,8212122
17,45	0,8212122
17,46	0,8212122
17,48	0,8212122
17,5	0,8212122
17,52	0,8212122
17,54	0,8212122
17,55	0,8212122
17,56	0,8212122
17,58	0,8212122
17,59	0,8212122
17,6	0,8212122
17,61	0,8212122
17,62	0,8212122
17,63	0,8212122
17,64	0,8212122
17,65	0,8212122
17,66	0,8212122
17,67	0,8212122
17,68	0,8212122
17,69	0,8212122
17,7	0,8212122
17,73	0,8212122
17,78	0,8212122
17,8	0,8212122
17,84	0,8212122
17,87	0,8212122
17,91	0,8212122
17,93	0,8212122
17,98	0,8212122
18	0,8212122
18,05	0,8212122
18,08	0,8212122
18,1	0,8212122
18,11	0,8212122
18,14	0,8212122
18,17	0,8212122
18,18	0,8212122
18,2	0,8212122
18,23	0,8212122
18,24	0,8212122
18,25	0,8212122
18,26	0,8212122
18,27	0,8212122
18,29	0,8212122
18,3	0,8212122
18,31	0,8212122
18,32	0,8212122
18,35	0,8212122
18,36	0,8212122
18,37	0,8212122
18,38	0,8212122
18,39	0,8212122
18,4	0,8212122
18,41	0,8212122
18,42	0,8212122
18,43	0,8212122
18,44	0,8212122
18,45	0,8212122
18,47	0,8212122
18,48	0,8212122
18,49	0,8212122
18,5	0,8212122
18,52	0,8212122
18,53	0,8212122
18,54	0,8212122
18,56	0,8212122
18,6	0,8212122
18,61	0,8212122
18,62	0,8212122
18,63	0,8212122
18,65	0,8212122
18,67	0,8212122
18,68	0,8212122
18,69	0,8212122
18,7	0,8212122
18,71	0,8212122
18,73	0,8212122
18,74	0,8212122
18,75	0,8212122
18,76	0,8212122
18,77	0,8212122
18,78	0,8212122
18,79	0,8212122
18,8	0,8212122
18,81	0,8212122
18,82	0,8212122
18,83	0,8212122
18,84	0,8212122
18,85	0,8212122
18,86	0,8212122
18,87	0,8212122
18,88	0,8212122
18,89	0,8212122
18,9	0,8212122
18,92	0,8212122
18,96	0,8212122
18,99	0,8212122
19,03	0,8212122
19,05	0,8212122
19,06	0,8212122
19,08	0,8212122
19,1	0,8212122
19,12	0,8212122
19,16	0,8212122
19,19	0,8212122
19,23	0,8212122
19,25	0,8212122
19,32	0,8212122
19,34	0,8212122
19,37	0,8212122
19,4	0,8212122
19,43	0,8212122
19,44	0,8212122
19,45	0,8212122
19,46	0,8212122
19,47	0,8212122
19,48	0,8212122
19,49	0,8212122
19,5	0,8212122
19,51	0,8212122
19,53	0,8212122
19,54	0,8212122
19,57	0,8212122
19,58	0,8212122
19,59	0,8212122
19,64	0,8212122
19,67	0,8212122
19,71	0,8212122
19,74	0,8212122
19,78	0,8212122
19,81	0,8212122
19,86	0,8212122
19,88	0,8212122
19,89	0,8212122
19,91	0,8212122
19,93	0,8212122
19,94	0,8212122
19,96	0,8212122
19,97	0,8212122
19,98	0,8212122
19,99	0,8212122
20	0,8212122
20,01	0,8212122
20,02	0,8212122
20,03	0,8212122
20,04	0,8212122
20,05	0,8212122
20,06	0,8212122
20,07	0,8212122
20,08	0,8212122
20,09	0,8212122
20,1	0,8212122
20,11	0,8212122
20,16	0,8212122
20,18	0,8212122
20,22	0,8212122
20,24	0,8212122
20,27	0,8212122
20,29	0,8212122
20,31	0,8212122
20,35	0,8212122
20,37	0,8212122
20,42	0,8212122
20,44	0,8212122
20,49	0,8212122
20,51	0,8212122
20,55	0,8212122
20,58	0,8212122
20,62	0,8212122
20,65	0,8212122
20,69	0,8212122
20,71	0,8212122
20,76	0,8212122
20,79	0,8212122
20,83	0,8212122
20,84	0,8212122
20,86	0,8212122
20,91	0,8212122
20,93	0,8212122
20,96	0,8212122
20,99	0,8212122
21,02	0,8212122
21,05	0,8212122
21,08	0,8212122
21,09	0,8212122
21,11	0,8212122
21,12	0,8212122
21,13	0,8212122
21,14	0,8212122
21,15	0,8212122
21,16	0,8212122
21,18	0,8212122
21,24	0,8212122
21,26	0,8212122
21,29	0,8212122
21,31	0,8212122
21,33	0,8212122
21,39	0,8212122
21,44	0,8212122
21,45	0,8212122
21,46	0,8212122
21,48	0,8212122
21,51	0,8212122
21,55	0,8212122
21,56	0,8212122
21,58	0,8212122
21,59	0,8212122
21,6	0,8212122
21,61	0,8212122
21,63	0,8212122
21,68	0,8212122
21,71	0,8212122
21,75	0,8212122
21,77	0,8212122
21,8	0,8242425
21,81	0,8242425
21,82	0,8242425
21,83	0,8242425
21,84	0,8272728
21,85	0,8545455
21,86	0,8939394
21,87	0,8939394
21,88	0,8939394
21,89	0,9909091
21,9	0,9909091
21,91	1
21,92	1
21,95	1
21,99	1
22,02	1
22,05	1
22,07	1
22,1	1
22,14	1
22,16	1
22,19	1
22,21	1
22,23	1
22,25	1
22,26	1
22,28	1
22,3	1
22,34	1
22,36	1
22,4	1
22,42	1
22,44	1
22,47	1
22,48	1
22,49	1
22,5	1
22,51	1
22,52	1
22,53	1
22,55	1
22,56	1
22,57	1
22,58	1
22,59	1
22,6	1
22,62	1
22,63	1
22,64	1
22,66	1
22,67	1
22,69	1
22,71	1
22,72	1
22,76	1
22,78	1
22,82	1
22,84	1
22,86	1
22,88	1
22,89	1
22,9	1
22,91	1
22,92	1
22,93	1
22,94	1
22,95	1
22,96	1
22,97	1
22,98	1
22,99	1
23	1
23,02	1
23,03	1
23,04	1
23,05	1
23,06	1
23,07	1
23,08	1
23,09	1
23,1	1
23,11	1
23,12	1
23,13	1
23,14	1
23,15	1
23,16	1
23,2	1
23,26	1
23,28	1
23,3	1
23,32	1
23,36	1
23,37	1
23,39	1
23,44	1
23,46	1
23,5	1
23,52	1
23,57	1
23,6	1
23,65	1
23,67	1
23,71	1
23,73	1
23,79	1
23,84	1
23,86	1
23,91	1
23,92	1
23,95	1
23,97	1
23,99	1
24,03	1
24,06	1
24,07	1
24,09	1
24,1	1
24,13	1
24,17	1
24,19	1
24,21	1
24,23	1
24,25	1
24,28	1
24,29	1
24,3	1
24,32	1
24,34	1
24,35	1
24,37	1
24,38	1
24,39	1
24,42	1
24,44	1
24,45	1
24,46	1
24,47	1
24,48	1
24,51	1
24,52	1
24,53	1
24,55	1
24,56	1
24,59	1
24,6	1
24,61	1
24,63	1
24,67	1
24,68	1
24,69	1
24,7	1
24,71	1
24,72	1
24,73	1
24,74	1
24,75	1
24,76	1
24,77	1
24,78	1
24,82	1
24,84	1
24,86	1
24,88	1
24,92	1
24,95	1
25	1
25,03	1
25,07	1
25,09	1
25,12	1
25,14	1
25,17	1
25,19	1
25,22	1
25,23	1
25,24	1
25,26	1
25,27	1
25,28	1
25,29	1
25,33	1
25,34	1
25,36	1
25,37	1
25,39	1
25,4	1
25,41	1
25,43	1
25,44	1
25,46	1
25,47	1
25,48	1
25,49	1
25,51	1
25,54	1
25,58	1
25,6	1
25,61	1
25,63	1
25,67	1
25,71	1
25,73	1
25,77	1
25,81	1
25,83	1
25,84	1
25,86	1
25,87	1
25,91	1
25,92	1
25,93	1
25,96	1
25,98	1
25,99	1
26,01	1
26,03	1
26,04	1
26,06	1
26,07	1
26,1	1
26,12	1
26,14	1
26,15	1
26,17	1
26,18	1
26,19	1
26,2	1
26,23	1
26,24	1
26,27	1
26,29	1
26,31	1
26,32	1
26,34	1
26,36	1
26,37	1
26,4	1
26,42	1
26,44	1
26,45	1
26,47	1
26,49	1
26,52	1
26,54	1
26,55	1
26,56	1
26,57	1
26,59	1
26,63	1
26,65	1
26,66	1
26,67	1
26,69	1
26,71	1
26,76	1
26,78	1
26,81	1
26,82	1
26,83	1
26,85	1
26,88	1
26,89	1
26,91	1
26,92	1
26,94	1
26,98	1
26,99	1
27	1
27,03	1
27,05	1
27,07	1
27,09	1
27,11	1
27,15	1
27,18	1
27,19	1
27,2	1
27,23	1
27,24	1
27,27	1
27,29	1
27,32	1
27,34	1
27,36	1
27,39	1
27,4	1
27,43	1
27,48	1
27,49	1
27,51	1
27,52	1
27,55	1
27,56	1
27,57	1
27,58	1
27,61	1
27,65	1
27,66	1
27,67	1
27,68	1
27,69	1
27,7	1
27,71	1
27,72	1
27,73	1
27,74	1
27,76	1
27,79	1
27,83	1
27,85	1
27,89	1
27,92	1
27,96	1
27,98	1
28,03	1
28,05	1
28,09	1
28,11	1
28,15	1
28,17	1
28,2	1
28,23	1
28,27	1
28,29	1
28,34	1
28,37	1
28,41	1
28,42	1
28,45	1
28,49	1
28,52	1
28,57	1
28,6	1
28,64	1
28,67	1
28,71	1
28,74	1
28,8	1
28,82	1
28,85	1
28,87	1
28,91	1
28,94	1
28,98	1
29,01	1
29,05	1
29,08	1
29,12	1
29,14	1
29,18	1
29,21	1
29,25	1
29,28	1
29,32	1
29,34	1
29,38	1
29,41	1
29,45	1
29,47	1
29,52	1
29,55	1
29,59	1
29,61	1
29,65	1
29,68	1
29,72	1
29,74	1
29,79	1
29,81	1
29,84	1
29,86	1
29,89	1
29,94	1
29,96	1
30,01	1
30,03	1
30,08	1
30,1	1
30,14	1
30,16	1
30,2	1
30,23	1
30,27	1
30,3	1
30,34	1
30,36	1
30,4	1
30,43	1
30,47	1
30,5	1
30,55	1
30,61	1
30,67	1
30,7	1
30,71	1
30,74	1
30,79	1
30,82	1
30,86	1
30,88	1
30,92	1
30,94	1
31	1
31,04	1
31,07	1
31,12	1
31,15	1
31,16	1
31,19	1
31,21	1
31,23	1
31,25	1
31,26	1
31,27	1
31,3	1
31,31	1
31,33	1
31,34	1
31,35	1
31,36	1
31,39	1
31,41	1
31,42	1
31,44	1
31,45	1
31,48	1
31,5	1
31,52	1
31,54	1
31,55	1
31,56	1
31,57	1
31,58	1
31,59	1
31,6	1
31,61	1
31,63	1
31,65	1
31,66	1
31,67	1
31,69	1
31,71	1
31,73	1
31,74	1
31,75	1
31,76	1
31,78	1
31,79	1
31,8	1
31,81	1
31,82	1
31,84	1
31,86	1
31,88	1
31,9	1
31,92	1
31,93	1
31,95	1
31,97	1
32,01	1
32,02	1
32,04	1
32,07	1
32,09	1
32,14	1
32,16	1
32,19	1
32,21	1
32,23	1
32,24	1
32,27	1
32,28	1
32,29	1
32,3	1
32,31	1
32,32	1
32,33	1
32,34	1
32,35	1
32,36	1
32,4	1
32,42	1
32,44	1
32,45	1
32,48	1
32,52	1
32,54	1
32,59	1
32,61	1
32,64	1
32,67	1
32,69	1
32,71	1
32,73	1
32,74	1
32,76	1
32,77	1
32,78	1
32,79	1
32,81	1
32,82	1
32,83	1
32,84	1
32,85	1
32,86	1
32,88	1
32,89	1
32,9	1
32,91	1
32,92	1
32,93	1
32,95	1
32,97	1
33,01	1
33,04	1
33,06	1
33,08	1
33,1	1
33,13	1
33,15	1
33,17	1
33,21	1
33,24	1
33,26	1
33,27	1
33,29	1
33,3	1
33,31	1
33,32	1
33,33	1
33,34	1
33,35	1
33,38	1
33,4	1
33,41	1
33,43	1
33,44	1
33,46	1
33,47	1
33,49	1
33,51	1
33,52	1
33,54	1
33,56	1
33,57	1
33,59	1
33,6	1
33,61	1
33,63	1
33,64	1
33,66	1
33,67	1
33,68	1
33,7	1
33,72	1
33,74	1
33,76	1
33,77	1
33,78	1
33,79	1
33,81	1
33,82	1
33,84	1
33,85	1
33,86	1
33,88	1
33,89	1
33,9	1
33,91	1
33,93	1
33,95	1
33,98	1
33,99	1
34,01	1
34,03	1
34,04	1
34,05	1
34,06	1
34,08	1
34,12	1
34,14	1
34,15	1
34,16	1
34,19	1
34,2	1
34,21	1
34,22	1
34,23	1
34,24	1
34,25	1
34,26	1
34,27	1
34,28	1
34,29	1
34,3	1
34,32	1
34,35	1
34,36	1
34,37	1
34,39	1
34,42	1
34,44	1
34,47	1
34,48	1
34,5	1
34,51	1
34,52	1
34,53	1
34,55	1
34,57	1
34,58	1
34,6	1
34,61	1
34,63	1
34,65	1
34,67	1
34,68	1
34,69	1
34,7	1
34,71	1
34,72	1
34,74	1
34,76	1
34,78	1
34,79	1
34,8	1
34,81	1
34,82	1
34,83	1
34,84	1
34,85	1
34,86	1
34,87	1
34,88	1
34,89	1
34,9	1
34,91	1
34,92	1
34,93	1
34,94	1
34,95	1
34,96	1
34,97	1
34,98	1
34,99	1
35	1
35,01	1
35,03	1
35,04	1
35,05	1
35,06	1
35,07	1
35,09	1
35,1	1
35,11	1
35,12	1
35,14	1
35,15	1
35,16	1
35,18	1
35,19	1
35,2	1
35,21	1
35,22	1
35,23	1
35,24	1
35,26	1
35,28	1
35,29	1
35,31	1
35,33	1
35,34	1
35,36	1
35,37	1
35,38	1
35,39	1
35,4	1
35,41	1
35,42	1
35,43	1
35,44	1
35,45	1
35,46	1
35,47	1
35,48	1
35,49	1
35,5	1
35,51	1
35,52	1
35,53	1
35,54	1
35,55	1
35,56	1
35,57	1
35,58	1
35,59	1
35,6	1
35,61	1
35,62	1
35,63	1
35,64	1
35,65	1
35,66	1
35,67	1
35,68	1
35,69	1
35,7	1
35,71	1
35,72	1
35,73	1
35,74	1
35,75	1
35,76	1
35,77	1
35,78	1
35,79	1
35,8	1
35,81	1
35,82	1
35,83	1
35,84	1
35,85	1
35,86	1
35,87	1
35,88	1
35,89	1
35,9	1
35,91	1
35,92	1
35,93	1
35,94	1
35,95	1
35,96	1
35,97	1
35,98	1
35,99	1
36	1
36,01	1
36,02	1
36,03	1
36,04	1
36,05	1
36,06	1
36,07	1
36,08	1
36,09	1
36,1	1
36,11	1
36,12	1
36,13	1
36,14	1
36,15	1
36,16	1
36,17	1
36,18	1
36,19	1
36,2	1
36,21	1
36,22	1
36,23	1
36,24	1
36,25	1
36,26	1
36,27	1
36,28	1
36,29	1
36,3	1
36,31	1
36,32	1
36,33	1
36,34	1
36,35	1
36,36	1
36,37	1
36,38	1
36,39	1
36,4	1
36,41	1
36,42	1
36,43	1
36,44	1
36,45	1
36,46	1
36,47	1
36,48	1
36,49	1
36,5	1
36,51	1
36,52	1
36,53	1
36,54	1
36,55	1
36,56	1
36,57	1
36,58	1
36,59	1
36,6	1
36,61	1
36,62	1
36,63	1
36,64	1
36,65	1
36,66	1
36,67	1
36,68	1
36,69	1
36,7	1
36,71	1
36,72	1
36,73	1
36,74	1
36,75	1
36,76	1
36,77	1
36,78	1
36,79	1
36,8	1
36,81	1
36,82	1
36,83	1
36,84	1
36,85	1
36,86	1
36,87	1
36,88	1
36,89	1
36,9	1
36,91	1
36,92	1
36,93	1
36,94	1
36,95	1
36,96	1
36,97	1
36,98	1
36,99	1
37	1
37,01	1
37,05	1
37,06	1
37,07	1
37,08	1
37,09	1
37,11	1
37,13	1
37,15	1
37,16	1
37,17	1
37,18	1
37,2	1
37,24	1
37,25	1
37,27	1
37,28	1
37,29	1
37,3	1
37,31	1
37,32	1
37,33	1
37,35	1
37,36	1
37,38	1
37,39	1
37,4	1
37,41	1
37,42	1
37,43	1
37,44	1
37,45	1
37,46	1
37,47	1
37,48	1
37,49	1
37,5	1
37,51	1
37,52	1
37,53	1
37,54	1
37,55	1
37,56	1
37,57	1
37,58	1
37,59	1
37,6	1
37,61	1
37,62	1
37,63	1
37,72	1
37,76	1
37,78	1
37,82	1
37,83	1
37,85	1
37,88	1
37,91	1
37,94	1
37,95	1
37,96	1
37,99	1
38	1
38,02	1
38,04	1
38,06	1
38,07	1
38,08	1
38,09	1
38,11	1
38,14	1
38,15	1
38,16	1
38,19	1
38,21	1
38,22	1
38,23	1
38,25	1
38,26	1
38,27	1
38,28	1
38,29	1
38,3	1
38,31	1
38,32	1
38,34	1
38,35	1
38,36	1
38,41	1
38,43	1
38,46	1
38,49	1
38,51	1
38,56	1
38,6	1
38,62	1
38,67	1
38,69	1
38,73	1
38,75	1
38,8	1
38,82	1
38,87	1
38,9	1
38,93	1
38,96	1
38,98	1
39	1
39,03	1
39,07	1
39,08	1
39,12	1
39,14	1
39,15	1
39,16	1
39,19	1
39,2	1
39,23	1
39,24	1
39,25	1
39,27	1
39,3	1
39,31	1
39,33	1
39,34	1
39,35	1
39,37	1
39,38	1
39,39	1
39,4	1
39,41	1
39,42	1
39,43	1
39,44	1
39,45	1
39,46	1
39,47	1
39,48	1
39,49	1
39,5	1
39,54	1
39,59	1
39,6	1
39,65	1
39,66	1
39,68	1
39,7	1
39,72	1
39,77	1
39,78	1
39,83	1
39,85	1
39,87	1
39,88	1
39,89	1
39,9	1
39,91	1
39,92	1
39,93	1
39,95	1
39,98	1
40	1
40,02	1
40,04	1
40,08	1
40,1	1
40,14	1
40,15	1
40,19	1
40,23	1
40,26	1
40,3	1
40,32	1
40,37	1
40,38	1
40,42	1
40,44	1
40,49	1
40,51	1
40,54	1
40,55	1
40,56	1
40,58	1
40,59	1
40,6	1
40,61	1
40,62	1
40,63	1
40,65	1
40,7	1
40,71	1
40,76	1
40,78	1
40,79	1
40,8	1
40,82	1
40,83	1
40,84	1
40,87	1
40,88	1
40,89	1
40,9	1
40,93	1
40,94	1
40,95	1
40,96	1
40,97	1
41,01	1
41,04	1
41,06	1
41,07	1
41,08	1
41,1	1
41,11	1
41,12	1
41,13	1
41,14	1
41,15	1
41,16	1
41,17	1
41,18	1
41,19	1
41,2	1
41,22	1
41,26	1
41,28	1
41,32	1
41,34	1
41,38	1
41,41	1
41,43	1
41,44	1
41,46	1
41,47	1
41,48	1
41,49	1
41,5	1
41,52	1
41,53	1
41,57	1
41,59	1
41,62	1
41,64	1
41,67	1
41,7	1
41,71	1
41,74	1
41,77	1
41,79	1
41,81	1
41,85	1
41,87	1
41,89	1
41,9	1
41,91	1
41,92	1
41,93	1
41,94	1
41,95	1
41,96	1
41,97	1
41,98	1
41,99	1
42	1
42,03	1
42,04	1
42,06	1
42,07	1
42,08	1
42,09	1
42,1	1
42,11	1
42,12	1
42,13	1
42,14	1
42,15	1
42,16	1
42,17	1
42,18	1
42,21	1
42,23	1
42,24	1
42,25	1
42,26	1
42,27	1
42,28	1
42,29	1
42,3	1
42,32	1
42,33	1
42,34	1
42,35	1
42,37	1
42,38	1
42,39	1
42,4	1
42,42	1
42,45	1
42,46	1
42,47	1
42,48	1
42,49	1
42,5	1
42,52	1
42,54	1
42,55	1
42,56	1
42,57	1
42,58	1
42,59	1
42,6	1
42,62	1
42,64	1
42,65	1
42,67	1
42,69	1
42,72	1
42,76	1
42,78	1
42,82	1
42,84	1
42,88	1
42,9	1
42,94	1
42,96	1
43	1
43,03	1
43,04	1
43,05	1
43,07	1
43,08	1
43,09	1
43,12	1
43,13	1
43,14	1
43,16	1
43,18	1
43,2	1
43,23	1
43,24	1
43,25	1
43,27	1
43,29	1
43,32	1
43,35	1
43,36	1
43,39	1
43,42	1
43,45	1
43,47	1
43,5	1
43,53	1
43,55	1
43,56	1
43,57	1
43,63	1
43,67	1
43,7	1
43,74	1
43,75	1
43,76	1
43,77	1
43,78	1
43,79	1
43,8	1
43,81	1
43,82	1
43,83	1
43,87	1
43,89	1
43,93	1
43,95	1
43,99	1
44,01	1
44,06	1
44,09	1
44,14	1
44,16	1
44,21	1
44,23	1
44,28	1
44,3	1
44,35	1
44,37	1
44,41	1
44,44	1
44,48	1
44,5	1
44,53	1
44,54	1
44,55	1
44,57	1
44,61	1
44,62	1
44,63	1
44,67	1
44,69	1
44,7	1
44,71	1
44,75	1
44,79	1
44,83	1
44,86	1
44,88	1
44,91	1
44,95	1
44,98	1
45,02	1
45,04	1
45,07	1
45,09	1
45,11	1
45,15	1
45,17	1
45,19	1
45,22	1
45,24	1
45,27	1
45,3	1
45,34	1
45,36	1
45,4	1
45,43	1
45,47	1
45,49	1
45,51	1
45,52	1
45,53	1
45,54	1
45,55	1
45,56	1
45,57	1
45,58	1
45,59	1
45,63	1
45,67	1
45,69	1
45,7	1
45,71	1
45,74	1
45,77	1
45,83	1
45,87	1
45,9	1
45,94	1
45,96	1
45,99	1
46,01	1
46,03	1
46,08	1
46,1	1
46,14	1
46,17	1
46,21	1
46,24	1
46,28	1
46,29	1
46,33	1
46,34	1
46,36	1
46,4	1
46,42	1
46,43	1
46,44	1
46,45	1
46,46	1
46,47	1
46,48	1
46,49	1
46,51	1
46,54	1
46,56	1
46,66	1
46,72	1
46,76	1
46,78	1
46,79	1
46,8	1
46,83	1
46,85	1
46,86	1
46,89	1
46,9	1
46,93	1
46,96	1
46,97	1
47,01	1
47,02	1
47,03	1
47,06	1
47,08	1
47,1	1
47,11	1
47,12	1
47,13	1
47,14	1
47,17	1
47,2	1
47,21	1
47,22	1
47,23	1
47,24	1
47,25	1
47,26	1
47,29	1
47,33	1
47,36	1
47,41	1
47,43	1
47,46	1
47,47	1
47,48	1
47,49	1
47,5	1
47,51	1
47,54	1
47,57	1
47,58	1
47,59	1
47,6	1
47,62	1
47,65	1
47,66	1
47,67	1
47,68	1
47,71	1
47,75	1
47,77	1
47,78	1
47,79	1
47,81	1
47,82	1
47,84	1
47,85	1
47,86	1
47,87	1
47,88	1
47,89	1
47,9	1
47,91	1
47,92	1
47,93	1
47,94	1
47,95	1
47,96	1
47,97	1
47,98	1
48	1
48,03	1
48,05	1
48,07	1
48,11	1
48,13	1
48,16	1
48,17	1
48,19	1
48,21	1
48,22	1
48,23	1
48,25	1
48,26	1
48,28	1
48,29	1
48,32	1
48,33	1
48,35	1
48,37	1
48,38	1
48,41	1
48,43	1
48,44	1
48,45	1
48,46	1
48,48	1
48,5	1
48,53	1
48,54	1
48,56	1
48,57	1
48,59	1
48,6	1
48,62	1
48,64	1
48,66	1
48,67	1
48,68	1
48,7	1
48,71	1
48,72	1
48,74	1
48,75	1
48,76	1
48,78	1
48,8	1
48,83	1
48,84	1
48,85	1
48,87	1
48,89	1
48,91	1
48,92	1
48,93	1
48,94	1
48,95	1
48,96	1
48,97	1
48,98	1
48,99	1
49	1
49,01	1
49,02	1
49,03	1
49,05	1
49,09	1
49,11	1
49,15	1
49,17	1
49,21	1
49,24	1
49,28	1
49,31	1
49,36	1
49,41	1
49,45	1
49,47	1
49,51	1
49,54	1
49,59	1
49,61	1
49,65	1
49,66	1
49,67	1
49,68	1
49,69	1
49,72	1
49,74	1
49,75	1
49,76	1
49,8	1
49,83	1
49,87	1
49,91	1
49,92	1
49,94	1
49,97	1
49,99	1
50,04	1
50,06	1
50,1	1
50,13	1
50,17	1
50,2	1
50,22	1
50,24	1
50,26	1
50,3	1
50,32	1
50,33	1
50,34	1
50,36	1
50,37	1
50,38	1
50,39	1
50,4	1
50,41	1
50,44	1
50,48	1
50,5	1
50,54	1
50,57	1
50,61	1
50,63	1
50,68	1
50,7	1
50,74	1
50,76	1
50,8	1
50,82	1
50,87	1
50,89	1
50,93	1
50,96	1
51,01	1
51,03	1
51,08	1
51,1	1
51,15	1
51,17	1
51,22	1
51,24	1
51,29	1
51,31	1
51,36	1
51,38	1
51,42	1
51,44	1
51,53	1
51,54	1
51,55	1
51,56	1
51,57	1
51,59	1
51,6	1
51,62	1
51,64	1
51,67	1
51,71	1
51,74	1
51,78	1
51,8	1
51,85	1
51,87	1
51,91	1
51,94	1
51,98	1
52,01	1
52,05	1
52,07	1
52,1	1
52,12	1
52,15	1
52,19	1
52,23	1
52,28	1
52,3	1
52,36	1
52,4	1
52,42	1
52,46	1
52,48	1
52,53	1
52,56	1
52,58	1
52,59	1
52,6	1
52,63	1
52,67	1
52,69	1
52,73	1
52,75	1
52,8	1
52,82	1
52,86	1
52,88	1
52,93	1
52,95	1
53	1
53,02	1
53,06	1
53,08	1
53,13	1
53,15	1
53,2	1
53,22	1
53,27	1
53,28	1
53,34	1
53,35	1
53,38	1
53,39	1
53,42	1
53,47	1
53,5	1
53,54	1
53,57	1
53,62	1
53,64	1
53,69	1
53,71	1
53,75	1
53,77	1
53,81	1
53,83	1
53,87	1
53,89	1
53,94	1
53,96	1
53,99	1
54,01	1
54,03	1
54,07	1
54,09	1
54,14	1
54,16	1
54,2	1
54,22	1
54,26	1
54,27	1
54,29	1
54,33	1
54,34	1
54,35	1
54,37	1
54,4	1
54,42	1
54,45	1
54,47	1
54,49	1
54,54	1
54,57	1
54,61	1
54,63	1
54,68	1
54,7	1
54,75	1
54,77	1
54,82	1
54,84	1
54,89	1
54,91	1
54,96	1
54,98	1
55,03	1
55,05	1
55,09	1
55,11	1
55,16	1
55,18	1
55,23	1
55,26	1
55,31	1
55,33	1
55,34	1
55,36	1
55,39	1
55,44	1
55,47	1
55,51	1
55,54	1
55,58	1
55,6	1
55,65	1
55,67	1
55,72	1
55,74	1
55,79	1
55,81	1
55,87	1
55,91	1
55,94	1
55,98	1
56	1
56,06	1
56,1	1
56,12	1
56,16	1
56,19	1
56,24	1
56,27	1
56,31	1
56,33	1
56,39	1
56,43	1
56,49	1
56,53	1
56,56	1
56,59	1
56,63	1
56,68	1
56,7	1
56,74	1
56,77	1
56,81	1
56,83	1
56,88	1
56,91	1
56,95	1
56,97	1
57,02	1
57,04	1
57,08	1
57,11	1
57,15	1
57,17	1
57,21	1
57,23	1
57,27	1
57,29	1
57,34	1
57,37	1
57,41	1
57,44	1
57,48	1
57,5	1
57,54	1
57,57	1
57,6	1
57,63	1
57,67	1
57,7	1
57,76	1
57,8	1
57,83	1
57,87	1
57,9	1
57,94	1
57,96	1
58,01	1
58,03	1
58,11	1
58,15	1
58,18	1
58,23	1
58,26	1
58,3	1
58,32	1
58,37	1
58,39	1
58,44	1
58,46	1
58,51	1
58,54	1
58,59	1
58,61	1
58,66	1
58,68	1
58,72	1
58,74	1
58,79	1
58,82	1
58,86	1
58,89	1
58,91	1
58,94	1
58,95	1
59	1
59,02	1
59,08	1
59,13	1
59,16	1
59,2	1
59,24	1
59,29	1
59,31	1
59,35	1
59,36	1
59,39	1
59,45	1
59,49	1
59,52	1
59,58	1
59,62	1
59,65	1
59,69	1
59,73	1
59,77	1
59,8	1
59,81	1
59,82	1
59,84	1
59,85	1
59,87	1
59,93	1
59,98	1
60	1
60,04	1
60,07	1
60,11	1
60,13	1
60,17	1
60,19	1
60,23	1
60,25	1
60,27	1
60,3	1
60,32	1
60,36	1
60,4	1
60,44	1
60,46	1
60,5	1
60,52	1
60,58	1
60,62	1
60,64	1
60,68	1
60,7	1
60,74	1
60,76	1
60,81	1
60,83	1
60,87	1
60,89	1
60,94	1
60,96	1
61	1
61,02	1
61,06	1
61,08	1
61,12	1
61,14	1
61,17	1
61,19	1
61,21	1
61,26	1
61,28	1
61,33	1
61,35	1
61,39	1
61,41	1
61,45	1
61,48	1
61,52	1
61,55	1
61,6	1
61,63	1
61,68	1
61,72	1
61,74	1
61,78	1
61,81	1
61,84	1
61,9	1
61,95	1
61,97	1
62,01	1
62,03	1
62,07	1
62,09	1
62,13	1
62,15	1
62,18	1
62,2	1
62,23	1
62,27	1
62,29	1
62,33	1
62,35	1
62,4	1
62,42	1
62,46	1
62,48	1
62,52	1
62,55	1
62,59	1
62,61	1
62,65	1
62,67	1
62,7	1
62,72	1
62,74	1
62,79	1
62,81	1
62,87	1
62,91	1
62,93	1
62,97	1
62,99	1
63,03	1
63,05	1
63,1	1
63,12	1
63,16	1
63,18	1
63,22	1
63,23	1
63,24	1
63,25	1
63,28	1
63,3	1
63,33	1
63,36	1
63,41	1
63,43	1
63,47	1
63,5	1
63,54	1
63,56	1
63,61	1
63,63	1
63,68	1
63,7	1
63,74	1
63,76	1
63,81	1
63,83	1
63,86	1
63,87	1
63,88	1
63,91	1
63,94	1
63,97	1
64,02	1
64,03	1
64,07	1
64,1	1
64,12	1
64,16	1
64,2	1
64,22	1
64,26	1
64,28	1
64,33	1
64,35	1
64,4	1
64,42	1
64,47	1
64,5	1
64,55	1
64,58	1
64,62	1
64,63	1
64,65	1
64,69	1
64,71	1
64,75	1
64,78	1
64,82	1
64,84	1
64,88	1
64,9	1
64,94	1
64,96	1
65,02	1
65,07	1
65,09	1
65,14	1
65,16	1
65,21	1
65,23	1
65,27	1
65,3	1
65,39	1
65,42	1
65,44	1
65,46	1
65,52	1
65,57	1
65,59	1
65,64	1
65,66	1
65,68	1
65,69	1
65,7	1
65,71	1
65,72	1
65,74	1
65,76	1
65,79	1
65,83	1
65,84	1
65,85	1
65,89	1
65,91	1
65,92	1
65,94	1
65,96	1
65,97	1
65,99	1
66,02	1
66,05	1
66,06	1
66,07	1
66,08	1
66,1	1
66,12	1
66,13	1
66,15	1
66,17	1
66,18	1
66,21	1
66,22	1
66,23	1
66,25	1
66,3	1
66,32	1
66,37	1
66,4	1
66,44	1
66,46	1
66,5	1
66,51	1
66,54	1
66,59	1
66,61	1
66,62	1
66,63	1
66,64	1
66,65	1
66,66	1
66,67	1
66,69	1
66,74	1
66,79	1
66,81	1
66,85	1
66,87	1
66,92	1
66,94	1
66,96	1
66,97	1
66,98	1
66,99	1
67	1
67,01	1
67,02	1
67,03	1
67,05	1
67,07	1
67,12	1
67,15	1
67,2	1
67,21	1
67,23	1
67,25	1
67,27	1
67,28	1
67,3	1
67,32	1
67,33	1
67,36	1
67,37	1
67,39	1
67,44	1
67,46	1
67,49	1
67,5	1
67,51	1
67,53	1
67,58	1
67,61	1
67,65	1
67,67	1
67,72	1
67,73	1
67,74	1
67,76	1
67,79	1
67,84	1
67,86	1
67,87	1
67,88	1
67,89	1
67,91	1
67,92	1
67,93	1
67,94	1
67,95	1
67,97	1
67,98	1
68,01	1
68,03	1
68,06	1
68,07	1
68,09	1
68,1	1
68,12	1
68,13	1
68,14	1
68,16	1
68,17	1
68,18	1
68,2	1
68,23	1
68,26	1
68,29	1
68,31	1
68,34	1
68,36	1
68,4	1
68,43	1
68,47	1
68,48	1
68,5	1
68,54	1
68,57	1
68,61	1
68,63	1
68,67	1
68,69	1
68,72	1
68,74	1
68,76	1
68,78	1
68,79	1
68,81	1
68,83	1
68,84	1
68,85	1
68,87	1
68,88	1
68,89	1
68,94	1
68,96	1
68,99	1
69	1
69,03	1
69,07	1
69,09	1
69,12	1
69,14	1
69,16	1
69,2	1
69,23	1
69,27	1
69,29	1
69,31	1
69,32	1
69,34	1
69,37	1
69,41	1
69,42	1
69,44	1
69,45	1
69,47	1
69,49	1
69,51	1
69,52	1
69,53	1
69,54	1
69,55	1
69,56	1
69,57	1
69,58	1
69,59	1
69,62	1
69,66	1
69,68	1
69,71	1
69,73	1
69,75	1
69,79	1
69,81	1
69,85	1
69,87	1
69,89	1
69,9	1
69,91	1
69,93	1
69,96	1
69,98	1
70	1
70,05	1
70,07	1
70,12	1
70,13	1
70,17	1
70,19	1
70,2	1
70,22	1
70,25	1
70,26	1
70,27	1
70,28	1
70,29	1
70,32	1
70,36	1
70,38	1
70,4	1
70,43	1
70,44	1
70,47	1
70,48	1
70,49	1
70,53	1
70,56	1
70,6	1
70,61	1
70,64	1
70,66	1
70,68	1
70,72	1
70,74	1
70,77	1
70,78	1
70,79	1
70,81	1
70,82	1
70,83	1
70,84	1
70,87	1
70,91	1
70,93	1
70,97	1
70,99	1
71,03	1
71,06	1
71,08	1
71,1	1
71,12	1
71,17	1
71,19	1
71,23	1
71,25	1
71,34	1
71,39	1
71,41	1
71,46	1
71,48	1
71,52	1
71,56	1
71,6	1
71,62	1
71,67	1
71,69	1
71,74	1
71,76	1
71,8	1
71,82	1
71,86	1
71,88	1
71,92	1
71,95	1
71,99	1
72,01	1
72,06	1
72,08	1
72,12	1
72,14	1
72,18	1
72,21	1
72,25	1
72,27	1
72,31	1
72,33	1
72,37	1
72,39	1
72,44	1
72,46	1
72,49	1
72,5	1
72,53	1
72,58	1
72,6	1
72,64	1
72,67	1
72,71	1
72,74	1
72,78	1
72,81	1
72,83	1
72,86	1
72,88	1
72,91	1
72,92	1
72,93	1
72,94	1
72,95	1
72,97	1
72,99	1
73,01	1
73,06	1
73,08	1
73,12	1
73,14	1
73,19	1
73,22	1
73,25	1
73,28	1
73,32	1
73,34	1
73,38	1
73,4	1
73,45	1
73,47	1
73,51	1
73,52	1
73,54	1
73,59	1
73,62	1
73,65	1
73,66	1
73,67	1
73,7	1
73,73	1
73,76	1
73,8	1
73,81	1
73,83	1
73,87	1
73,9	1
73,94	1
73,96	1
74	1
74,02	1
74,06	1
74,08	1
74,13	1
74,15	1
74,2	1
74,22	1
74,27	1
74,29	1
74,33	1
74,35	1
74,39	1
74,41	1
74,45	1
74,47	1
74,52	1
74,54	1
74,58	1
74,6	1
74,64	1
74,66	1
74,7	1
74,73	1
74,77	1
74,79	1
74,83	1
74,85	1
74,9	1
74,92	1
74,96	1
74,98	1
75,02	1
75,04	1
75,08	1
75,1	1
75,15	1
75,17	1
75,21	1
75,24	1
75,29	1
75,31	1
75,35	1
75,37	1
75,41	1
75,44	1
75,48	1
75,5	1
75,54	1
75,56	1
75,61	1
75,63	1
75,67	1
75,69	1
75,74	1
75,77	1
75,81	1
75,83	1
75,88	1
75,9	1
75,94	1
75,97	1
76,01	1
76,03	1
76,07	1
76,09	1
76,13	1
76,15	1
76,19	1
76,21	1
76,25	1
76,28	1
76,32	1
76,35	1
76,39	1
76,43	1
76,52	1
76,58	1
76,62	1
76,64	1
76,67	1
76,69	1
76,71	1
76,75	1
76,78	1
76,82	1
76,84	1
76,88	1
76,9	1
76,95	1
76,97	1
77,02	1
77,04	1
77,08	1
77,09	1
77,1	1
77,11	1
77,12	1
77,15	1
77,17	1
77,21	1
77,24	1
77,29	1
77,31	1
77,36	1
77,39	1
77,44	1
77,46	1
77,49	1
77,5	1
77,52	1
77,57	1
77,58	1
77,61	1
77,64	1
77,67	1
77,68	1
77,7	1
77,73	1
77,76	1
77,8	1
77,83	1
77,85	1
77,86	1
77,87	1
77,89	1
77,95	1
77,99	1
78,01	1
78,03	1
78,06	1
78,08	1
78,12	1
78,15	1
78,17	1
78,18	1
78,19	1
78,2	1
78,21	1
78,22	1
78,25	1
78,27	1
78,31	1
78,34	1
78,39	1
78,43	1
78,45	1
78,46	1
78,48	1
78,5	1
78,55	1
78,59	1
78,62	1
78,63	1
78,65	1
78,7	1
78,71	1
78,72	1
78,75	1
78,77	1
78,82	1
78,84	1
78,88	1
78,9	1
78,95	1
78,97	1
79,01	1
79,03	1
79,05	1
79,07	1
79,09	1
79,13	1
79,15	1
79,18	1
79,2	1
79,22	1
79,26	1
79,28	1
79,32	1
79,34	1
79,38	1
79,39	1
79,42	1
79,46	1
79,47	1
79,49	1
79,54	1
79,57	1
79,62	1
79,64	1
79,67	1
79,69	1
79,72	1
79,77	1
79,79	1
79,84	1
79,87	1
79,89	1
79,9	1
79,91	1
79,93	1
79,94	1
79,96	1
79,98	1
80,01	1
80,05	1
80,07	1
80,11	1
80,12	1
80,13	1
80,19	1
80,22	1
80,23	1
80,24	1
80,25	1
80,3	1
80,31	1
80,33	1
80,34	1
80,35	1
80,37	1
80,38	1
80,39	1
80,43	1
80,49	1
80,51	1
80,53	1
80,54	1
80,55	1
80,59	1
80,62	1
80,66	1
80,67	1
80,68	1
80,7	1
80,71	1
80,72	1
80,73	1
80,75	1
80,81	1
80,89	1
80,93	1
80,94	1
80,95	1
80,98	1
80,99	1
81,01	1
81,06	1
81,08	1
81,11	1
81,14	1
81,15	1
81,18	1
81,21	1
81,26	1
81,28	1
81,32	1
81,34	1
81,38	1
81,39	1
81,4	1
81,43	1
81,45	1
81,47	1
81,49	1
81,52	1
81,54	1
81,55	1
81,56	1
81,57	1
81,58	1
81,59	1
81,6	1
81,63	1
81,65	1
81,67	1
81,68	1
81,69	1
81,71	1
81,72	1
81,73	1
81,74	1
81,75	1
81,78	1
81,82	1
81,84	1
81,88	1
81,9	1
81,95	1
81,96	1
82	1
82,01	1
82,02	1
82,03	1
82,04	1
82,05	1
82,07	1
82,09	1
82,12	1
82,14	1
82,16	1
82,2	1
82,21	1
82,23	1
82,28	1
82,29	1
82,33	1
82,34	1
82,35	1
82,36	1
82,37	1
82,38	1
82,41	1
82,43	1
82,44	1
82,45	1
82,47	1
82,5	1
82,51	1
82,52	1
82,53	1
82,54	1
82,59	1
82,64	1
82,66	1
82,7	1
82,72	1
82,74	1
82,77	1
82,79	1
82,81	1
82,82	1
82,84	1
82,86	1
82,9	1
82,92	1
82,94	1
82,95	1
82,97	1
82,98	1
82,99	1
83	1
83,01	1
83,02	1
83,03	1
83,04	1
83,05	1
83,06	1
83,07	1
83,08	1
83,09	1
83,1	1
83,11	1
83,12	1
83,14	1
83,17	1
83,21	1
83,24	1
83,28	1
83,3	1
83,33	1
83,35	1
83,37	1
83,42	1
83,44	1
83,49	1
83,51	1
83,55	1
83,56	1
83,58	1
83,63	1
83,65	1
83,7	1
83,72	1
83,75	1
83,77	1
83,79	1
83,82	1
83,84	1
83,87	1
83,91	1
83,93	1
83,97	1
83,99	1
84,03	1
84,05	1
84,1	1
84,12	1
84,15	1
84,17	1
84,19	1
84,23	1
84,25	1
84,29	1
84,33	1
84,34	1
84,35	1
84,37	1
84,39	1
84,4	1
84,41	1
84,42	1
84,43	1
84,46	1
84,5	1
84,53	1
84,57	1
84,6	1
84,62	1
84,64	1
84,67	1
84,7	1
84,74	1
84,77	1
84,81	1
84,86	1
84,89	1
84,92	1
84,94	1
84,96	1
85,01	1
85,03	1
85,07	1
85,09	1
85,13	1
85,15	1
85,19	1
85,2	1
85,21	1
85,26	1
85,29	1
85,33	1
85,35	1
85,39	1
85,41	1
85,44	1
85,45	1
85,47	1
85,51	1
85,55	1
85,57	1
85,58	1
85,59	1
85,6	1
85,61	1
85,62	1
85,64	1
85,65	1
85,67	1
85,72	1
85,74	1
85,75	1
85,76	1
85,78	1
85,8	1
85,82	1
85,83	1
85,84	1
85,85	1
85,86	1
85,87	1
85,88	1
85,89	1
85,9	1
85,91	1
85,92	1
85,93	1
85,94	1
85,95	1
85,98	1
86,02	1
86,05	1
86,1	1
86,12	1
86,15	1
86,16	1
86,17	1
86,18	1
86,23	1
86,25	1
86,31	1
86,36	1
86,4	1
86,41	1
86,43	1
86,46	1
86,52	1
86,54	1
86,56	1
86,58	1
86,61	1
86,66	1
86,67	1
86,69	1
86,7	1
86,74	1
86,79	1
86,82	1
86,85	1
86,86	1
86,87	1
86,91	1
86,96	1
86,99	1
87,01	1
87,03	1
87,05	1
87,09	1
87,12	1
87,19	1
87,2	1
87,22	1
87,25	1
87,3	1
87,32	1
87,36	1
87,39	1
87,45	1
87,5	1
87,53	1
87,58	1
87,61	1
87,65	1
87,67	1
87,68	1
87,71	1
87,73	1
87,76	1
87,77	1
87,79	1
87,81	1
87,84	1
87,86	1
87,91	1
87,94	1
87,99	1
88,01	1
88,06	1
88,09	1
88,14	1
88,17	1
88,23	1
88,25	1
88,27	1
88,3	1
88,34	1
88,37	1
88,42	1
88,44	1
88,49	1
88,51	1
88,57	1
88,62	1
88,64	1
88,69	1
88,72	1
88,75	1
88,78	1
88,82	1
88,85	1
88,86	1
88,87	1
88,88	1
88,89	1
88,9	1
88,91	1
88,92	1
88,96	1
88,97	1
89	1
89,02	1
89,05	1
89,1	1
89,12	1
89,15	1
89,18	1
89,23	1
89,26	1
89,3	1
89,32	1
89,38	1
89,42	1
89,45	1
89,5	1
89,51	1
89,52	1
89,55	1
89,58	1
89,63	1
89,65	1
89,69	1
89,72	1
89,76	1
89,78	1
89,83	1
89,85	1
89,91	1
89,95	1
89,97	1
90,01	1
90,03	1
90,07	1
90,09	1
90,14	1
90,16	1
90,2	1
90,23	1
90,27	1
90,29	1
90,33	1
90,36	1
90,4	1
90,42	1
90,47	1
90,49	1
90,53	1
90,54	1
90,56	1
90,61	1
90,63	1
90,67	1
90,69	1
90,74	1
90,75	1
90,81	1
90,84	1
90,86	1
90,89	1
90,93	1
90,95	1
91	1
91,01	1
91,05	1
91,07	1
91,13	1
91,17	1
91,2	1
91,24	1
91,26	1
91,3	1
91,32	1
91,37	1
91,45	1
91,5	1
91,52	1
91,57	1
91,6	1
91,62	1
91,63	1
91,66	1
91,7	1
91,72	1
91,76	1
91,78	1
91,83	1
91,85	1
91,9	1
91,92	1
91,97	1
91,99	1
92,04	1
92,06	1
92,1	1
92,12	1
92,14	1
92,15	1
92,17	1
92,19	1
92,23	1
92,25	1
92,29	1
92,3	1
92,31	1
92,32	1
92,33	1
92,36	1
92,38	1
92,42	1
92,44	1
92,48	1
92,5	1
92,54	1
92,57	1
92,61	1
92,63	1
92,67	1
92,69	1
92,73	1
92,76	1
92,8	1
92,82	1
92,87	1
92,89	1
92,93	1
92,95	1
92,99	1
93,01	1
93,05	1
93,07	1
93,11	1
93,13	1
93,17	1
93,21	1
93,25	1
93,27	1
93,32	1
93,34	1
93,38	1
93,4	1
93,45	1
93,47	1
93,51	1
93,54	1
93,59	1
93,62	1
93,65	1
93,66	1
93,67	1
93,68	1
93,69	1
93,7	1
93,71	1
93,72	1
93,75	1
93,79	1
93,81	1
93,85	1
93,87	1
93,9	1
93,92	1
93,95	1
93,99	1
94,02	1
94,06	1
94,08	1
94,11	1
94,12	1
94,15	1
94,21	1
94,26	1
94,28	1
94,33	1
94,35	1
94,4	1
94,43	1
94,46	1
94,47	1
94,49	1
94,52	1
94,55	1
94,6	1
94,63	1
94,65	1
94,67	1
94,72	1
94,76	1
94,78	1
94,83	1
94,85	1
94,89	1
94,92	1
94,96	1
94,98	1
95,02	1
95,04	1
95,09	1
95,11	1
95,16	1
95,18	1
95,23	1
95,25	1
95,3	1
95,32	1
95,36	1
95,38	1
95,42	1
95,45	1
95,49	1
95,52	1
95,57	1
95,59	1
95,63	1
95,65	1
95,71	1
95,75	1
95,77	1
95,82	1
95,84	1
95,87	1
95,88	1
95,91	1
95,94	1
95,97	1
96,01	1
96,03	1
96,08	1
96,1	1
96,15	1
96,17	1
96,22	1
96,25	1
96,35	1
96,4	1
96,42	1
96,46	1
96,48	1
96,52	1
96,55	1
96,57	1
96,6	1
96,62	1
96,66	1
96,69	1
96,73	1
96,75	1
96,8	1
96,82	1
96,87	1
96,9	1
96,94	1
96,97	1
97,01	1
97,02	1
97,04	1
97,09	1
97,12	1
97,17	1
97,18	1
97,23	1
97,25	1
97,3	1
97,32	1
97,36	1
97,39	1
97,44	1
97,46	1
97,49	1
97,5	1
97,51	1
97,53	1
97,58	1
97,6	1
97,65	1
97,67	1
97,71	1
97,74	1
97,75	1
97,76	1
97,77	1
97,79	1
97,8	1
97,81	1
97,82	1
97,84	1
97,86	1
97,91	1
97,94	1
97,97	1
97,99	1
98,01	1
98,04	1
98,05	1
98,07	1
98,11	1
98,13	1
98,15	1
98,18	1
98,21	1
98,22	1
98,23	1
98,24	1
98,26	1
98,29	1
98,34	1
98,37	1
98,41	1
98,43	1
98,47	1
98,5	1
98,56	1
98,61	1
98,63	1
98,68	1
98,7	1
98,75	1
98,77	1
98,81	1
98,84	1
98,88	1
98,91	1
98,96	1
98,98	1
99,02	1
99,04	1
99,08	1
99,1	1
99,14	1
99,16	1
99,21	1
99,24	1
99,28	1
99,3	1
99,34	1
99,36	1
99,41	1
99,43	1
99,48	1
99,5	1
99,55	1
99,57	1
99,61	1
99,62	1
99,66	1
99,71	1
99,73	1
99,75	1
99,78	1
99,8	1
99,85	1
99,89	1
99,94	1
99,96	1
100,01	1
100,03	1
100,08	1
100,09	1
100,11	1
100,12	1
100,13	1
100,15	1
100,19	1
100,2	1
100,22	1
100,23	1
100,26	1
100,28	1
100,33	1
100,35	1
100,38	1
100,4	1
100,41	1
100,42	1
100,47	1
100,49	1
100,54	1
100,57	1
100,6	1
100,62	1
100,65	1
100,69	1
100,71	1
100,75	1
100,77	1
100,82	1
100,84	1
100,88	1
100,9	1
100,95	1
100,97	1
101,01	1
101,03	1
101,07	1
101,1	1
101,15	1
101,16	1
101,18	1
101,2	1
101,21	1
101,22	1
101,23	1
101,24	1
101,25	1
101,26	1
101,27	1
101,28	1
101,29	1
101,33	1
101,35	1
101,39	1
101,41	1
101,47	1
101,52	1
101,54	1
101,63	1
101,68	1
101,7	1
101,74	1
101,76	1
101,8	1
101,82	1
101,83	1
101,88	1
101,91	1
101,96	1
101,98	1
102,03	1
102,06	1
102,1	1
102,12	1
102,16	1
102,18	1
102,19	1
102,22	1
102,25	1
102,29	1
102,32	1
102,37	1
102,38	1
102,42	1
102,44	1
102,48	1
102,53	1
102,58	1
102,6	1
102,64	1
102,66	1
102,7	1
102,72	1
102,77	1
102,79	1
102,83	1
102,86	1
102,9	1
102,92	1
102,97	1
102,99	1
103,03	1
103,05	1
103,09	1
103,11	1
103,16	1
103,18	1
103,22	1
103,24	1
103,29	1
103,31	1
103,35	1
103,37	1
103,41	1
103,44	1
103,48	1
103,5	1
103,56	1
103,6	1
103,62	1
103,66	1
103,68	1
103,72	1
103,76	1
103,79	1
103,82	1
103,87	1
103,89	1
103,94	1
103,96	1
104,01	1
104,03	1
104,08	1
104,1	1
104,14	1
104,16	1
104,21	1
104,23	1
104,27	1
104,29	1
104,34	1
104,36	1
104,41	1
104,43	1
104,47	1
104,5	1
104,55	1
104,57	1
104,6	1
104,62	1
104,65	1
104,69	1
104,7	1
104,72	1
104,75	1
104,77	1
104,78	1
104,79	1
104,81	1
104,82	1
104,84	1
104,85	1
104,86	1
104,87	1
104,89	1
104,91	1
104,96	1
104,97	1
105	1
105,03	1
105,05	1
105,09	1
105,1	1
105,11	1
105,13	1
105,16	1
105,17	1
105,18	1
105,19	1
105,22	1
105,24	1
105,26	1
105,28	1
105,32	1
105,34	1
105,38	1
105,39	1
105,4	1
105,41	1
105,43	1
105,45	1
105,47	1
105,48	1
105,49	1
105,51	1
105,53	1
105,55	1
105,59	1
105,61	1
105,64	1
105,66	1
105,67	1
105,69	1
105,72	1
105,73	1
105,74	1
105,76	1
105,8	1
105,83	1
105,87	1
105,9	1
105,94	1
105,97	1
106,01	1
106,03	1
106,07	1
106,09	1
106,12	1
106,14	1
106,15	1
106,19	1
106,22	1
106,26	1
106,28	1
106,33	1
106,35	1
106,39	1
106,41	1
106,45	1
106,47	1
106,58	1
106,59	1
106,6	1
106,61	1
106,62	1
106,63	1
106,68	1
106,69	1
106,71	1
106,73	1
106,75	1
106,78	1
106,8	1
106,83	1
106,88	1
106,89	1
106,94	1
106,96	1
107,02	1
107,05	1
107,08	1
107,12	1
107,14	1
107,19	1
107,26	1
107,31	1
107,34	1
107,38	1
107,4	1
107,45	1
107,47	1
107,5	1
107,53	1
107,58	1
107,61	1
107,63	1
107,64	1
107,67	1
107,68	1
107,69	1
107,71	1
107,74	1
107,8	1
107,84	1
107,87	1
107,92	1
107,94	1
107,98	1
108	1
108,05	1
108,07	1
108,12	1
108,14	1
108,18	1
108,19	1
108,21	1
108,26	1
108,28	1
108,33	1
108,35	1
108,4	1
108,42	1
108,46	1
108,5	1
108,55	1
108,57	1
108,63	1
108,64	1
108,69	1
108,72	1
108,77	1
108,8	1
108,84	1
108,85	1
108,88	1
108,92	1
108,94	1
108,98	1
109	1
109,05	1
109,07	1
109,11	1
109,14	1
109,18	1
109,21	1
109,26	1
109,29	1
109,34	1
109,36	1
109,4	1
109,44	1
109,48	1
109,5	1
109,56	1
109,61	1
109,62	1
109,64	1
109,66	1
109,68	1
109,73	1
109,76	1
109,8	1
109,82	1
109,87	1
109,89	1
109,93	1
109,96	1
110	1
110,02	1
110,06	1
110,08	1
110,13	1
110,15	1
110,19	1
110,21	1
110,26	1
110,29	1
110,33	1
110,36	1
110,4	1
110,42	1
110,47	1
110,48	1
110,53	1
110,55	1
110,6	1
110,62	1
110,66	1
110,68	1
110,72	1
110,75	1
110,79	1
110,81	1
110,86	1
110,88	1
110,92	1
110,95	1
110,99	1
111	1
111,03	1
111,07	1
111,09	1
111,13	1
111,15	1
111,2	1
111,22	1
111,25	1
111,28	1
111,32	1
111,33	1
111,36	1
111,39	1
111,41	1
111,45	1
111,48	1
111,52	1
111,55	1
111,6	1
111,62	1
111,67	1
111,69	1
111,78	1
111,82	1
111,83	1
111,86	1
111,88	1
111,91	1
111,95	1
111,97	1
112,01	1
112,02	1
112,03	1
112,05	1
112,07	1
112,08	1
112,09	1
112,12	1
112,14	1
112,17	1
112,23	1
112,26	1
112,27	1
112,29	1
112,34	1
112,37	1
112,41	1
112,44	1
112,49	1
112,51	1
112,56	1
112,59	1
112,63	1
112,65	1
112,69	1
112,71	1
112,77	1
112,81	1
112,84	1
112,88	1
112,89	1
112,92	1
112,95	1
112,97	1
113	1
113,03	1
113,07	1
113,09	1
113,13	1
113,15	1
113,2	1
113,22	1
113,25	1
113,26	1
113,27	1
113,29	1
113,34	1
113,36	1
113,4	1
113,42	1
113,46	1
113,48	1
113,52	1
113,55	1
113,59	1
113,62	1
113,65	1
113,67	1
113,72	1
113,74	1
113,79	1
113,81	1
113,86	1
113,88	1
113,92	1
113,94	1
114,01	1
114,05	1
114,08	1
114,12	1
114,14	1
114,15	1
114,16	1
114,18	1
114,2	1
114,23	1
114,24	1
114,25	1
114,26	1
114,31	1
114,32	1
114,33	1
114,36	1
114,39	1
114,41	1
114,42	1
114,43	1
114,45	1
114,49	1
114,51	1
114,56	1
114,59	1
114,64	1
114,66	1
114,7	1
114,72	1
114,77	1
114,79	1
114,83	1
114,86	1
114,89	1
114,91	1
114,92	1
114,96	1
114,98	1
115,03	1
115,05	1
115,09	1
115,11	1
115,15	1
115,18	1
115,22	1
115,24	1
115,29	1
115,31	1
115,36	1
115,38	1
115,42	1
115,44	1
115,48	1
115,51	1
115,56	1
115,58	1
115,62	1
115,65	1
115,68	1
115,69	1
115,7	1
115,71	1
115,72	1
115,73	1
115,74	1
115,75	1
115,76	1
115,77	1
115,82	1
115,86	1
115,87	1
115,89	1
115,92	1
115,96	1
115,98	1
116,02	1
116,03	1
116,05	1
116,06	1
116,09	1
116,12	1
116,16	1
116,19	1
116,23	1
116,25	1
116,3	1
116,32	1
116,36	1
116,39	1
116,43	1
116,44	1
116,45	1
116,49	1
116,52	1
116,57	1
116,59	1
116,61	1
116,63	1
116,66	1
116,71	1
116,73	1
116,82	1
116,87	1
116,89	1
116,91	1
116,93	1
116,95	1
116,99	1
117,01	1
117,06	1
117,07	1
117,1	1
117,12	1
117,15	1
117,19	1
117,2	1
117,23	1
117,27	1
117,29	1
117,34	1
117,36	1
117,4	1
117,42	1
117,47	1
117,5	1
117,55	1
117,58	1
117,62	1
117,64	1
117,69	1
117,71	1
117,76	1
117,78	1
117,83	1
117,85	1
117,89	1
117,92	1
117,96	1
117,98	1
118,02	1
118,04	1
118,09	1
118,11	1
118,15	1
118,17	1
118,21	1
118,24	1
118,29	1
118,31	1
118,35	1
118,38	1
118,41	1
118,42	1
118,44	1
118,47	1
118,48	1
118,53	1
118,58	1
118,6	1
118,64	1
118,66	1
118,7	1
118,72	1
118,77	1
118,79	1
118,83	1
118,84	1
118,88	1
118,9	1
118,92	1
118,95	1
118,97	1
118,99	1
119,03	1
119,06	1
119,1	1
119,12	1
119,18	1
119,22	1
119,24	1
119,28	1
119,3	1
119,34	1
119,37	1
119,41	1
119,43	1
119,48	1
119,51	1
119,56	1
119,58	1
119,62	1
119,64	1
119,69	1
119,71	1
119,75	1
119,77	1
119,82	1
119,84	1
119,88	1
119,9	1
119,94	1
119,96	1
120	1
120,03	1
120,06	1
120,08	1
120,11	1
120,16	1
120,18	1
120,23	1
120,25	1
120,3	1
120,32	1
120,36	1
120,38	1
120,42	1
120,44	1
120,49	1
120,51	1
120,57	1
120,61	1
120,64	1
120,68	1
120,7	1
120,76	1
120,8	1
120,82	1
120,86	1
120,89	1
120,92	1
120,94	1
120,96	1
121,01	1
121,03	1
121,06	1
121,08	1
121,11	1
121,15	1
121,18	1
121,22	1
121,24	1
121,28	1
121,3	1
121,34	1
121,36	1
121,37	1
121,38	1
121,4	1
121,42	1
121,47	1
121,49	1
121,53	1
121,56	1
121,61	1
121,63	1
121,68	1
121,7	1
121,75	1
121,77	1
121,82	1
121,84	1
121,89	1
121,91	1
122,01	1
122,05	1
122,08	1
122,09	1
122,1	1
122,12	1
122,14	1
122,16	1
122,17	1
122,19	1
122,21	1
122,26	1
122,28	1
122,32	1
122,34	1
122,39	1
122,41	1
122,46	1
122,47	1
122,48	1
122,49	1
122,52	1
122,53	1
122,58	1
122,6	1
122,63	1
122,64	1
122,66	1
122,67	1
122,68	1
122,7	1
122,72	1
122,77	1
122,78	1
122,8	1
122,82	1
122,83	1
122,85	1
122,87	1
122,88	1
122,89	1
122,91	1
122,93	1
122,94	1
122,96	1
122,97	1
123	1
123,01	1
123,03	1
123,04	1
123,05	1
123,06	1
123,08	1
123,09	1
123,1	1
123,11	1
123,14	1
123,15	1
123,17	1
123,19	1
123,2	1
123,21	1
123,25	1
123,29	1
123,32	1
123,36	1
123,38	1
123,42	1
123,45	1
123,5	1
123,52	1
123,58	1
123,6	1
123,64	1
123,66	1
123,71	1
123,74	1
123,77	1
123,78	1
123,8	1
123,85	1
123,86	1
123,89	1
123,91	1
123,92	1
123,95	1
123,96	1
123,98	1
123,99	1
124	1
124,01	1
124,02	1
124,03	1
124,04	1
124,05	1
124,06	1
124,07	1
124,08	1
124,09	1
124,1	1
124,11	1
124,13	1
124,16	1
124,2	1
124,22	1
124,25	1
124,26	1
124,29	1
124,34	1
124,36	1
124,4	1
124,42	1
124,47	1
124,49	1
124,54	1
124,57	1
124,63	1
124,65	1
124,67	1
124,69	1
124,71	1
124,73	1
124,76	1
124,79	1
124,8	1
124,81	1
124,83	1
124,88	1
124,9	1
124,94	1
124,95	1
124,96	1
124,97	1
125,01	1
125,03	1
125,04	1
125,07	1
125,09	1
125,1	1
125,11	1
125,12	1
125,13	1
125,14	1
125,17	1
125,21	1
125,22	1
125,23	1
125,27	1
125,3	1
125,32	1
125,33	1
125,35	1
125,36	1
125,37	1
125,38	1
125,39	1
125,4	1
125,41	1
125,42	1
125,43	1
125,44	1
125,45	1
125,46	1
125,47	1
125,48	1
125,51	1
125,54	1
125,58	1
125,6	1
125,65	1
125,67	1
125,72	1
125,75	1
125,79	1
125,81	1
125,85	1
125,87	1
125,88	1
125,9	1
125,92	1
125,94	1
125,97	1
125,99	1
126	1
126,01	1
126,04	1
126,07	1
126,12	1
126,14	1
126,18	1
126,21	1
126,22	1
126,24	1
126,26	1
126,27	1
126,3	1
126,31	1
126,33	1
126,34	1
126,35	1
126,36	1
126,38	1
126,41	1
126,42	1
126,44	1
126,49	1
126,52	1
126,56	1
126,57	1
126,58	1
126,59	1
126,6	1
126,61	1
126,63	1
126,64	1
126,65	1
126,66	1
126,67	1
126,68	1
126,71	1
126,73	1
126,74	1
126,75	1
126,77	1
126,79	1
126,8	1
126,81	1
126,82	1
126,83	1
126,84	1
126,86	1
126,87	1
126,89	1
126,93	1
126,95	1
126,97	1
126,98	1
126,99	1
127,02	1
127,06	1
127,07	1
127,08	1
127,1	1
127,11	1
127,12	1
127,13	1
127,15	1
127,16	1
127,17	1
127,19	1
127,22	1
127,26	1
127,28	1
127,29	1
127,3	1
127,31	1
127,32	1
127,34	1
127,35	1
127,36	1
127,37	1
127,38	1
127,39	1
127,4	1
127,41	1
127,42	1
127,45	1
127,47	1
127,51	1
127,54	1
127,59	1
127,6	1
127,65	1
127,67	1
127,73	1
127,77	1
127,79	1
127,83	1
127,85	1
127,89	1
127,91	1
127,94	1
127,95	1
127,97	1
128,01	1
128,02	1
128,03	1
128,04	1
128,05	1
128,06	1
128,07	1
128,1	1
128,13	1
128,14	1
128,15	1
128,18	1
128,21	1
128,23	1
128,26	1
128,27	1
128,3	1
128,32	1
128,36	1
128,38	1
128,42	1
128,45	1
128,5	1
128,52	1
128,57	1
128,59	1
128,6	1
128,61	1
128,64	1
128,66	1
128,67	1
128,68	1
128,69	1
128,7	1
128,71	1
128,72	1
128,78	1
128,83	1
128,84	1
128,86	1
128,87	1
128,89	1
128,91	1
128,94	1
128,97	1
129,01	1
129,03	1
129,05	1
129,06	1
129,08	1
129,1	1
129,11	1
129,12	1
129,13	1
129,14	1
129,15	1
129,16	1
129,18	1
129,23	1
129,25	1
129,26	1
129,27	1
129,3	1
129,32	1
129,37	1
129,39	1
129,43	1
129,44	1
129,46	1
129,51	1
129,54	1
129,59	1
129,61	1
129,65	1
129,67	1
129,71	1
129,73	1
129,75	1
129,76	1
129,77	1
129,78	1
129,8	1
129,84	1
129,87	1
129,92	1
129,94	1
129,98	1
129,99	1
130	1
130,01	1
130,04	1
130,06	1
130,1	1
130,12	1
130,16	1
130,17	1
130,18	1
130,19	1
130,23	1
130,25	1
130,3	1
130,32	1
130,33	1
130,34	1
130,35	1
130,37	1
130,39	1
130,44	1
130,45	1
130,49	1
130,51	1
130,57	1
130,58	1
130,63	1
130,65	1
130,69	1
130,71	1
130,76	1
130,78	1
130,82	1
130,85	1
130,89	1
130,91	1
130,95	1
130,97	1
131,03	1
131,07	1
131,09	1
131,13	1
131,15	1
131,2	1
131,22	1
131,27	1
131,29	1
131,33	1
131,35	1
131,4	1
131,42	1
131,46	1
131,48	1
131,52	1
131,56	1
131,6	1
131,62	1
131,66	1
131,68	1
131,73	1
131,76	1
131,8	1
131,81	1
131,86	1
131,88	1
131,93	1
131,95	1
132	1
132,04	1
132,07	1
132,11	1
132,13	1
132,17	1
132,2	1
132,24	1
132,26	1
132,3	1
132,33	1
132,37	1
132,4	1
132,44	1
132,46	1
132,5	1
132,53	1
132,58	1
132,59	1
132,63	1
132,65	1
132,7	1
132,72	1
132,76	1
132,78	1
132,83	1
132,85	1
132,89	1
132,92	1
132,96	1
132,98	1
133,02	1
133,05	1
133,09	1
133,11	1
133,14	1
133,16	1
133,18	1
133,23	1
133,24	1
133,29	1
133,32	1
133,35	1
133,37	1
133,42	1
133,44	1
133,48	1
133,49	1
133,54	1
133,57	1
133,62	1
133,64	1
133,69	1
133,71	1
133,75	1
133,77	1
133,82	1
133,84	1
133,9	1
133,94	1
133,96	1
134,01	1
134,02	1
134,03	1
134,06	1
134,09	1
134,11	1
134,12	1
134,13	1
134,15	1
134,19	1
134,22	1
134,25	1
134,27	1
134,32	1
134,35	1
134,36	1
134,39	1
134,42	1
134,49	1
134,52	1
134,54	1
134,55	1
134,57	1
134,61	1
134,62	1
134,63	1
134,67	1
134,69	1
134,71	1
134,77	1
134,79	1
134,83	1
134,86	1
134,91	1
134,93	1
134,98	1
135	1
135,04	1
135,06	1
135,11	1
135,13	1
135,16	1
135,17	1
135,18	1
135,19	1
135,24	1
135,25	1
135,29	1
135,31	1
135,36	1
135,38	1
135,41	1
135,43	1
135,47	1
135,51	1
135,54	1
135,58	1
135,61	1
135,65	1
135,67	1
135,71	1
135,73	1
135,78	1
135,8	1
135,84	1
135,86	1
135,9	1
135,92	1
135,97	1
135,99	1
136,04	1
136,06	1
136,11	1
136,13	1
136,24	1
136,28	1
136,3	1
136,31	1
136,35	1
136,38	1
136,41	1
136,42	1
136,44	1
136,49	1
136,51	1
136,56	1
136,58	1
136,63	1
136,65	1
136,69	1
136,71	1
136,76	1
136,78	1
136,83	1
136,85	1
136,9	1
136,92	1
136,96	1
136,98	1
137,03	1
137,05	1
137,1	1
137,12	1
137,17	1
137,19	1
137,23	1
137,26	1
137,28	1
137,29	1
137,32	1
137,37	1
137,39	1
137,44	1
137,46	1
137,48	1
137,49	1
137,52	1
137,57	1
137,59	1
137,6	1
137,61	1
137,62	1
137,65	1
137,7	1
137,74	1
137,79	1
137,82	1
137,86	1
137,88	1
137,9	1
137,96	1
137,97	1
138,02	1
138,04	1
138,09	1
138,12	1
138,17	1
138,19	1
138,24	1
138,25	1
138,29	1
138,32	1
138,37	1
138,39	1
138,43	1
138,45	1
138,5	1
138,53	1
138,58	1
138,6	1
138,64	1
138,66	1
138,71	1
138,73	1
138,8	1
138,84	1
138,86	1
138,92	1
138,93	1
138,96	1
138,99	1
139,03	1
139,04	1
139,08	1
139,1	1
139,12	1
139,14	1
139,16	1
139,21	1
139,24	1
139,28	1
139,31	1
139,35	1
139,37	1
139,38	1
139,41	1
139,43	1
139,44	1
139,46	1
139,47	1
139,48	1
139,49	1
139,51	1
139,52	1
139,53	1
139,54	1
139,55	1
139,56	1
139,58	1
139,62	1
139,64	1
139,65	1
139,67	1
139,71	1
139,72	1
139,73	1
139,75	1
139,76	1
139,77	1
139,8	1
139,85	1
139,87	1
139,9	1
139,91	1
139,92	1
139,97	1
139,99	1
140,04	1
140,06	1
140,09	1
140,11	1
140,12	1
140,13	1
140,15	1
140,17	1
140,19	1
140,23	1
140,24	1
140,25	1
140,27	1
140,29	1
140,3	1
140,34	1
140,36	1
140,38	1
140,41	1
140,42	1
140,43	1
140,45	1
140,46	1
140,47	1
140,48	1
140,49	1
140,5	1
140,51	1
140,52	1
140,53	1
140,54	1
140,55	1
140,56	1
140,57	1
140,59	1
140,62	1
140,66	1
140,69	1
140,73	1
140,75	1
140,79	1
140,82	1
140,87	1
140,89	1
140,93	1
140,96	1
140,97	1
140,98	1
140,99	1
141,02	1
141,05	1
141,07	1
141,11	1
141,15	1
141,16	1
141,17	1
141,22	1
141,24	1
141,25	1
141,27	1
141,29	1
141,3	1
141,31	1
141,32	1
141,34	1
141,37	1
141,38	1
141,39	1
141,42	1
141,44	1
141,46	1
141,47	1
141,48	1
141,52	1
141,55	1
141,56	1
141,59	1
141,64	1
141,66	1
141,67	1
141,68	1
141,69	1
141,71	1
141,72	1
141,73	1
141,76	1
141,77	1
141,78	1
141,81	1
141,82	1
141,83	1
141,86	1
141,87	1
141,88	1
141,89	1
141,91	1
141,92	1
141,93	1
141,94	1
141,96	1
141,97	1
141,98	1
142,01	1
142,03	1
142,07	1
142,1	1
142,14	1
142,16	1
142,2	1
142,23	1
142,26	1
142,28	1
142,29	1
142,3	1
142,31	1
142,32	1
142,35	1
142,36	1
142,38	1
142,41	1
142,46	1
142,48	1
142,52	1
142,55	1
142,57	1
142,58	1
142,59	1
142,61	1
142,62	1
142,63	1
142,64	1
142,65	1
142,68	1
142,7	1
142,72	1
142,74	1
142,76	1
142,81	1
142,83	1
142,85	1
142,86	1
142,87	1
142,88	1
142,91	1
142,94	1
142,95	1
142,97	1
143,01	1
143,03	1
143,08	1
143,09	1
143,11	1
143,13	1
143,16	1
143,17	1
143,19	1
143,21	1
143,23	1
143,25	1
143,26	1
143,27	1
143,28	1
143,29	1
143,3	1
143,31	1
143,34	1
143,37	1
143,42	1
143,44	1
143,49	1
143,51	1
143,57	1
143,62	1
143,64	1
143,68	1
143,71	1
143,73	1
143,74	1
143,76	1
143,77	1
143,79	1
143,82	1
143,84	1
143,89	1
143,91	1
143,95	1
143,99	1
144,01	1
144,02	1
144,03	1
144,05	1
144,1	1
144,13	1
144,16	1
144,17	1
144,19	1
144,2	1
144,21	1
144,23	1
144,24	1
144,25	1
144,27	1
144,28	1
144,29	1
144,32	1
144,34	1
144,35	1
144,36	1
144,37	1
144,38	1
144,39	1
144,4	1
144,41	1
144,42	1
144,43	1
144,45	1
144,46	1
144,47	1
144,49	1
144,51	1
144,53	1
144,56	1
144,59	1
144,6	1
144,61	1
144,62	1
144,63	1
144,64	1
144,66	1
144,67	1
144,68	1
144,69	1
144,7	1
144,71	1
144,72	1
144,73	1
144,75	1
144,79	1
144,8	1
144,81	1
144,82	1
144,83	1
144,84	1
144,85	1
144,86	1
144,87	1
144,88	1
144,89	1
144,9	1
144,91	1
144,92	1
144,93	1
144,94	1
144,98	1
145,01	1
145,06	1
145,08	1
145,12	1
145,13	1
145,14	1
145,16	1
145,17	1
145,19	1
145,21	1
145,26	1
145,28	1
145,32	1
145,36	1
145,41	1
145,43	1
145,52	1
145,58	1
145,6	1
145,62	1
145,64	1
145,66	1
145,67	1
145,69	1
145,71	1
145,73	1
145,76	1
145,79	1
145,8	1
145,81	1
145,82	1
145,83	1
145,85	1
145,86	1
145,89	1
145,92	1
145,94	1
145,96	1
145,97	1
145,98	1
145,99	1
146	1
146,01	1
146,02	1
146,03	1
146,04	1
146,05	1
146,06	1
146,08	1
146,1	1
146,15	1
146,17	1
146,21	1
146,23	1
146,27	1
146,29	1
146,33	1
146,36	1
146,4	1
146,42	1
146,45	1
146,47	1
146,49	1
146,5	1
146,51	1
146,52	1
146,53	1
146,55	1
146,6	1
146,62	1
146,63	1
146,65	1
146,67	1
146,69	1
146,74	1
146,76	1
146,78	1
146,79	1
146,8	1
146,82	1
146,86	1
146,88	1
146,92	1
146,94	1
146,95	1
146,96	1
146,98	1
147	1
147,02	1
147,03	1
147,05	1
147,07	1
147,1	1
147,12	1
147,13	1
147,14	1
147,15	1
147,16	1
147,17	1
147,18	1
147,2	1
147,21	1
147,22	1
147,23	1
147,24	1
147,25	1
147,26	1
147,27	1
147,28	1
147,29	1
147,3	1
147,31	1
147,32	1
147,35	1
147,37	1
147,42	1
147,44	1
147,49	1
147,51	1
147,57	1
147,62	1
147,65	1
147,69	1
147,7	1
147,75	1
147,77	1
147,78	1
147,8	1
147,81	1
147,83	1
147,87	1
147,89	1
147,9	1
147,91	1
147,93	1
147,94	1
147,98	1
148,01	1
148,03	1
148,05	1
148,06	1
148,08	1
148,11	1
148,13	1
148,14	1
148,17	1
148,18	1
148,19	1
148,21	1
148,25	1
148,26	1
148,27	1
148,31	1
148,32	1
148,34	1
148,35	1
148,36	1
148,38	1
148,4	1
148,43	1
148,45	1
148,47	1
148,5	1
148,52	1
148,53	1
148,57	1
148,58	1
148,59	1
148,6	1
148,61	1
148,62	1
148,63	1
148,64	1
148,65	1
148,68	1
148,7	1
148,75	1
148,77	1
148,81	1
148,84	1
148,88	1
148,91	1
148,95	1
148,97	1
149,03	1
149,07	1
149,1	1
149,14	1
149,17	1
149,21	1
149,23	1
149,29	1
149,33	1
149,35	1
149,39	1
149,41	1
149,45	1
149,47	1
149,51	1
149,54	1
149,59	1
149,61	1
149,66	1
149,67	1
149,72	1
149,74	1
149,79	1
149,81	1
149,84	1
149,86	1
149,89	1
149,93	1
149,96	1
150	1
150,02	1
150,13	1
150,18	1
150,2	1
150,25	1
150,28	1
150,33	1
150,35	1
150,4	1
150,42	1
150,47	1
150,49	1
150,53	1
150,57	1
150,62	1
150,65	1
150,69	1
150,71	1
150,76	1
150,78	1
150,83	1
150,86	1
150,9	1
150,92	1
150,97	1
150,99	1
151,04	1
151,06	1
151,11	1
151,14	1
151,18	1
151,21	1
151,25	1
151,27	1
151,32	1
151,34	1
151,39	1
151,42	1
151,47	1
151,5	1
151,53	1
151,55	1
151,57	1
151,62	1
151,64	1
151,69	1
151,71	1
151,75	1
151,77	1
151,81	1
151,84	1
151,88	1
151,91	1
151,95	1
151,97	1
152,03	1
152,06	1
152,07	1
152,08	1
152,09	1
152,12	1
152,14	1
152,16	1
152,18	1
152,2	1
152,21	1
152,23	1
152,26	1
152,29	1
152,33	1
152,35	1
152,4	1
152,42	1
152,47	1
152,5	1
152,55	1
152,58	1
152,62	1
152,64	1
152,68	1
152,69	1
152,7	1
152,74	1
152,76	1
152,8	1
152,82	1
152,87	1
152,89	1
152,93	1
152,95	1
152,98	1
152,99	1
153,01	1
153,05	1
153,08	1
153,12	1
153,15	1
153,2	1
153,22	1
153,26	1
153,28	1
153,32	1
153,35	1
153,38	1
153,39	1
153,41	1
153,46	1
153,49	1
153,53	1
153,56	1
153,6	1
153,63	1
153,68	1
153,7	1
153,74	1
153,77	1
153,81	1
153,83	1
153,87	1
153,89	1
153,92	1
153,93	1
153,95	1
154	1
154,02	1
154,09	1
154,13	1
154,15	1
154,18	1
154,2	1
154,23	1
154,27	1
154,29	1
154,33	1
154,35	1
154,38	1
154,41	1
154,45	1
154,46	1
154,49	1
154,54	1
154,58	1
154,64	1
154,69	1
154,72	1
154,76	1
154,79	1
154,82	1
154,83	1
154,86	1
154,89	1
154,9	1
154,92	1
154,96	1
154,98	1
155,02	1
155,04	1
155,08	1
155,09	1
155,1	1
155,11	1
155,14	1
155,17	1
155,22	1
155,24	1
155,28	1
155,3	1
155,36	1
155,4	1
155,44	1
155,46	1
155,5	1
155,52	1
155,56	1
155,58	1
155,63	1
155,66	1
155,67	1
155,7	1
155,72	1
155,77	1
155,79	1
155,82	1
155,84	1
155,86	1
155,9	1
155,92	1
155,96	1
155,98	1
156,03	1
156,05	1
156,07	1
156,1	1
156,13	1
156,16	1
156,18	1
156,2	1
156,24	1
156,25	1
156,27	1
156,32	1
156,33	1
156,36	1
156,38	1
156,4	1
156,41	1
156,42	1
156,45	1
156,47	1
156,51	1
156,52	1
156,55	1
156,56	1
156,57	1
156,58	1
156,61	1
156,63	1
156,65	1
156,66	1
156,67	1
156,68	1
156,7	1
156,73	1
156,74	1
156,75	1
156,77	1
156,79	1
156,82	1
156,83	1
156,86	1
156,89	1
156,9	1
156,91	1
156,92	1
156,93	1
156,94	1
156,95	1
156,97	1
156,98	1
156,99	1
157	1
157,01	1
157,02	1
157,03	1
157,06	1
157,07	1
157,08	1
157,1	1
157,13	1
157,14	1
157,15	1
157,16	1
157,19	1
157,2	1
157,23	1
157,24	1
157,25	1
157,27	1
157,28	1
157,31	1
157,34	1
157,35	1
157,36	1
157,4	1
157,41	1
157,43	1
157,46	1
157,48	1
157,5	1
157,52	1
157,53	1
157,56	1
157,57	1
157,58	1
157,59	1
157,6	1
157,61	1
157,62	1
157,63	1
157,65	1
157,66	1
157,67	1
157,68	1
157,69	1
157,71	1
157,72	1
157,74	1
157,75	1
157,76	1
157,77	1
157,78	1
157,79	1
157,8	1
157,81	1
157,82	1
157,83	1
157,84	1
157,85	1
157,86	1
157,87	1
157,88	1
157,89	1
157,9	1
157,91	1
157,92	1
157,93	1
157,94	1
157,95	1
157,96	1
157,97	1
157,98	1
157,99	1
158	1
158,01	1
158,03	1
158,08	1
158,1	1
158,15	1
158,17	1
158,22	1
158,24	1
158,26	1
158,27	1
158,3	1
158,32	1
158,37	1
158,39	1
158,41	1
158,42	1
158,43	1
158,45	1
158,5	1
158,52	1
158,55	1
158,57	1
158,58	1
158,59	1
158,62	1
158,64	1
158,66	1
158,67	1
158,68	1
158,69	1
158,7	1
158,72	1
158,76	1
158,77	1
158,79	1
158,82	1
158,84	1
158,85	1
158,86	1
158,87	1
158,91	1
158,93	1
158,96	1
158,98	1
159	1
159,01	1
159,02	1
159,03	1
159,04	1
159,05	1
159,06	1
159,07	1
159,1	1
159,14	1
159,18	1
159,19	1
159,24	1
159,25	1
159,28	1
159,32	1
159,33	1
159,34	1
159,35	1
159,36	1
159,37	1
159,4	1
159,42	1
159,43	1
159,44	1
159,46	1
159,47	1
159,48	1
159,5	1
159,51	1
159,52	1
159,53	1
159,55	1
159,6	1
159,61	1
159,62	1
159,65	1
159,66	1
159,67	1
159,7	1
159,71	1
159,72	1
159,74	1
159,77	1
159,79	1
159,81	1
159,86	1
159,88	1
159,93	1
159,95	1
159,98	1
159,99	1
160,01	1
160,04	1
160,06	1
160,09	1
160,1	1
160,11	1
160,12	1
160,13	1
160,14	1
160,17	1
160,18	1
160,21	1
160,23	1
160,24	1
160,25	1
160,26	1
160,29	1
160,3	1
160,32	1
160,35	1
160,36	1
160,37	1
160,38	1
160,43	1
160,45	1
160,51	1
160,54	1
160,56	1
160,59	1
160,6	1
160,61	1
160,62	1
160,65	1
160,66	1
160,68	1
160,7	1
160,72	1
160,73	1
160,74	1
160,76	1
160,77	1
160,78	1
160,79	1
160,8	1
160,81	1
160,82	1
160,83	1
160,84	1
160,86	1
160,87	1
160,88	1
160,89	1
160,9	1
160,91	1
160,93	1
160,94	1
160,95	1
160,96	1
160,98	1
160,99	1
161	1
161,01	1
161,02	1
161,03	1
161,04	1
161,06	1
161,07	1
161,08	1
161,09	1
161,1	1
161,11	1
161,14	1
161,15	1
161,16	1
161,19	1
161,21	1
161,24	1
161,25	1
161,26	1
161,27	1
161,28	1
161,29	1
161,33	1
161,38	1
161,39	1
161,41	1
161,42	1
161,43	1
161,44	1
161,47	1
161,49	1
161,5	1
161,52	1
161,54	1
161,58	1
161,59	1
161,6	1
161,61	1
161,62	1
161,63	1
161,65	1
161,66	1
161,67	1
161,68	1
161,69	1
161,7	1
161,71	1
161,73	1
161,74	1
161,75	1
161,76	1
161,78	1
161,79	1
161,82	1
161,83	1
161,85	1
161,88	1
161,89	1
161,9	1
161,91	1
161,93	1
161,94	1
161,95	1
161,98	1
161,99	1
162	1
162,01	1
162,03	1
162,04	1
162,07	1
162,08	1
162,09	1
162,1	1
162,11	1
162,12	1
162,13	1
162,14	1
162,16	1
162,18	1
162,2	1
162,22	1
162,24	1
162,25	1
162,28	1
162,29	1
162,32	1
162,33	1
162,35	1
162,37	1
162,38	1
162,39	1
162,4	1
162,41	1
162,42	1
162,44	1
162,45	1
162,47	1
162,48	1
162,49	1
162,51	1
162,53	1
162,55	1
162,57	1
162,58	1
162,59	1
162,6	1
162,61	1
162,62	1
162,63	1
162,64	1
162,65	1
162,66	1
162,67	1
162,68	1
162,71	1
162,76	1
162,78	1
162,82	1
162,84	1
162,86	1
162,88	1
162,89	1
162,91	1
162,95	1
162,99	1
163	1
163,02	1
163,03	1
163,05	1
163,09	1
163,11	1
163,13	1
163,14	1
163,15	1
163,16	1
163,17	1
163,19	1
163,2	1
163,21	1
163,22	1
163,23	1
163,25	1
163,26	1
163,27	1
163,28	1
163,29	1
163,3	1
163,31	1
163,33	1
163,34	1
163,35	1
163,4	1
163,41	1
163,43	1
163,45	1
163,48	1
163,51	1
163,54	1
163,55	1
163,57	1
163,58	1
163,59	1
163,61	1
163,63	1
163,64	1
163,65	1
163,66	1
163,67	1
163,68	1
163,69	1
163,7	1
163,71	1
163,75	1
163,77	1
163,81	1
163,84	1
163,87	1
163,88	1
163,91	1
163,92	1
163,94	1
163,95	1
163,96	1
163,98	1
164	1
164,01	1
164,02	1
164,04	1
164,05	1
164,06	1
164,07	1
164,08	1
164,09	1
164,1	1
164,11	1
164,12	1
164,14	1
164,17	1
164,19	1
164,2	1
164,21	1
164,22	1
164,24	1
164,25	1
164,26	1
164,27	1
164,28	1
164,32	1
164,34	1
164,35	1
164,37	1
164,4	1
164,44	1
164,45	1
164,46	1
164,49	1
164,51	1
164,52	1
164,53	1
164,54	1
164,56	1
164,57	1
164,58	1
164,61	1
164,63	1
164,64	1
164,65	1
164,67	1
164,69	1
164,7	1
164,73	1
164,75	1
164,77	1
164,79	1
164,8	1
164,81	1
164,82	1
164,85	1
164,86	1
164,88	1
164,9	1
164,92	1
164,93	1
164,94	1
164,95	1
164,97	1
165	1
165,01	1
165,02	1
165,03	1
165,04	1
165,05	1
165,06	1
165,07	1
165,08	1
165,11	1
165,12	1
165,13	1
165,15	1
165,16	1
165,18	1
165,19	1
165,21	1
165,22	1
165,23	1
165,24	1
165,25	1
165,27	1
165,28	1
165,31	1
165,32	1
165,33	1
165,36	1
165,37	1
165,4	1
165,41	1
165,44	1
165,46	1
165,48	1
165,49	1
165,52	1
165,53	1
165,54	1
165,55	1
165,56	1
165,57	1
165,58	1
165,59	1
165,6	1
165,61	1
165,62	1
165,63	1
165,66	1
165,71	1
165,73	1
165,78	1
165,8	1
165,85	1
165,87	1
165,91	1
165,94	1
165,98	1
166	1
166,05	1
166,06	1
166,1	1
166,12	1
166,17	1
166,19	1
166,22	1
166,23	1
166,24	1
166,25	1
166,26	1
166,28	1
166,29	1
166,3	1
166,31	1
166,32	1
166,33	1
166,34	1
166,36	1
166,37	1
166,39	1
166,4	1
166,41	1
166,42	1
166,46	1
166,47	1
166,48	1
166,51	1
166,53	1
166,54	1
166,57	1
166,58	1
166,59	1
166,62	1
166,65	1
166,67	1
166,69	1
166,73	1
166,76	1
166,8	1
166,83	1
166,86	1
166,87	1
166,88	1
166,9	1
166,91	1
166,92	1
166,93	1
166,96	1
166,97	1
166,98	1
166,99	1
167	1
167,01	1
167,02	1
167,03	1
167,04	1
167,05	1
167,08	1
167,12	1
167,14	1
167,18	1
167,2	1
167,24	1
167,26	1
167,3	1
167,33	1
167,37	1
167,39	1
167,44	1
167,45	1
167,46	1
167,49	1
167,51	1
167,54	1
167,56	1
167,58	1
167,6	1
167,61	1
167,63	1
167,64	1
167,65	1
167,66	1
167,67	1
167,68	1
167,69	1
167,71	1
167,73	1
167,77	1
167,8	1
167,89	1
167,9	1
167,91	1
167,92	1
167,94	1
167,96	1
168,01	1
168,03	1
168,04	1
168,05	1
168,06	1
168,07	1
168,08	1
168,09	1
168,1	1
168,11	1
168,14	1
168,16	1
168,18	1
168,2	1
168,23	1
168,27	1
168,3	1
168,35	1
168,38	1
168,42	1
168,44	1
168,46	1
168,47	1
168,49	1
168,5	1
168,51	1
168,52	1
168,53	1
168,54	1
168,55	1
168,56	1
168,58	1
168,59	1
168,6	1
168,61	1
168,62	1
168,63	1
168,64	1
168,66	1
168,69	1
168,72	1
168,73	1
168,74	1
168,75	1
168,78	1
168,81	1
168,82	1
168,83	1
168,85	1
168,87	1
168,92	1
168,94	1
168,96	1
168,97	1
168,98	1
169	1
169,02	1
169,03	1
169,04	1
169,05	1
169,06	1
169,09	1
169,1	1
169,11	1
169,12	1
169,13	1
169,14	1
169,15	1
169,16	1
169,17	1
169,18	1
169,19	1
169,2	1
169,22	1
169,24	1
169,27	1
169,29	1
169,31	1
169,34	1
169,35	1
169,38	1
169,4	1
169,41	1
169,42	1
169,43	1
169,45	1
169,46	1
169,47	1
169,48	1
169,49	1
169,5	1
169,53	1
169,54	1
169,55	1
169,57	1
169,6	1
169,63	1
169,64	1
169,65	1
169,66	1
169,69	1
169,71	1
169,72	1
169,73	1
169,74	1
169,75	1
169,78	1
169,83	1
169,85	1
169,88	1
169,89	1
169,9	1
169,91	1
169,93	1
169,94	1
169,95	1
169,96	1
169,97	1
169,98	1
169,99	1
170	1
170,02	1
170,05	1
170,07	1
170,08	1
170,11	1
170,13	1
170,14	1
170,15	1
170,17	1
170,19	1
170,24	1
170,28	1
170,3	1
170,32	1
170,34	1
170,36	1
170,38	1
170,4	1
170,41	1
170,42	1
170,43	1
170,44	1
170,45	1
170,46	1
170,47	1
170,48	1
170,49	1
170,5	1
170,51	1
170,55	1
170,6	1
170,61	1
170,65	1
170,66	1
170,67	1
170,71	1
170,74	1
170,75	1
170,76	1
170,77	1
170,78	1
170,81	1
170,82	1
170,83	1
170,84	1
170,87	1
170,9	1
170,91	1
170,92	1
170,93	1
170,94	1
170,96	1
170,97	1
170,98	1
170,99	1
171	1
171,03	1
171,05	1
171,08	1
171,1	1
171,12	1
171,13	1
171,14	1
171,15	1
171,16	1
171,17	1
171,22	1
171,25	1
171,28	1
171,29	1
171,3	1
171,31	1
171,33	1
171,34	1
171,37	1
171,4	1
171,41	1
171,42	1
171,43	1
171,45	1
171,46	1
171,47	1
171,48	1
171,49	1
171,5	1
171,51	1
171,55	1
171,57	1
171,58	1
171,59	1
171,6	1
171,61	1
171,63	1
171,65	1
171,66	1
171,67	1
171,71	1
171,74	1
171,75	1
171,76	1
171,78	1
171,79	1
171,8	1
171,81	1
171,82	1
171,83	1
171,84	1
171,85	1
171,88	1
171,91	1
171,92	1
171,94	1
171,97	1
171,98	1
171,99	1
172	1
172,01	1
172,02	1
172,05	1
172,07	1
172,09	1
172,1	1
172,11	1
172,12	1
172,14	1
172,15	1
172,16	1
172,17	1
172,18	1
172,19	1
172,23	1
172,25	1
172,26	1
172,27	1
172,28	1
172,3	1
172,31	1
172,32	1
172,33	1
172,34	1
172,35	1
172,36	1
172,39	1
172,42	1
172,43	1
172,44	1
172,45	1
172,46	1
172,48	1
172,49	1
172,5	1
172,51	1
172,52	1
172,54	1
172,55	1
172,56	1
172,58	1
172,6	1
172,61	1
172,62	1
172,65	1
172,66	1
172,67	1
172,68	1
172,69	1
172,72	1
172,75	1
172,76	1
172,77	1
172,78	1
172,81	1
172,82	1
172,83	1
172,84	1
172,85	1
172,88	1
172,9	1
172,92	1
172,94	1
172,95	1
172,96	1
172,98	1
172,99	1
173	1
