05/06/2014 15:25:51
id3
C:\Users\Annotations\Desktop\Annotation\Test_Data\G2\Islands.mp4
C:\Users\Annotations\Desktop\Annotation\Trace2011\Ratings\arousal.jpg
Arousal
-1,1
0,255,255	255,255,0	125,125,125
0
0,08	0
0,15	0
0,2	0
0,22	0
0,27	0
0,3	0
0,34	0
0,36	0
0,42	0
0,47	0
0,49	0
0,54	0
0,57	0
0,62	0
0,65	0
0,7	0
0,74	0
0,77	0
0,81	0
0,83	0
0,88	0
0,91	0
0,96	0
0,98	0
1,03	0
1,06	0
1,1	0
1,13	0
1,26	0
1,34	0
1,39	0
1,42	0
1,46	0
1,49	0
1,54	0
1,57	0
1,61	0
1,64	0
1,68	0
1,7	0
1,76	0
1,81	0
1,83	0
1,88	0
1,9	0
1,95	0
1,98	0
2,03	0
2,05	0
2,1	0
2,12	0
2,16	0
2,19	0
2,23	0
2,26	0
2,31	0
2,33	0
2,37	0
2,41	0
2,46	0
2,48	0
2,53	0
2,56	0
2,6	0
2,63	0
2,67	0
2,69	0
2,74	0
2,76	0
2,81	0
2,83	0
2,9	0
2,95	0
2,98	0
3,03	0
3,05	0
3,1	0
3,13	0
3,18	0
3,2	0
3,25	0
3,28	0
3,33	0
3,35	0
3,41	0
3,45	0
3,48	0
3,52	0
3,55	0
3,6	0
3,62	0
3,67	0
3,69	0
3,74	0
3,76	0
3,81	0
3,83	0
3,89	0
3,92	0
3,97	0
4	0
4,04	0
4,07	0
4,11	0
4,14	0
4,19	0
4,21	0
4,26	0
4,28	0
4,33	0
4,35	0
4,41	0
4,46	0
4,48	0
4,53	0
4,57	0
4,62	0
4,64	0
4,69	0
4,72	0
4,77	0
4,79	0
4,84	0
4,86	0
4,91	0
4,93	0
4,99	0
5,03	0
5,06	0
5,11	0
5,13	0
5,18	0
5,21	0
5,25	0
5,28	0
5,32	0
5,35	0
5,4	0
5,43	0
5,48	0
5,51	0
5,56	0
5,58	0
5,62	0
5,64	0
5,7	0
5,75	0
5,78	0
5,83	0
5,85	0
5,9	0
5,92	0
5,96	0
5,97	0
5,99	0
6,04	0
6,06	0
6,11	0
6,14	0
6,19	0
6,21	0
6,25	0
6,28	0
6,32	0
6,35	0
6,39	0
6,42	0
6,47	0
6,51	0
6,53	0
6,56	0
6,58	0
6,6	0
6,61	0
6,64	0
6,66	0
6,7	0
6,71	0
6,74	0
6,91	0
6,96	0
6,98	0
7,03	0
7,05	0
7,11	0
7,16	0
7,19	0
7,24	0
7,26	0
7,31	0
7,34	0
7,39	0
7,41	0
7,46	0
7,5	0
7,54	0
7,56	0
7,6	0
7,62	0
7,66	0
7,69	0
7,73	0
7,75	0
7,78	0
7,8	0
7,84	0
7,87	0
7,89	0
7,91	0
7,93	0
7,96	0
7,98	0
8	0
8,02	0
8,04	0
8,07	0
8,09	0
8,11	0
8,18	0
8,23	0
8,26	0
8,29	0
8,32	0
8,34	0
8,37	0
8,4	0
8,44	0
8,47	0
8,52	0
8,55	0
8,59	0
8,62	0
8,66	0
8,69	0
8,74	0
8,77	0
8,81	0
8,84	0
8,89	0
8,9	0
8,95	0
8,98	0
9,03	0
9,05	0
9,1	0
9,13	0
9,19	0
9,24	0
9,26	0
9,31	0
9,34	0
9,38	0
9,41	0
9,45	0
9,49	0
9,53	0
9,57	0
9,61	0
9,64	0
9,68	0
9,71	0
9,76	0
9,78	0
9,83	0
9,85	0
9,89	0
9,92	0
9,97	0
9,99	0
10,04	0
10,07	0
10,11	0
10,13	0
10,19	0
10,24	0
10,26	0
10,31	0
10,34	0
10,38	0
10,41	0
10,46	0
10,49	0
10,53	0
10,57	0
10,62	0
10,64	0
10,69	0
10,71	0
10,76	0
10,78	0
10,83	0
10,85	0
10,9	0
10,93	0
10,98	0
11	0
11,02	0
11,04	0
11,06	0
11,11	0
11,14	0
11,19	0
11,21	0
11,27	0
11,31	0
11,33	0
11,36	0
11,39	0
11,42	0
11,44	0
11,46	0
11,5	0
11,53	0
11,59	0
11,64	0
11,66	0
11,7	0
11,73	0
11,78	0
11,81	0
11,85	0
11,87	0
11,92	0
11,94	0
12	0
12,04	0
12,06	0
12,12	0
12,17	0
12,19	0
12,24	0
12,27	0
12,32	0
12,34	0
12,4	0
12,45	0
12,48	0
12,53	0
12,56	0
12,6	0
12,63	0
12,69	0
12,73	0
12,76	0
12,97	0
13,01	0
13,04	0
13,08	0
13,11	0
13,16	0
13,18	0
13,23	0
13,26	0
13,32	0
13,37	0
13,39	0
13,44	0
13,46	0
13,51	0
13,55	0
13,6	0
13,62	0
13,67	0
13,69	0
13,73	0
13,76	0
13,82	0
13,88	0
13,99	0
14,03	0
14,06	0
14,11	0
14,13	0
14,19	0
14,24	0
14,26	0
14,32	0
14,36	0
14,37	0
14,39	0
14,45	0
14,49	0
14,52	0
14,58	0
14,63	0
14,66	0
14,71	0
14,73	0
14,79	0
14,84	0
14,87	0
14,91	0
14,94	0
14,99	0
15,01	0
15,02	0
15,04	0
15,07	0
15,12	0
15,15	0
15,2	0
15,23	0
15,27	0
15,3	0
15,35	0
15,37	0
15,39	0
15,41	0
15,44	0
15,5	0
15,55	0
15,59	0
15,62	0
15,64	0
15,67	0
15,69	0
15,72	0
15,73	0
15,76	0
15,78	0
15,81	0
15,84	0
15,86	0
15,89	0
15,93	0
15,96	0
16,01	0
16,04	0
16,09	0
16,12	0
16,16	0
16,19	0
16,24	0
16,26	0
16,31	0
16,34	0
16,37	0
16,39	0
16,4	0
16,44	0
16,45	0
16,46	0
16,47	0
16,48	0
16,49	0
16,5	0
16,52	0
16,57	0
16,61	0
16,66	0
16,69	0
16,74	0
16,77	0
16,82	0
16,85	0
16,87	0
16,88	0
16,9	0
16,91	0
16,93	0
16,95	0
16,98	0
17	0
17,03	0
17,06	0
17,1	0
17,13	0
17,18	0
17,21	0
17,24	0
17,26	0
17,29	0
17,34	0
17,36	0
17,41	0
17,44	0
17,48	0
17,5	0
17,51	0
17,52	0
17,53	0
17,54	0
17,55	0
17,56	0
17,57	0
17,58	0
17,59	0
17,6	0
17,61	0
17,62	0
17,63	0
17,64	0
17,66	0
17,68	0
17,72	0
17,75	0
17,8	0
17,82	0
17,86	0
17,88	0
17,93	0
17,94	0
18	0
18,04	0
18,07	0
18,11	0
18,13	0,0030303
18,18	0,0060606
18,2	0,0121212
18,23	0,0151515
18,25	0,0151515
18,26	0,0181818
18,3	0,0212121
18,32	0,0242424
18,37	0,030303
18,39	0,0333333
18,43	0,0363636
18,44	0,0363636
18,46	0,0393939
18,49	0,0424242
18,51	0,0454545
18,52	0,0454545
18,57	0,0515151
18,59	0,0545454
18,63	0,0575757
18,65	0,06363642
18,7	0,06666672
18,72	0,06969702
18,77	0,07575762
18,79	0,07878792
18,84	0,08181822
18,86	0,08484852
18,9	0,09090912
18,92	0,09090912
18,97	0,09696972
18,99	0,1
19,04	0,1060606
19,06	0,1090909
19,11	0,1121212
19,13	0,1151515
19,22	0,1242424
19,26	0,130303
19,28	0,130303
19,32	0,1363636
19,35	0,1393939
19,39	0,1393939
19,41	0,1393939
19,45	0,1393939
19,46	0,1393939
19,48	0,1393939
19,49	0,1393939
19,5	0,1424242
19,52	0,1424242
19,54	0,1424242
19,57	0,1424242
19,59	0,1424242
19,61	0,1424242
19,64	0,1424242
19,66	0,1424242
19,68	0,1424242
19,7	0,1424242
19,72	0,1424242
19,74	0,1424242
19,78	0,1424242
19,81	0,1424242
19,82	0,1424242
19,84	0,1424242
19,86	0,1424242
19,88	0,1424242
19,92	0,1424242
19,94	0,1454545
19,96	0,1454545
19,99	0,1454545
20	0,1454545
20,04	0,1454545
20,05	0,1454545
20,08	0,1454545
20,13	0,1454545
20,16	0,1454545
20,2	0,1454545
20,23	0,1454545
20,28	0,1454545
20,29	0,1454545
20,32	0,1454545
20,33	0,1454545
20,36	0,1454545
20,38	0,1454545
20,39	0,1454545
20,41	0,1454545
20,43	0,1454545
20,49	0,1454545
20,53	0,1454545
20,56	0,1454545
20,61	0,1454545
20,64	0,1454545
20,69	0,1454545
20,71	0,1454545
20,77	0,1454545
20,81	0,1454545
20,84	0,1454545
20,89	0,1454545
20,92	0,1454545
20,97	0,1454545
20,99	0,1454545
21,04	0,1454545
21,07	0,1454545
21,12	0,1454545
21,14	0,1454545
21,2	0,1454545
21,25	0,1454545
21,27	0,1454545
21,32	0,1454545
21,34	0,1454545
21,38	0,1454545
21,41	0,1454545
21,46	0,1454545
21,48	0,1454545
21,53	0,1454545
21,56	0,1454545
21,61	0,1454545
21,64	0,1454545
21,69	0,1454545
21,71	0,1454545
21,76	0,1454545
21,78	0,1454545
21,83	0,1454545
21,84	0,1454545
21,86	0,1454545
21,9	0,1454545
21,93	0,1454545
21,99	0,1454545
22,03	0,1454545
22,06	0,1454545
22,1	0,1454545
22,13	0,1454545
22,18	0,1454545
22,2	0,1454545
22,23	0,1454545
22,25	0,1454545
22,28	0,1454545
22,32	0,1454545
22,35	0,1454545
22,39	0,1454545
22,43	0,1454545
22,47	0,1454545
22,49	0,1454545
22,53	0,1454545
22,56	0,1454545
22,61	0,1454545
22,64	0,1454545
22,69	0,1454545
22,71	0,1454545
22,76	0,1454545
22,79	0,1454545
22,84	0,1454545
22,86	0,1454545
22,91	0,1454545
22,93	0,1454545
22,98	0,1454545
23,01	0,1454545
23,05	0,1454545
23,09	0,1454545
23,15	0,1454545
23,18	0,1454545
23,21	0,1454545
23,26	0,1454545
23,3	0,1454545
23,34	0,1454545
23,37	0,1454545
23,41	0,1454545
23,44	0,1454545
23,47	0,1454545
23,49	0,1454545
23,53	0,1454545
23,57	0,1454545
23,59	0,1454545
23,65	0,1454545
23,7	0,1454545
23,72	0,1454545
23,77	0,1454545
23,79	0,1454545
23,84	0,1454545
23,87	0,1454545
23,91	0,1454545
23,94	0,1454545
23,95	0,1454545
23,97	0,1454545
23,99	0,1454545
24,02	0,1454545
24,05	0,1454545
24,07	0,1454545
24,09	0,1454545
24,13	0,1454545
24,16	0,1454545
24,19	0,1454545
24,22	0,1454545
24,27	0,1454545
24,3	0,1454545
24,34	0,1454545
24,37	0,1454545
24,41	0,1454545
24,44	0,1454545
24,47	0,1454545
24,5	0,1454545
24,59	0,1454545
24,64	0,1454545
24,66	0,1454545
24,71	0,1454545
24,74	0,1454545
24,79	0,1454545
24,82	0,1454545
24,86	0,1454545
24,88	0,1454545
24,93	0,1454545
24,95	0,1454545
24,99	0,1454545
25,02	0,1454545
25,07	0,1454545
25,1	0,1454545
25,13	0,1454545
25,15	0,1454545
25,18	0,1454545
25,23	0,1454545
25,25	0,1454545
25,31	0,1454545
25,36	0,1454545
25,39	0,1454545
25,43	0,1454545
25,48	0,1454545
25,53	0,1454545
25,59	0,1454545
25,61	0,1454545
25,64	0,1454545
25,67	0,1454545
25,72	0,1454545
25,75	0,1454545
25,81	0,1454545
25,86	0,1454545
25,88	0,1454545
25,92	0,1454545
25,94	0,1454545
26	0,1454545
26,05	0,1454545
26,08	0,1454545
26,12	0,1454545
26,14	0,1454545
26,19	0,1454545
26,21	0,1454545
26,25	0,1454545
26,29	0,1454545
26,34	0,1454545
26,37	0,1454545
26,42	0,1454545
26,44	0,1454545
26,49	0,1454545
26,51	0,1454545
26,55	0,1454545
26,58	0,1454545
26,63	0,1454545
26,66	0,1454545
26,7	0,1454545
26,72	0,1454545
26,77	0,1454545
26,79	0,1454545
26,84	0,1454545
26,86	0,1454545
26,91	0,1454545
26,92	0,1454545
26,98	0,1454545
27,03	0,1454545
27,06	0,1454545
27,09	0,1454545
27,11	0,1454545
27,13	0,1454545
27,18	0,1454545
27,2	0,1454545
27,23	0,1454545
27,26	0,1454545
27,31	0,1454545
27,33	0,1454545
27,39	0,1454545
27,43	0,1454545
27,47	0,1454545
27,5	0,1454545
27,53	0,1454545
27,58	0,1454545
27,6	0,1454545
27,64	0,1454545
27,65	0,1454545
27,67	0,1454545
27,72	0,1454545
27,74	0,1454545
27,8	0,1454545
27,85	0,1454545
27,86	0,1454545
27,88	0,1454545
27,9	0,1454545
27,93	0,1454545
27,97	0,1454545
27,99	0,1454545
28,05	0,1454545
28,1	0,1454545
28,13	0,1454545
28,18	0,1454545
28,2	0,1454545
28,22	0,1454545
28,24	0,1454545
28,27	0,1454545
28,3	0,1454545
28,31	0,1454545
28,34	0,1454545
28,39	0,1454545
28,43	0,1454545
28,48	0,1454545
28,51	0,1454545
28,57	0,1454545
28,62	0,1454545
28,64	0,1454545
28,68	0,1454545
28,7	0,1454545
28,74	0,1454545
28,77	0,1454545
28,82	0,1454545
28,84	0,1454545
28,89	0,1454545
28,92	0,1454545
28,97	0,1454545
29	0,1454545
29,05	0,1454545
29,08	0,1454545
29,12	0,1454545
29,14	0,1454545
29,17	0,1454545
29,19	0,1454545
29,22	0,1454545
29,27	0,1454545
29,29	0,1454545
29,35	0,1454545
29,4	0,1454545
29,43	0,1454545
29,47	0,1454545
29,5	0,1454545
29,53	0,1454545
29,56	0,1454545
29,61	0,1454545
29,63	0,1454545
29,69	0,1454545
29,73	0,1454545
29,75	0,1454545
29,8	0,1454545
29,82	0,1454545
29,85	0,1454545
29,87	0,1454545
29,89	0,1454545
29,92	0,1454545
29,94	0,1454545
29,96	0,1454545
30,03	0,1454545
30,06	0,1454545
30,09	0,1454545
30,14	0,1454545
30,21	0,1454545
30,25	0,1454545
30,27	0,1454545
30,31	0,1454545
30,33	0,1454545
30,38	0,1454545
30,4	0,1454545
30,45	0,1454545
30,47	0,1454545
30,51	0,1454545
30,54	0,1454545
30,58	0,1454545
30,6	0,1454545
30,66	0,1454545
30,69	0,1454545
30,71	0,1454545
30,73	0,1454545
30,78	0,1454545
30,8	0,1454545
30,85	0,1454545
30,88	0,1454545
30,92	0,1454545
30,94	0,1454545
30,98	0,1454545
31,01	0,1454545
31,06	0,1454545
31,09	0,1454545
31,11	0,1454545
31,14	0,1454545
31,17	0,1454545
31,21	0,1454545
31,23	0,1454545
31,28	0,1454545
31,32	0,1454545
31,36	0,1454545
31,39	0,1454545
31,44	0,1454545
31,46	0,1454545
31,51	0,1454545
31,55	0,1454545
31,6	0,1454545
31,62	0,1454545
31,67	0,1454545
31,69	0,1454545
31,73	0,1454545
31,76	0,1454545
31,8	0,1454545
31,83	0,1454545
31,87	0,1454545
31,89	0,1454545
31,93	0,1454545
31,96	0,1454545
32,01	0,1454545
32,03	0,1454545
32,08	0,1454545
32,1	0,1454545
32,15	0,1454545
32,18	0,1454545
32,24	0,1454545
32,3	0,1454545
32,35	0,1454545
32,37	0,1454545
32,43	0,1454545
32,47	0,1454545
32,49	0,1454545
32,53	0,1454545
32,55	0,1454545
32,6	0,1454545
32,62	0,1454545
32,68	0,1454545
32,73	0,1454545
32,75	0,1454545
32,8	0,1454545
32,82	0,1454545
32,87	0,1454545
32,9	0,1454545
32,95	0,1454545
32,96	0,1454545
33	0,1454545
33,03	0,1454545
33,08	0,1454545
33,11	0,1454545
33,15	0,1454545
33,17	0,1454545
33,22	0,1454545
33,25	0,1454545
33,3	0,1454545
33,35	0,1454545
33,36	0,1454545
33,4	0,1454545
33,42	0,1454545
33,46	0,1454545
33,49	0,1454545
33,53	0,1454545
33,57	0,1454545
33,6	0,1454545
33,63	0,1454545
33,68	0,1454545
33,71	0,1454545
33,75	0,1454545
33,78	0,1454545
33,83	0,1454545
33,85	0,1454545
33,89	0,1454545
33,91	0,1454545
33,96	0,1454545
33,99	0,1454545
34,02	0,1454545
34,04	0,1454545
34,06	0,1454545
34,11	0,1454545
34,15	0,1454545
34,16	0,1454545
34,17	0,1454545
34,18	0,1454545
34,19	0,1454545
34,2	0,1454545
34,22	0,1454545
34,24	0,1454545
34,25	0,1454545
34,26	0,1454545
34,28	0,1454545
34,29	0,1454545
34,31	0,1454545
34,33	0,1454545
34,36	0,1454545
34,37	0,1454545
34,4	0,1454545
34,45	0,1454545
34,47	0,1454545
34,53	0,1454545
34,59	0,1454545
34,63	0,1454545
34,67	0,1454545
34,71	0,1454545
34,74	0,1454545
34,79	0,1454545
34,81	0,1454545
34,86	0,1454545
34,88	0,1454545
34,93	0,1454545
34,95	0,1454545
35	0,1454545
35,01	0,1454545
35,07	0,1454545
35,11	0,1454545
35,13	0,1454545
35,18	0,1454545
35,2	0,1454545
35,24	0,1454545
35,27	0,1454545
35,38	0,1454545
35,43	0,1454545
35,45	0,1454545
35,5	0,1454545
35,53	0,1454545
35,58	0,1454545
35,6	0,1454545
35,64	0,1454545
35,66	0,1454545
35,72	0,1454545
35,77	0,1454545
35,79	0,1454545
35,83	0,1454545
35,86	0,1454545
35,9	0,1454545
35,93	0,1454545
35,98	0,1454545
36	0,1454545
36,03	0,1454545
36,05	0,1454545
36,07	0,1454545
36,11	0,1454545
36,12	0,1454545
36,13	0,1454545
36,19	0,1454545
36,22	0,1454545
36,23	0,1454545
36,25	0,1454545
36,3	0,1454545
36,33	0,1454545
36,38	0,1454545
36,4	0,1454545
36,46	0,1454545
36,51	0,1454545
36,55	0,1454545
36,6	0,1454545
36,62	0,1454545
36,67	0,1454545
36,7	0,1454545
36,74	0,1454545
36,76	0,1454545
36,79	0,1454545
36,82	0,1454545
36,87	0,1454545
36,9	0,1454545
36,95	0,1454545
36,98	0,1454545
37,02	0,1454545
37,06	0,1454545
37,1	0,1454545
37,13	0,1454545
37,17	0,1454545
37,2	0,1454545
37,25	0,1454545
37,28	0,1454545
37,32	0,1454545
37,35	0,1454545
37,4	0,1454545
37,43	0,1454545
37,49	0,1454545
37,53	0,1454545
37,55	0,1454545
37,61	0,1454545
37,65	0,1454545
37,68	0,1454545
37,73	0,1454545
37,75	0,1454545
37,78	0,1454545
37,8	0,1454545
37,83	0,1454545
37,85	0,1454545
37,87	0,1454545
37,9	0,1454545
37,93	0,1454545
37,95	0,1454545
37,96	0,1454545
38	0,1454545
38,03	0,1454545
38,07	0,1454545
38,09	0,1454545
38,14	0,1454545
38,17	0,1454545
38,21	0,1454545
38,23	0,1454545
38,29	0,1454545
38,35	0,1454545
38,37	0,1454545
38,42	0,1454545
38,44	0,1454545
38,49	0,1454545
38,51	0,1454545
38,54	0,1454545
38,56	0,1454545
38,58	0,1454545
38,63	0,1454545
38,65	0,1454545
38,7	0,1454545
38,72	0,1454545
38,77	0,1454545
38,8	0,1454545
38,85	0,1454545
38,87	0,1454545
38,91	0,1454545
38,93	0,1454545
38,97	0,1454545
38,98	0,1454545
39	0,1454545
39,03	0,1454545
39,05	0,1454545
39,06	0,1454545
39,11	0,1454545
39,13	0,1454545
39,18	0,1454545
39,19	0,1454545
39,23	0,1454545
39,26	0,1454545
39,29	0,1454545
39,31	0,1454545
39,32	0,1454545
39,37	0,1454545
39,4	0,1454545
39,44	0,1454545
39,47	0,1454545
39,51	0,1454545
39,56	0,1454545
39,61	0,1454545
39,64	0,1454545
39,69	0,1515151
39,72	0,1545454
39,77	0,160606
39,79	0,1636363
39,85	0,1727272
39,89	0,1757575
39,91	0,1757575
39,97	0,1848484
40,03	0,1909091
40,08	0,1969697
40,1	0,2
40,14	0,2030303
40,17	0,2060606
40,2	0,2090909
40,21	0,2121212
40,23	0,2151515
40,27	0,2181818
40,29	0,2212121
40,32	0,2242424
40,34	0,2272727
40,37	0,230303
40,42	0,2363636
40,43	0,2363636
40,46	0,2393939
40,48	0,2424242
40,5	0,2454545
40,54	0,2484848
40,56	0,2515152
40,61	0,2575758
40,63	0,2606061
40,75	0,269697
40,81	0,269697
40,86	0,269697
40,88	0,269697
40,94	0,2727273
40,99	0,2727273
41,01	0,2727273
41,07	0,2727273
41,1	0,2727273
41,13	0,2787879
41,18	0,2818182
41,2	0,2848485
41,25	0,2909091
41,3	0,2969697
41,35	0,3030303
41,37	0,3030303
41,42	0,3090909
41,45	0,3121212
41,5	0,3181819
41,53	0,3212122
41,58	0,3272728
41,62	0,3333334
41,66	0,3363637
41,69	0,3424243
41,75	0,3454546
41,8	0,3545455
41,82	0,3545455
41,87	0,3545455
41,89	0,3545455
41,94	0,3545455
41,96	0,3545455
42,01	0,3545455
42,04	0,3545455
42,09	0,3545455
42,11	0,3545455
42,17	0,3545455
42,23	0,3545455
42,27	0,3545455
42,3	0,3545455
42,35	0,3545455
42,38	0,3545455
42,42	0,3545455
42,45	0,3545455
42,51	0,3545455
42,57	0,3545455
42,61	0,3545455
42,64	0,3545455
42,69	0,3545455
42,71	0,3545455
42,81	0,3545455
42,86	0,3545455
42,88	0,3545455
42,93	0,3545455
42,95	0,3545455
43	0,3545455
43,02	0,3545455
43,06	0,3545455
43,1	0,3545455
43,11	0,3545455
43,14	0,3545455
43,17	0,3545455
43,21	0,3545455
43,24	0,3545455
43,29	0,3545455
43,32	0,3545455
43,34	0,3545455
43,36	0,3545455
43,41	0,3545455
43,7	0,3545455
43,75	0,3545455
43,78	0,3545455
43,8	0,3545455
43,81	0,3545455
43,82	0,3545455
43,84	0,3545455
43,89	0,3545455
43,91	0,3545455
43,95	0,3545455
43,97	0,3545455
43,99	0,3545455
44	0,3545455
44,02	0,3545455
44,05	0,3545455
44,09	0,3545455
44,12	0,3545455
44,17	0,3545455
44,19	0,3545455
44,24	0,3545455
44,27	0,3545455
44,32	0,3545455
44,35	0,3545455
44,4	0,3545455
44,42	0,3545455
44,46	0,3545455
44,49	0,3545455
44,54	0,3545455
44,56	0,3545455
44,61	0,3545455
44,64	0,3545455
44,67	0,3545455
44,7	0,3545455
44,73	0,3545455
44,76	0,3545455
44,78	0,3545455
44,8	0,3545455
44,82	0,3545455
44,88	0,3545455
44,89	0,3545455
44,93	0,3545455
44,94	0,3545455
44,95	0,3545455
45	0,3545455
45,02	0,3545455
45,05	0,3545455
45,08	0,3545455
45,12	0,3545455
45,15	0,3545455
45,22	0,3545455
45,27	0,3545455
45,29	0,3545455
45,32	0,3545455
45,35	0,3545455
45,39	0,3545455
45,41	0,3545455
45,45	0,3545455
45,46	0,3545455
45,48	0,3545455
45,53	0,3545455
45,57	0,3545455
45,61	0,3545455
45,63	0,3545455
45,71	0,3545455
45,76	0,3545455
45,78	0,3545455
45,82	0,3545455
45,85	0,3545455
45,9	0,3545455
45,92	0,3545455
45,97	0,3545455
45,99	0,3545455
46,05	0,3545455
46,1	0,3545455
46,12	0,3545455
46,17	0,3545455
46,2	0,3545455
46,44	0,3545455
46,49	0,3545455
46,52	0,3545455
46,57	0,3545455
46,67	0,3545455
46,71	0,3545455
46,73	0,3545455
46,78	0,3545455
46,81	0,3545455
46,86	0,3545455
46,88	0,3545455
46,94	0,3545455
47,15	0,3545455
47,21	0,3545455
47,26	0,3545455
47,28	0,3545455
47,34	0,3545455
47,38	0,3545455
47,4	0,3545455
47,46	0,3545455
47,51	0,3545455
47,53	0,3545455
47,58	0,3545455
47,59	0,3545455
47,79	0,3545455
47,85	0,3545455
47,89	0,3545455
47,93	0,3545455
48	0,3545455
48,02	0,3545455
48,05	0,3545455
48,09	0,3545455
48,11	0,3545455
48,16	0,3545455
48,18	0,3545455
48,22	0,3545455
48,39	0,3545455
48,44	0,3545455
48,47	0,3545455
48,51	0,3545455
48,57	0,3545455
48,6	0,3545455
48,65	0,3545455
48,68	0,3545455
48,71	0,3545455
48,74	0,3545455
48,78	0,3545455
48,8	0,3545455
48,92	0,3545455
48,98	0,3545455
49,03	0,3545455
49,05	0,3545455
49,1	0,3545455
49,12	0,3545455
49,16	0,3545455
49,18	0,3545455
49,23	0,3545455
49,25	0,3545455
49,3	0,3545455
49,32	0,3545455
49,36	0,3545455
49,39	0,3545455
49,45	0,3545455
49,5	0,3545455
49,54	0,3545455
49,58	0,3545455
49,6	0,3545455
49,65	0,3545455
49,67	0,3545455
49,73	0,3545455
49,78	0,3545455
49,8	0,3545455
49,86	0,3545455
49,91	0,3545455
49,94	0,3545455
49,99	0,3545455
50,01	0,3545455
50,06	0,3545455
50,09	0,3545455
50,14	0,3545455
50,16	0,3545455
50,21	0,3545455
50,23	0,3545455
50,28	0,3545455
50,31	0,3545455
50,33	0,3545455
50,34	0,3545455
50,35	0,3545455
50,37	0,3545455
50,4	0,3545455
50,42	0,3545455
50,45	0,3545455
50,49	0,3545455
50,51	0,3545455
50,57	0,3545455
50,62	0,3545455
50,64	0,3545455
50,68	0,3545455
50,71	0,3545455
50,76	0,3545455
50,78	0,3545455
50,83	0,3545455
50,87	0,3545455
50,92	0,3545455
50,95	0,3545455
51	0,3545455
51,02	0,3545455
51,06	0,3545455
51,08	0,3545455
51,13	0,3545455
51,16	0,3545455
51,21	0,3545455
51,24	0,3545455
51,29	0,3545455
51,32	0,3545455
51,37	0,3545455
51,4	0,3545455
51,45	0,3545455
51,62	0,3545455
51,67	0,3545455
51,7	0,3545455
51,75	0,3545455
51,78	0,3545455
51,82	0,3545455
51,84	0,3545455
51,89	0,3545455
51,92	0,3545455
51,96	0,3545455
51,99	0,3545455
52,03	0,3545455
52,07	0,3545455
52,12	0,3545455
52,14	0,3545455
52,2	0,3545455
52,24	0,3545455
52,28	0,3545455
52,32	0,3545455
52,34	0,3545455
52,39	0,3545455
52,42	0,3545455
52,46	0,3545455
52,49	0,3545455
52,53	0,3545455
52,58	0,3545455
52,63	0,3545455
52,65	0,3545455
52,7	0,3545455
52,72	0,3545455
52,83	0,3545455
52,87	0,3545455
52,89	0,3545455
52,95	0,3545455
52,99	0,3545455
53,02	0,3545455
53,07	0,3545455
53,1	0,3545455
53,15	0,3545455
53,17	0,3545455
53,22	0,3545455
53,25	0,3545455
53,32	0,3545455
53,36	0,3545455
53,39	0,3545455
53,42	0,3545455
53,44	0,3545455
53,46	0,3545455
53,5	0,3545455
53,53	0,3545455
53,57	0,3545455
53,6	0,3545455
53,65	0,3545455
53,66	0,3545455
53,7	0,3545455
53,72	0,3545455
53,76	0,3545455
53,78	0,3545455
53,83	0,3545455
53,85	0,3545455
53,9	0,3545455
53,93	0,3545455
53,99	0,3545455
54,03	0,3545455
54,05	0,3545455
54,11	0,3545455
54,15	0,3545455
54,17	0,3545455
54,21	0,3545455
54,23	0,3545455
54,27	0,3545455
54,3	0,3545455
54,35	0,3545455
54,37	0,3545455
54,42	0,3545455
54,45	0,3545455
54,5	0,3545455
54,53	0,3545455
54,57	0,3545455
54,59	0,3545455
54,63	0,3545455
54,66	0,3545455
54,71	0,3545455
54,73	0,3545455
54,77	0,3545455
54,8	0,3545455
54,84	0,3545455
54,87	0,3545455
54,91	0,3545455
54,94	0,3545455
54,99	0,3545455
55,02	0,3545455
55,07	0,3545455
55,1	0,3545455
55,15	0,3545455
55,18	0,3545455
55,23	0,3545455
55,25	0,3545455
55,3	0,3545455
55,33	0,3545455
55,38	0,3545455
55,4	0,3545455
55,45	0,3545455
55,48	0,3545455
55,52	0,3545455
55,55	0,3545455
55,61	0,3545455
55,65	0,3545455
55,68	0,3545455
55,73	0,3545455
55,75	0,3545455
55,8	0,3545455
55,83	0,3545455
55,88	0,3545455
55,91	0,3545455
55,95	0,3545455
55,98	0,3545455
56,02	0,3545455
56,05	0,3545455
56,1	0,3545455
56,13	0,3545455
56,18	0,3545455
56,2	0,3545455
56,25	0,3545455
56,27	0,3545455
56,32	0,3545455
56,34	0,3545455
56,38	0,3545455
56,41	0,3545455
56,46	0,3545455
56,49	0,3545455
56,53	0,3545455
56,57	0,3545455
56,65	0,3545455
56,7	0,3545455
56,74	0,3545455
56,8	0,3545455
56,85	0,3545455
56,87	0,3545455
56,92	0,3545455
56,94	0,3545455
56,99	0,3545455
57,01	0,3545455
57,06	0,3545455
57,08	0,3545455
57,12	0,3545455
57,15	0,3545455
57,2	0,3545455
57,23	0,3545455
57,29	0,3545455
57,33	0,3545455
57,35	0,3545455
57,4	0,3545455
57,42	0,3545455
57,46	0,3545455
57,48	0,3545455
57,66	0,3545455
57,73	0,3545455
57,77	0,3545455
57,8	0,3545455
57,86	0,3545455
57,9	0,3545455
57,94	0,3545455
57,99	0,3545455
58,02	0,3545455
58,07	0,3545455
58,09	0,3545455
58,13	0,3545455
58,16	0,3545455
58,22	0,3545455
58,24	0,3545455
58,3	0,3545455
58,36	0,3545455
58,4	0,3545455
58,41	0,3545455
58,42	0,3545455
58,54	0,3545455
58,59	0,3545455
58,61	0,3545455
58,67	0,3545455
58,72	0,3545455
58,74	0,3545455
58,79	0,3545455
58,81	0,3545455
58,87	0,3545455
58,91	0,3545455
58,94	0,3545455
58,99	0,3545455
59,01	0,3545455
59,05	0,3545455
59,07	0,3545455
59,13	0,3545455
59,17	0,3545455
59,2	0,3545455
59,24	0,3545455
59,27	0,3545455
59,32	0,3545455
59,34	0,3545455
59,39	0,3545455
59,42	0,3545455
59,46	0,3545455
59,48	0,3545455
59,53	0,3545455
59,56	0,3545455
59,61	0,3545455
59,63	0,3545455
59,69	0,3545455
59,74	0,3545455
59,76	0,3545455
59,84	0,3545455
59,89	0,3545455
59,94	0,3545455
59,97	0,3545455
60,02	0,3545455
60,04	0,3545455
60,08	0,3545455
60,1	0,3545455
60,15	0,3545455
60,17	0,3545455
60,21	0,3545455
60,24	0,3545455
60,29	0,3545455
60,31	0,3545455
60,37	0,3545455
60,42	0,3545455
60,45	0,3545455
60,51	0,3545455
60,56	0,3545455
60,59	0,3545455
60,64	0,3545455
60,67	0,3545455
60,72	0,3545455
60,73	0,3545455
60,79	0,3545455
60,83	0,3545455
60,86	0,3545455
60,9	0,3545455
60,92	0,3545455
60,99	0,3545455
61,05	0,3545455
61,08	0,3545455
61,12	0,3545455
61,15	0,3545455
61,19	0,3545455
61,22	0,3545455
61,27	0,3545455
61,29	0,3545455
61,34	0,3545455
61,36	0,3545455
61,41	0,3545455
61,42	0,3545455
61,46	0,3545455
61,5	0,3545455
61,55	0,3545455
61,58	0,3545455
61,63	0,3545455
61,66	0,3545455
61,71	0,3545455
61,74	0,3545455
61,81	0,3545455
61,85	0,3545455
61,88	0,3545455
61,92	0,3545455
61,96	0,3545455
62	0,3545455
62,12	0,3545455
62,18	0,3545455
62,22	0,3545455
62,23	0,3545455
62,24	0,3545455
62,26	0,3545455
62,27	0,3545455
62,29	0,3545455
62,31	0,3545455
62,37	0,3545455
62,41	0,3545455
62,43	0,3545455
62,47	0,3545455
62,51	0,3545455
62,56	0,3545455
62,59	0,3545455
62,64	0,3545455
62,67	0,3545455
62,72	0,3545455
62,73	0,3545455
62,79	0,3545455
62,83	0,3545455
62,86	0,3545455
62,91	0,3545455
62,92	0,3545455
62,98	0,3545455
63,03	0,3545455
63,06	0,3545455
63,11	0,3545455
63,13	0,3545455
63,18	0,3545455
63,2	0,3545455
63,25	0,3545455
63,27	0,3545455
63,32	0,3545455
63,34	0,3545455
63,38	0,3545455
63,43	0,3545455
63,48	0,3545455
63,52	0,3545455
63,57	0,3545455
63,62	0,3545455
63,64	0,3545455
63,69	0,3545455
63,72	0,3545455
63,76	0,3545455
63,78	0,3545455
63,83	0,3545455
63,85	0,3545455
63,91	0,3545455
63,93	0,3545455
63,98	0,3545455
64,01	0,3545455
64,05	0,3545455
64,16	0,3545455
64,21	0,3545455
64,25	0,3545455
64,27	0,3545455
64,33	0,3545455
64,38	0,3545455
64,41	0,3545455
64,46	0,3545455
64,49	0,3545455
64,53	0,3545455
64,56	0,3545455
64,6	0,3545455
64,64	0,3575758
64,7	0,3636364
64,75	0,369697
64,78	0,369697
64,83	0,369697
64,86	0,369697
64,91	0,369697
64,93	0,369697
64,98	0,369697
65	0,369697
65,05	0,369697
65,08	0,369697
65,12	0,369697
65,17	0,3757576
65,22	0,3757576
65,27	0,3757576
65,3	0,3757576
65,35	0,3757576
65,37	0,3757576
65,42	0,3757576
65,44	0,3757576
65,49	0,3757576
65,51	0,3757576
65,58	0,3909091
65,62	0,3909091
65,66	0,4
65,71	0,4272727
65,73	0,4424243
65,77	0,4575758
65,8	0,4636364
65,85	0,4636364
65,87	0,4636364
65,93	0,4636364
65,97	0,4636364
66	0,4636364
66,05	0,4636364
66,07	0,4636364
66,12	0,4636364
66,14	0,4636364
66,2	0,4636364
66,25	0,4636364
66,28	0,4636364
66,33	0,4636364
66,36	0,4636364
66,41	0,4636364
66,43	0,4636364
66,49	0,4636364
66,52	0,4636364
66,58	0,4636364
66,62	0,4636364
66,63	0,4636364
66,65	0,4636364
66,71	0,4636364
66,77	0,4636364
66,8	0,4636364
66,81	0,4636364
66,82	0,4636364
66,84	0,4636364
66,9	0,4636364
66,94	0,4636364
66,96	0,4636364
67,01	0,4636364
67,03	0,4636364
67,08	0,4636364
67,11	0,4636364
67,17	0,4636364
67,22	0,4636364
67,25	0,4636364
67,29	0,4636364
67,31	0,4636364
67,36	0,4636364
67,38	0,4636364
67,43	0,4636364
67,46	0,4636364
67,51	0,4636364
67,55	0,4636364
67,59	0,4636364
67,62	0,4636364
67,69	0,4636364
67,75	0,4636364
67,79	0,4636364
67,82	0,4636364
67,86	0,4636364
67,89	0,4636364
67,94	0,4636364
67,96	0,4636364
68,01	0,4636364
68,03	0,4636364
68,09	0,4636364
68,11	0,4636364
68,16	0,4636364
68,2	0,4636364
68,24	0,4636364
68,26	0,4636364
68,3	0,4636364
68,33	0,4636364
68,38	0,4636364
68,4	0,4636364
68,46	0,4636364
68,5	0,4636364
68,53	0,4636364
68,59	0,4636364
68,63	0,4636364
68,65	0,4636364
68,71	0,4636364
68,76	0,4636364
68,78	0,4636364
68,83	0,4636364
68,86	0,4636364
68,9	0,4636364
68,92	0,4636364
68,97	0,4636364
69,02	0,4636364
69,06	0,4636364
69,08	0,4636364
69,12	0,4636364
69,16	0,4636364
69,21	0,4636364
69,25	0,4636364
69,3	0,4636364
69,32	0,4636364
69,37	0,4636364
69,4	0,4636364
69,44	0,4636364
69,47	0,4636364
69,52	0,4636364
69,55	0,4636364
69,59	0,4636364
69,62	0,4636364
69,67	0,4636364
69,72	0,4636364
69,83	0,4636364
69,88	0,4636364
69,9	0,4636364
69,95	0,4636364
69,97	0,4636364
70,02	0,4636364
70,05	0,4636364
70,1	0,4636364
70,12	0,4636364
70,17	0,4636364
70,19	0,4636364
70,23	0,4636364
70,27	0,4636364
70,32	0,4636364
70,34	0,4636364
70,4	0,4636364
70,45	0,4636364
70,47	0,4636364
70,52	0,4636364
70,55	0,4636364
70,59	0,4636364
70,61	0,4636364
70,67	0,4636364
70,71	0,4636364
70,73	0,4636364
70,78	0,4636364
70,81	0,4636364
70,86	0,4636364
70,88	0,4636364
70,95	0,4636364
70,98	0,4636364
71	0,4636364
71,02	0,4636364
71,06	0,4636364
71,09	0,4636364
71,14	0,4636364
71,16	0,4636364
71,21	0,4636364
71,23	0,4636364
71,28	0,4636364
71,31	0,4636364
71,37	0,4636364
71,41	0,4636364
71,45	0,4636364
71,5	0,4636364
71,53	0,4636364
71,58	0,4636364
71,6	0,4636364
71,65	0,4636364
71,68	0,4636364
71,73	0,4636364
71,75	0,4636364
71,76	0,4636364
71,78	0,4636364
71,8	0,4636364
71,84	0,4636364
71,89	0,4636364
71,91	0,4636364
71,95	0,4636364
71,98	0,4636364
72,03	0,4636364
72,06	0,4636364
72,11	0,4636364
72,13	0,4636364
72,18	0,4636364
72,21	0,4636364
72,27	0,4636364
72,31	0,4636364
72,35	0,4636364
72,4	0,4636364
72,43	0,4636364
72,47	0,4636364
72,5	0,4636364
72,56	0,4636364
72,62	0,4636364
72,67	0,4636364
72,7	0,4636364
72,75	0,4636364
72,78	0,4636364
72,83	0,4636364
72,86	0,4636364
72,91	0,4636364
72,94	0,4636364
72,99	0,4636364
73,02	0,4636364
73,07	0,4636364
73,1	0,4636364
73,13	0,4636364
73,15	0,4636364
73,17	0,4636364
73,23	0,4636364
73,28	0,4636364
73,31	0,4636364
73,37	0,4636364
73,42	0,4636364
73,44	0,4636364
73,49	0,4636364
73,51	0,4636364
73,57	0,4636364
73,62	0,4636364
73,65	0,4636364
73,71	0,4636364
73,75	0,4636364
73,77	0,4636364
73,82	0,4636364
73,85	0,4636364
73,91	0,4636364
73,95	0,4636364
73,98	0,4636364
74,03	0,4636364
74,05	0,4636364
74,09	0,4636364
74,11	0,4636364
74,17	0,4636364
74,22	0,4636364
74,25	0,4636364
74,3	0,4636364
74,32	0,4636364
74,38	0,4636364
74,44	0,4636364
74,49	0,4636364
74,51	0,4636364
74,58	0,4636364
74,62	0,4636364
74,64	0,4636364
74,7	0,4636364
74,75	0,4636364
74,82	0,4636364
74,86	0,4636364
74,89	0,4636364
74,96	0,4636364
75,01	0,4636364
75,03	0,4636364
75,08	0,4636364
75,11	0,4636364
75,17	0,4636364
75,22	0,4636364
75,25	0,4636364
75,3	0,4636364
75,32	0,4636364
75,38	0,4636364
75,42	0,4636364
75,46	0,4636364
75,66	0,4636364
75,72	0,4636364
75,77	0,4636364
75,79	0,4636364
75,85	0,4636364
75,89	0,4636364
75,91	0,4636364
75,95	0,4636364
75,98	0,4636364
76,03	0,4636364
76,06	0,4636364
76,12	0,4636364
76,17	0,4636364
76,2	0,4636364
76,25	0,4636364
76,27	0,4636364
76,33	0,4636364
76,39	0,4636364
76,44	0,4636364
76,47	0,4636364
76,48	0,4636364
76,49	0,4636364
76,5	0,4636364
76,54	0,4636364
76,59	0,4636364
76,61	0,4636364
76,66	0,4636364
76,69	0,4636364
76,74	0,4636364
76,76	0,4636364
76,84	0,4636364
76,89	0,4636364
76,92	0,4636364
76,97	0,4636364
77	0,4636364
77,05	0,4636364
77,08	0,4636364
77,13	0,4636364
77,17	0,4636364
77,22	0,4636364
77,25	0,4636364
77,3	0,4636364
77,33	0,4636364
77,38	0,4636364
77,4	0,4636364
77,45	0,4636364
77,48	0,4636364
77,53	0,4636364
77,56	0,4636364
77,62	0,4636364
77,67	0,4636364
77,7	0,4636364
77,75	0,4636364
77,78	0,4636364
77,83	0,4636364
77,86	0,4636364
77,88	0,4636364
77,9	0,4636364
77,92	0,4636364
77,96	0,4636364
77,98	0,4636364
78,03	0,4636364
78,06	0,4636364
78,1	0,4636364
78,13	0,4636364
78,18	0,4636364
78,22	0,4636364
78,26	0,4636364
78,29	0,4636364
78,34	0,4636364
78,36	0,4636364
78,41	0,4636364
78,45	0,4636364
78,47	0,4636364
78,53	0,4636364
78,55	0,4636364
78,63	0,4636364
78,68	0,4636364
78,73	0,4636364
78,76	0,4636364
78,8	0,4636364
78,84	0,4636364
78,88	0,4636364
78,91	0,4636364
78,96	0,4636364
78,98	0,4636364
79,06	0,4636364
79,17	0,4636364
79,28	0,4636364
79,32	0,4636364
79,36	0,4636364
79,41	0,4636364
79,44	0,4636364
79,48	0,4636364
79,51	0,4636364
79,58	0,4636364
79,65	0,4636364
79,7	0,4636364
79,73	0,4636364
79,78	0,4636364
79,81	0,4636364
79,87	0,4636364
79,91	0,4636364
79,94	0,4636364
79,99	0,4636364
80,02	0,4636364
80,07	0,4636364
80,1	0,4636364
80,15	0,4636364
80,18	0,4636364
80,23	0,4636364
80,25	0,4636364
80,3	0,4636364
80,32	0,4636364
80,35	0,4636364
80,38	0,4636364
80,43	0,4636364
80,46	0,4636364
80,51	0,4636364
80,55	0,4636364
80,59	0,4636364
80,62	0,4636364
80,67	0,4636364
80,7	0,4636364
80,75	0,4636364
80,78	0,4636364
80,83	0,4636364
80,86	0,4636364
80,91	0,4636364
80,94	0,4636364
80,99	0,4636364
81,02	0,4636364
81,06	0,4636364
81,08	0,4636364
81,14	0,4636364
81,16	0,4636364
81,21	0,4636364
81,24	0,4636364
81,29	0,4636364
81,31	0,4636364
81,36	0,4636364
81,38	0,4636364
81,49	0,4636364
81,54	0,4636364
81,57	0,4636364
81,63	0,4636364
81,68	0,4636364
81,7	0,4636364
81,75	0,4636364
81,76	0,4636364
81,82	0,4636364
81,87	0,4636364
81,89	0,4636364
81,95	0,4636364
81,98	0,4636364
82,02	0,4636364
82,05	0,4636364
82,1	0,4636364
82,12	0,4636364
82,17	0,4636364
82,19	0,4636364
82,24	0,4636364
82,26	0,4636364
82,31	0,4636364
82,34	0,4636364
82,39	0,4636364
82,42	0,4636364
82,47	0,4636364
82,5	0,4636364
82,55	0,4636364
82,58	0,4636364
82,63	0,4636364
82,66	0,4636364
82,71	0,4636364
82,74	0,4636364
82,9	0,4636364
82,95	0,4636364
82,98	0,4636364
83,03	0,4636364
83,08	0,4636364
83,11	0,4636364
83,15	0,4636364
83,17	0,4636364
83,24	0,4636364
83,29	0,4636364
83,32	0,4636364
83,36	0,4636364
83,39	0,4636364
83,43	0,4636364
83,46	0,4636364
83,5	0,4636364
83,53	0,4636364
83,57	0,4636364
83,6	0,4636364
83,65	0,4636364
83,67	0,4636364
83,72	0,4636364
83,75	0,4636364
83,79	0,4636364
83,82	0,4636364
83,87	0,4636364
83,89	0,4636364
83,93	0,4636364
83,96	0,4636364
84,02	0,4636364
84,06	0,4636364
84,08	0,4636364
84,14	0,4636364
84,16	0,4636364
84,22	0,4636364
84,24	0,4636364
84,28	0,4636364
84,31	0,4636364
84,36	0,4636364
84,38	0,4636364
84,43	0,4636364
84,47	0,4636364
84,52	0,4636364
84,55	0,4636364
84,59	0,4636364
84,62	0,4636364
84,67	0,4636364
84,69	0,4636364
84,75	0,4636364
84,8	0,4636364
84,83	0,4636364
84,88	0,4636364
84,91	0,4636364
84,95	0,4636364
84,98	0,4636364
85,03	0,4636364
85,07	0,4636364
85,11	0,4636364
85,14	0,4636364
85,19	0,4636364
85,22	0,4636364
85,27	0,4636364
85,3	0,4636364
85,34	0,4636364
85,37	0,4636364
85,42	0,4636364
85,44	0,4636364
85,49	0,4636364
85,52	0,4636364
85,58	0,4636364
85,6	0,4636364
85,66	0,4636364
85,68	0,4636364
85,74	0,4636364
85,76	0,4636364
85,81	0,4636364
85,83	0,4636364
85,88	0,4636364
85,91	0,4636364
85,95	0,4636364
85,98	0,4636364
86,02	0,4636364
86,04	0,4636364
86,08	0,4636364
86,11	0,4636364
86,14	0,4636364
86,16	0,4636364
86,17	0,4636364
86,21	0,4636364
86,23	0,4636364
86,27	0,4636364
86,31	0,4636364
86,36	0,4636364
86,38	0,4636364
86,44	0,4636364
86,46	0,4636364
86,51	0,4636364
86,55	0,4636364
86,6	0,4636364
86,64	0,4636364
86,67	0,4636364
86,72	0,4636364
86,74	0,4636364
86,79	0,4636364
86,83	0,4636364
86,88	0,4636364
86,92	0,4636364
86,94	0,4636364
86,99	0,4636364
87,02	0,4636364
87,06	0,4636364
87,08	0,4636364
87,11	0,4636364
87,13	0,4636364
87,16	0,4636364
87,26	0,4636364
87,3	0,4636364
87,32	0,4636364
87,34	0,4636364
87,38	0,4636364
87,4	0,4636364
87,42	0,4636364
87,47	0,4636364
87,48	0,4636364
87,51	0,4636364
87,54	0,4636364
87,56	0,4636364
87,61	0,4636364
87,62	0,4636364
87,66	0,4636364
87,67	0,4636364
87,7	0,4636364
87,71	0,4636364
87,72	0,4636364
87,74	0,4636364
87,77	0,4636364
87,8	0,4636364
87,83	0,4636364
87,84	0,4636364
87,86	0,4636364
87,89	0,4636364
87,91	0,4636364
87,95	0,4636364
87,96	0,4636364
87,98	0,4636364
87,99	0,4636364
88	0,4636364
88,02	0,4636364
88,05	0,4636364
88,1	0,4636364
88,12	0,4636364
88,18	0,4636364
88,21	0,4636364
88,27	0,4636364
88,32	0,4636364
88,38	0,4636364
88,43	0,4636364
88,46	0,4636364
88,51	0,4636364
88,55	0,4636364
88,61	0,4636364
88,63	0,4636364
88,68	0,4636364
88,71	0,4636364
88,77	0,4636364
88,82	0,4636364
88,84	0,4636364
88,9	0,4636364
88,95	0,4636364
88,97	0,4636364
89,02	0,4636364
89,05	0,4636364
89,09	0,4636364
89,12	0,4636364
89,17	0,4636364
89,19	0,4636364
89,25	0,4636364
89,31	0,4636364
89,36	0,4636364
89,38	0,4636364
89,42	0,4636364
89,45	0,4636364
89,49	0,4636364
89,51	0,4636364
89,56	0,4636364
89,58	0,4636364
89,63	0,4636364
89,65	0,4636364
89,7	0,4636364
89,72	0,4636364
89,78	0,4636364
89,79	0,4636364
89,84	0,4636364
89,87	0,4636364
89,92	0,4636364
89,94	0,4636364
89,97	0,4636364
89,99	0,4636364
90,02	0,4636364
90,07	0,4636364
90,09	0,4636364
90,14	0,4636364
90,16	0,4636364
90,2	0,4636364
90,23	0,4636364
90,27	0,4636364
90,29	0,4636364
90,34	0,4636364
90,36	0,4636364
90,42	0,4636364
90,47	0,4636364
90,49	0,4636364
90,53	0,4636364
90,56	0,4636364
90,6	0,4636364
90,63	0,4636364
90,65	0,4636364
90,68	0,4636364
90,73	0,4636364
90,75	0,4636364
90,79	0,4636364
90,8	0,4636364
90,83	0,4636364
90,86	0,4636364
90,89	0,4636364
90,92	0,4636364
90,93	0,4636364
90,95	0,4636364
90,99	0,4636364
91,01	0,4636364
91,06	0,4636364
91,09	0,4636364
91,13	0,4636364
91,16	0,4636364
91,2	0,4636364
91,22	0,4636364
91,27	0,4636364
91,3	0,4636364
91,34	0,4636364
91,37	0,4636364
91,43	0,4636364
91,48	0,4636364
91,5	0,4636364
91,56	0,4636364
91,62	0,4636364
91,64	0,4636364
91,69	0,4636364
91,71	0,4636364
91,76	0,4636364
91,79	0,4636364
91,84	0,4636364
91,89	0,4636364
91,91	0,4636364
91,97	0,4636364
91,98	0,4636364
92,01	0,4636364
92,04	0,4636364
92,1	0,4636364
92,15	0,4636364
92,2	0,4636364
92,23	0,4636364
92,28	0,4636364
92,33	0,4636364
92,36	0,4636364
92,41	0,4636364
92,43	0,4636364
92,48	0,4636364
92,53	0,4636364
92,62	0,4636364
92,67	0,4636364
92,72	0,4636364
92,75	0,4636364
92,8	0,4636364
92,83	0,4636364
92,87	0,4636364
92,89	0,4636364
92,95	0,4636364
92,98	0,4636364
93,03	0,4636364
93,08	0,4636364
93,11	0,4636364
93,16	0,4636364
93,21	0,4636364
93,24	0,4636364
93,3	0,4636364
93,32	0,4636364
93,37	0,4636364
93,39	0,4636364
93,44	0,4636364
93,47	0,4636364
93,51	0,4636364
93,55	0,4636364
93,58	0,4636364
93,6	0,4636364
93,66	0,4636364
93,69	0,4636364
93,75	0,4636364
93,77	0,4636364
93,82	0,4636364
93,84	0,4636364
93,89	0,4636364
93,92	0,4636364
93,97	0,4636364
94	0,4636364
94,05	0,4636364
94,07	0,4636364
94,13	0,4636364
94,15	0,4636364
94,21	0,4636364
94,23	0,4636364
94,28	0,4636364
94,31	0,4636364
94,36	0,4636364
94,41	0,4636364
94,44	0,4636364
94,48	0,4636364
94,51	0,4636364
94,57	0,4636364
94,6	0,4636364
94,64	0,4636364
94,67	0,4636364
94,72	0,4636364
94,74	0,4636364
94,8	0,4636364
94,85	0,4636364
94,88	0,4636364
94,92	0,4636364
94,95	0,4636364
95	0,4636364
95,03	0,4636364
95,08	0,4636364
95,1	0,4636364
95,14	0,4636364
95,16	0,4636364
95,2	0,4636364
95,21	0,4636364
95,23	0,4636364
95,27	0,4636364
95,3	0,4636364
95,35	0,4636364
95,37	0,4636364
95,42	0,4636364
95,44	0,4636364
95,48	0,4636364
95,5	0,4636364
95,56	0,4636364
95,58	0,4636364
95,64	0,4636364
95,67	0,4636364
95,71	0,4636364
95,74	0,4636364
95,78	0,4636364
95,81	0,4636364
95,87	0,4636364
95,9	0,4636364
95,94	0,4636364
95,97	0,4636364
96,01	0,4636364
96,03	0,4636364
96,08	0,4636364
96,11	0,4636364
96,16	0,4636364
96,19	0,4636364
96,24	0,4636364
96,27	0,4636364
96,32	0,4636364
96,35	0,4636364
96,37	0,4636364
96,39	0,4636364
96,41	0,4636364
96,46	0,4636364
96,48	0,4636364
96,54	0,4636364
96,57	0,4636364
96,63	0,4636364
96,66	0,4636364
96,71	0,4636364
96,73	0,4636364
96,78	0,4636364
96,81	0,4636364
96,86	0,4636364
96,88	0,4636364
96,93	0,4636364
96,96	0,4636364
97,01	0,4636364
97,04	0,4636364
97,09	0,4636364
97,12	0,4636364
97,17	0,4636364
97,19	0,4636364
97,24	0,4636364
97,29	0,4636364
97,32	0,4636364
97,37	0,4636364
97,43	0,4636364
97,45	0,4636364
97,5	0,4636364
97,56	0,4636364
97,61	0,4636364
97,64	0,4636364
97,69	0,4636364
97,72	0,4636364
97,75	0,4636364
97,78	0,4636364
97,83	0,4636364
97,86	0,4636364
97,91	0,4636364
97,93	0,4636364
97,98	0,4636364
98,02	0,4636364
98,05	0,4636364
98,11	0,4636364
98,16	0,4636364
98,18	0,4636364
98,23	0,4636364
98,26	0,4636364
98,36	0,4636364
98,4	0,4636364
98,43	0,4636364
98,49	0,4636364
98,54	0,4636364
98,58	0,4636364
98,63	0,4636364
98,66	0,4636364
98,71	0,4636364
98,73	0,4636364
98,78	0,4636364
98,83	0,4636364
98,86	0,4636364
98,9	0,4636364
98,94	0,4636364
98,99	0,4636364
99,04	0,4636364
99,06	0,4636364
99,1	0,4636364
99,12	0,4636364
99,15	0,4636364
99,21	0,4636364
99,25	0,4636364
99,28	0,4636364
99,33	0,4636364
99,36	0,4636364
99,4	0,4636364
99,42	0,4636364
99,47	0,4636364
99,5	0,4636364
99,57	0,4636364
99,62	0,4636364
99,64	0,4636364
99,7	0,4636364
99,75	0,4636364
99,78	0,4636364
99,83	0,4636364
99,85	0,4636364
99,89	0,4636364
99,92	0,4636364
99,98	0,4636364
100,01	0,4636364
100,06	0,4636364
100,08	0,4636364
100,13	0,4636364
100,15	0,4636364
100,2	0,4636364
100,23	0,4636364
100,28	0,4636364
100,3	0,4636364
100,35	0,4636364
100,38	0,4636364
100,42	0,4636364
100,44	0,4636364
100,5	0,4636364
100,52	0,4636364
100,57	0,4636364
100,59	0,4636364
100,67	0,4636364
100,72	0,4636364
100,75	0,4636364
100,84	0,4636364
100,88	0,4636364
100,91	0,4636364
100,97	0,4636364
101	0,4636364
101,05	0,4636364
101,07	0,4636364
101,12	0,4636364
101,18	0,4636364
101,21	0,4636364
101,27	0,4636364
101,32	0,4636364
101,35	0,4636364
101,41	0,4636364
101,46	0,4636364
101,5	0,4636364
101,67	0,4636364
101,72	0,4636364
101,76	0,4636364
101,8	0,4636364
101,83	0,4636364
101,88	0,4636364
101,91	0,4636364
101,96	0,4636364
101,99	0,4636364
102,04	0,4636364
102,07	0,4636364
102,12	0,4636364
102,15	0,4636364
102,2	0,4636364
102,22	0,4636364
102,28	0,4636364
102,33	0,4636364
102,35	0,4636364
102,4	0,4636364
102,43	0,4636364
102,47	0,4636364
102,49	0,4636364
102,55	0,4636364
102,58	0,4636364
102,61	0,4636364
102,63	0,4636364
102,66	0,4636364
102,7	0,4636364
102,74	0,4636364
102,78	0,4636364
102,8	0,4636364
102,84	0,4636364
102,85	0,4636364
102,86	0,4636364
102,9	0,4636364
102,94	0,4636364
102,99	0,4636364
103,01	0,4636364
103,06	0,4636364
103,09	0,4636364
103,14	0,4636364
103,16	0,4636364
103,21	0,4636364
103,26	0,4636364
103,29	0,4636364
103,35	0,4636364
103,39	0,4636364
103,41	0,4636364
103,46	0,4636364
103,49	0,4636364
103,54	0,4636364
103,57	0,4636364
103,62	0,4636364
103,64	0,4636364
103,69	0,4636364
103,71	0,4636364
103,76	0,4636364
103,8	0,4636364
103,85	0,4636364
103,87	0,4636364
103,93	0,4636364
103,98	0,4636364
104,01	0,4636364
104,06	0,4636364
104,1	0,4636364
104,14	0,4636364
104,24	0,4636364
104,29	0,4636364
104,32	0,4636364
104,36	0,4636364
104,39	0,4636364
104,44	0,4636364
104,46	0,4636364
104,52	0,4636364
104,58	0,4636364
104,63	0,4636364
104,66	0,4636364
104,71	0,4636364
104,73	0,4636364
104,78	0,4636364
104,81	0,4636364
104,85	0,4636364
104,88	0,4636364
104,93	0,4636364
104,96	0,4636364
105,01	0,4636364
105,03	0,4636364
105,08	0,4636364
105,11	0,4636364
105,15	0,4636364
105,18	0,4636364
105,23	0,4636364
105,25	0,4636364
105,3	0,4636364
105,32	0,4636364
105,38	0,4636364
105,43	0,4636364
105,45	0,4636364
105,49	0,4636364
105,52	0,4636364
105,57	0,4636364
105,6	0,4636364
105,64	0,4636364
105,67	0,4636364
105,71	0,4636364
105,73	0,4636364
105,78	0,4636364
105,79	0,4636364
105,83	0,4636364
105,86	0,4666667
105,91	0,4727273
105,93	0,4727273
105,97	0,4787879
106	0,4818182
106,05	0,4878788
106,07	0,4909091
106,13	0,4969697
106,18	0,5030303
106,2	0,5030303
106,26	0,5121212
106,3	0,5151515
106,33	0,5181818
106,38	0,5242424
106,4	0,5272727
106,45	0,5333333
106,48	0,5363636
106,52	0,5393939
106,54	0,5393939
106,59	0,5393939
106,6	0,5393939
106,65	0,5393939
106,67	0,5393939
106,72	0,5393939
106,74	0,5393939
106,78	0,5393939
106,8	0,5393939
106,84	0,5393939
106,87	0,5393939
106,91	0,5393939
106,94	0,5393939
106,98	0,5393939
107,01	0,5393939
107,05	0,5393939
107,07	0,5393939
107,12	0,5393939
107,14	0,5393939
107,18	0,5393939
107,21	0,5393939
107,24	0,5393939
107,26	0,5393939
107,3	0,5393939
107,33	0,5393939
107,37	0,5393939
107,4	0,5393939
107,44	0,5393939
107,47	0,5393939
107,51	0,5393939
107,56	0,5393939
107,58	0,5393939
107,61	0,5393939
107,62	0,5393939
107,66	0,5393939
107,69	0,5393939
107,74	0,5393939
107,77	0,5393939
107,8	0,5393939
107,83	0,5393939
107,87	0,5393939
107,88	0,5393939
107,92	0,5393939
107,94	0,5393939
107,97	0,5393939
108,01	0,5393939
108,04	0,5393939
108,07	0,5393939
108,1	0,5393939
108,14	0,5393939
108,17	0,5393939
108,19	0,5393939
108,22	0,5393939
108,23	0,5393939
108,28	0,5393939
108,3	0,5393939
108,34	0,5393939
108,37	0,5393939
108,42	0,5393939
108,44	0,5393939
108,49	0,5393939
108,52	0,5393939
108,58	0,5393939
108,63	0,5393939
108,66	0,5393939
108,69	0,5393939
108,7	0,5393939
108,73	0,5393939
108,78	0,5393939
108,8	0,5393939
108,85	0,5393939
108,88	0,5393939
108,93	0,5393939
108,96	0,5393939
109,01	0,5393939
109,04	0,5393939
109,08	0,5393939
109,1	0,5393939
109,15	0,5393939
109,19	0,5393939
109,22	0,5393939
109,27	0,5393939
109,29	0,5393939
109,35	0,5393939
109,4	0,5393939
109,42	0,5393939
109,47	0,5393939
109,5	0,5393939
109,54	0,5393939
109,59	0,5393939
109,71	0,5393939
109,75	0,5393939
109,77	0,5393939
109,8	0,5393939
109,83	0,5393939
109,88	0,5393939
109,91	0,5393939
109,97	0,5393939
110,01	0,5393939
110,05	0,5393939
110,1	0,5393939
110,12	0,5393939
110,18	0,5393939
110,22	0,5393939
110,25	0,5393939
110,3	0,5393939
110,33	0,5393939
110,38	0,5393939
110,4	0,5393939
110,46	0,5393939
110,51	0,5393939
110,54	0,5393939
110,58	0,5393939
110,6	0,5393939
110,67	0,5393939
110,71	0,5393939
110,74	0,5393939
110,8	0,5393939
110,86	0,5393939
110,91	0,5393939
110,93	0,5393939
110,97	0,5393939
110,99	0,5393939
111,06	0,5393939
111,11	0,5393939
111,13	0,5393939
111,18	0,5393939
111,2	0,5393939
111,25	0,5393939
111,28	0,5393939
111,32	0,5393939
111,35	0,5393939
111,4	0,5393939
111,42	0,5393939
111,5	0,5393939
111,55	0,5393939
111,61	0,5393939
111,66	0,5393939
111,69	0,5393939
111,74	0,5393939
111,76	0,5393939
111,82	0,5393939
111,87	0,5393939
111,9	0,5393939
111,95	0,5393939
111,98	0,5393939
112,02	0,5393939
112,04	0,5393939
112,08	0,5393939
112,1	0,5393939
112,15	0,5393939
112,18	0,5393939
112,23	0,5393939
112,25	0,5393939
112,3	0,5393939
112,32	0,5393939
112,38	0,5393939
112,42	0,5393939
112,44	0,5393939
112,49	0,5393939
112,52	0,5393939
112,57	0,5393939
112,6	0,5393939
112,65	0,5393939
112,69	0,5393939
112,71	0,5393939
112,73	0,5393939
112,78	0,5393939
112,81	0,5393939
112,86	0,5393939
112,88	0,5393939
112,92	0,5393939
112,95	0,5393939
113	0,5393939
113,02	0,5393939
113,07	0,5393939
113,09	0,5393939
113,14	0,5393939
113,17	0,5393939
113,23	0,5393939
113,28	0,5393939
113,29	0,5393939
113,32	0,5393939
113,35	0,5393939
113,37	0,5393939
113,42	0,5393939
113,44	0,5393939
113,49	0,5393939
113,52	0,5393939
113,58	0,5393939
113,63	0,5393939
113,66	0,5393939
113,71	0,5393939
113,74	0,5393939
113,79	0,5393939
113,82	0,5393939
113,87	0,5393939
113,9	0,5393939
113,94	0,5393939
113,96	0,5393939
114,01	0,5393939
114,05	0,5393939
114,09	0,5393939
114,12	0,5393939
114,17	0,5393939
114,19	0,5393939
114,25	0,5393939
114,29	0,5393939
114,32	0,5393939
114,39	0,5393939
114,43	0,5393939
114,45	0,5393939
114,5	0,5393939
114,52	0,5393939
114,59	0,5393939
114,65	0,5393939
114,7	0,5393939
114,72	0,5393939
114,76	0,5393939
114,8	0,5393939
114,84	0,5393939
114,87	0,5393939
114,92	0,5393939
114,94	0,5393939
115	0,5393939
115,06	0,5393939
115,11	0,5393939
115,13	0,5393939
115,24	0,5393939
115,3	0,5393939
115,34	0,5393939
115,38	0,5393939
115,42	0,5393939
115,45	0,5393939
115,51	0,5393939
115,57	0,5393939
115,62	0,5393939
115,65	0,5393939
115,71	0,5393939
115,75	0,5393939
115,79	0,5393939
115,84	0,5393939
115,87	0,5393939
115,91	0,5393939
115,94	0,5393939
115,99	0,5393939
116,01	0,5393939
116,07	0,5393939
116,12	0,5393939
116,14	0,5393939
116,18	0,5393939
116,22	0,5393939
116,28	0,5393939
116,32	0,5393939
116,35	0,5393939
116,39	0,5393939
116,41	0,5393939
116,47	0,5393939
116,52	0,5393939
116,56	0,5393939
116,6	0,5393939
116,64	0,5393939
116,69	0,5393939
116,71	0,5393939
116,77	0,5393939
116,88	0,5393939
116,93	0,5393939
116,96	0,5393939
117,01	0,5393939
117,04	0,5393939
117,08	0,5393939
117,12	0,5393939
117,17	0,5393939
117,2	0,5393939
117,27	0,5393939
117,32	0,5393939
117,34	0,5393939
117,37	0,5393939
117,4	0,5393939
117,44	0,5393939
117,47	0,5393939
117,53	0,5393939
117,56	0,5393939
117,61	0,5393939
117,64	0,5393939
117,69	0,5393939
117,72	0,5393939
117,77	0,5393939
117,8	0,5393939
117,86	0,5393939
117,92	0,5393939
117,97	0,5393939
118	0,5393939
118,05	0,5393939
118,08	0,5393939
118,13	0,5393939
118,16	0,5393939
118,21	0,5393939
118,25	0,5393939
118,31	0,5393939
118,37	0,5393939
118,43	0,5393939
118,47	0,5393939
118,51	0,5393939
118,58	0,5393939
118,61	0,5393939
118,63	0,5393939
118,65	0,5393939
118,69	0,5393939
118,71	0,5393939
118,76	0,5393939
118,83	0,5393939
118,88	0,5393939
118,89	0,5393939
118,92	0,5393939
118,94	0,5393939
118,96	0,5393939
119,01	0,5393939
119,04	0,5393939
119,06	0,5393939
119,08	0,5393939
119,1	0,5393939
119,15	0,5393939
119,18	0,5393939
119,23	0,5393939
119,24	0,5393939
119,3	0,5393939
119,36	0,5393939
119,41	0,5393939
119,43	0,5393939
119,48	0,5393939
119,51	0,5393939
119,68	0,5393939
119,74	0,5393939
119,79	0,5393939
119,81	0,5393939
119,86	0,5393939
119,88	0,5393939
119,93	0,5393939
119,95	0,5393939
120	0,5393939
120,03	0,5393939
120,08	0,5393939
120,1	0,5393939
120,15	0,5393939
120,18	0,5393939
120,23	0,5393939
120,25	0,5393939
120,31	0,5393939
120,34	0,5393939
120,35	0,5393939
120,38	0,5393939
120,43	0,5393939
120,45	0,5393939
120,51	0,5393939
120,56	0,5393939
120,59	0,5393939
120,63	0,5393939
120,65	0,5393939
120,7	0,5393939
120,73	0,5393939
120,78	0,5393939
120,82	0,5393939
120,86	0,5393939
120,88	0,5393939
120,94	0,5393939
121,04	0,5393939
121,1	0,5393939
121,15	0,5393939
121,17	0,5393939
121,22	0,5393939
121,25	0,5393939
121,3	0,5393939
121,32	0,5393939
121,38	0,5393939
121,43	0,5393939
121,46	0,5393939
121,5	0,5393939
121,52	0,5393939
121,56	0,5393939
121,58	0,5393939
121,62	0,5393939
121,65	0,5393939
121,71	0,5393939
121,76	0,5393939
121,79	0,5393939
121,84	0,5393939
121,87	0,5393939
121,91	0,5393939
121,94	0,5393939
121,99	0,5393939
122,02	0,5393939
122,07	0,5393939
122,1	0,5393939
122,15	0,5393939
122,18	0,5393939
122,23	0,5393939
122,25	0,5393939
122,31	0,5393939
122,36	0,5393939
122,39	0,5393939
122,44	0,5393939
122,48	0,5393939
122,53	0,5393939
122,59	0,5393939
122,63	0,5393939
122,66	0,5393939
122,72	0,5393939
122,77	0,5393939
122,79	0,5393939
122,8	0,5393939
122,82	0,5393939
122,84	0,5393939
122,86	0,5393939
122,9	0,5393939
122,92	0,5393939
122,97	0,5393939
122,99	0,5393939
123,02	0,5393939
123,05	0,5393939
123,07	0,5393939
123,09	0,5393939
123,11	0,5393939
123,15	0,5393939
123,17	0,5393939
123,2	0,5393939
123,22	0,5393939
123,25	0,5393939
123,27	0,5393939
123,31	0,5393939
123,34	0,5393939
123,38	0,5393939
123,4	0,5393939
123,45	0,5393939
123,47	0,5393939
123,5	0,5393939
123,53	0,5393939
123,56	0,5393939
123,59	0,5393939
123,61	0,5393939
123,64	0,5393939
123,69	0,5393939
123,72	0,5393939
123,77	0,5393939
123,78	0,5393939
123,83	0,5393939
123,86	0,5393939
123,9	0,5393939
123,93	0,5393939
123,98	0,5393939
124	0,5393939
124,06	0,5393939
124,1	0,5393939
124,13	0,5393939
124,19	0,5393939
124,24	0,5393939
124,27	0,5393939
124,32	0,5393939
124,34	0,5393939
124,39	0,5393939
124,42	0,5393939
124,47	0,5393939
124,5	0,5393939
124,55	0,5393939
124,58	0,5393939
124,63	0,5393939
124,65	0,5393939
124,71	0,5393939
124,76	0,5393939
124,79	0,5393939
124,84	0,5393939
124,86	0,5393939
124,91	0,5393939
124,94	0,5393939
124,99	0,5393939
125,02	0,5393939
125,07	0,5393939
125,1	0,5393939
125,14	0,5393939
125,18	0,5393939
125,24	0,5393939
125,28	0,5393939
125,31	0,5393939
125,36	0,5393939
125,38	0,5393939
125,43	0,5393939
125,46	0,5393939
125,63	0,5393939
125,68	0,5393939
125,71	0,5393939
125,75	0,5393939
125,77	0,5393939
125,81	0,5393939
125,84	0,5393939
125,89	0,5393939
125,91	0,5393939
125,94	0,5393939
125,96	0,5393939
125,98	0,5393939
126,02	0,5393939
126,04	0,5393939
126,09	0,5393939
126,12	0,5393939
126,17	0,5393939
126,22	0,5393939
126,24	0,5393939
126,29	0,5393939
126,32	0,5393939
126,35	0,5393939
126,37	0,5393939
126,39	0,5393939
126,43	0,5393939
126,46	0,5393939
126,5	0,5393939
126,52	0,5393939
126,56	0,5393939
126,59	0,5393939
126,65	0,5393939
126,72	0,5393939
126,76	0,5393939
126,77	0,5393939
126,79	0,5393939
126,84	0,5393939
126,87	0,5393939
126,89	0,5393939
126,93	0,5393939
126,97	0,5393939
127	0,5393939
127,05	0,5393939
127,09	0,5393939
127,11	0,5393939
127,15	0,5393939
127,16	0,5393939
127,19	0,5393939
127,24	0,5393939
127,26	0,5393939
127,31	0,5393939
127,33	0,5393939
127,39	0,5393939
127,43	0,5393939
127,45	0,5393939
127,5	0,5393939
127,53	0,5393939
127,59	0,5393939
127,63	0,5393939
127,67	0,5393939
127,72	0,5393939
127,75	0,5393939
127,8	0,5393939
127,82	0,5393939
127,87	0,5393939
127,9	0,5393939
127,95	0,5393939
127,97	0,5393939
128,03	0,5393939
128,08	0,5393939
128,11	0,5393939
128,15	0,5393939
128,18	0,5393939
128,22	0,5393939
128,25	0,5393939
128,3	0,5393939
128,32	0,5393939
128,37	0,5393939
128,39	0,5393939
128,43	0,5393939
128,47	0,5393939
128,52	0,5393939
128,56	0,5393939
128,61	0,5393939
128,64	0,5393939
128,69	0,5393939
128,72	0,5393939
128,77	0,5393939
128,8	0,5393939
128,86	0,5393939
128,9	0,5393939
128,94	0,5393939
128,98	0,5393939
129,01	0,5393939
129,06	0,5393939
129,09	0,5393939
129,14	0,5393939
129,17	0,5393939
129,22	0,5393939
129,24	0,5393939
129,3	0,5393939
129,34	0,5393939
129,37	0,5393939
129,43	0,5393939
129,48	0,5424242
129,51	0,5454545
129,57	0,5545454
129,63	0,5575757
129,68	0,5666667
129,71	0,569697
129,75	0,5727273
129,78	0,5757576
129,84	0,5818182
129,89	0,5878788
129,95	0,5969697
129,99	0,6030303
130,02	0,6121212
130,08	0,6272727
130,13	0,6393939
130,16	0,6484848
130,2	0,6484848
130,23	0,6484848
130,27	0,6484848
130,3	0,6484848
130,36	0,6484848
130,4	0,6484848
130,43	0,6484848
130,47	0,6484848
130,5	0,6484848
130,55	0,6484848
130,57	0,6484848
130,63	0,6484848
130,68	0,6484848
130,71	0,6484848
130,76	0,6484848
130,82	0,6484848
130,88	0,6484848
130,94	0,6484848
130,99	0,6484848
131,02	0,6484848
131,06	0,6484848
131,09	0,6484848
131,15	0,6484848
131,2	0,6484848
131,22	0,6484848
131,27	0,6484848
131,3	0,6484848
131,35	0,6484848
131,37	0,6484848
131,43	0,6484848
131,45	0,6484848
131,48	0,6484848
131,64	0,6484848
131,7	0,6484848
131,75	0,6484848
131,78	0,6484848
131,83	0,6484848
131,86	0,6484848
131,92	0,6484848
131,96	0,6484848
131,99	0,6484848
132,03	0,6484848
132,07	0,6484848
132,12	0,6484848
132,15	0,6484848
132,2	0,6484848
132,23	0,6484848
132,28	0,6484848
132,31	0,6484848
132,36	0,6484848
132,39	0,6484848
132,44	0,6484848
132,47	0,6484848
132,52	0,6484848
132,63	0,6484848
132,68	0,6484848
132,71	0,6484848
132,77	0,6484848
132,87	0,6484848
132,92	0,6484848
132,94	0,6484848
132,99	0,6484848
133,02	0,6484848
133,06	0,6484848
133,1	0,6484848
133,14	0,6484848
133,17	0,6484848
133,22	0,6484848
133,27	0,6484848
133,31	0,6484848
133,35	0,6484848
133,4	0,6484848
133,43	0,6484848
133,47	0,6484848
133,5	0,6484848
133,54	0,6484848
133,59	0,6484848
133,63	0,6484848
133,66	0,6484848
133,71	0,6484848
133,75	0,6484848
133,8	0,6484848
133,83	0,6484848
133,88	0,6484848
133,91	0,6484848
133,96	0,6484848
133,99	0,6484848
134,04	0,6484848
134,07	0,6484848
134,12	0,6484848
134,15	0,6484848
134,2	0,6484848
134,22	0,6484848
134,28	0,6484848
134,33	0,6484848
134,36	0,6484848
134,41	0,6484848
134,43	0,6484848
134,48	0,6484848
134,52	0,6484848
134,58	0,6484848
134,6	0,6484848
134,65	0,6484848
134,68	0,6484848
134,73	0,6484848
134,76	0,6484848
134,81	0,6484848
134,84	0,6484848
134,88	0,6484848
134,91	0,6484848
134,96	0,6484848
134,98	0,6484848
135,03	0,6484848
135,05	0,6484848
135,11	0,6484848
135,16	0,6484848
135,2	0,6484848
135,24	0,6484848
135,28	0,6484848
135,31	0,6484848
135,36	0,6484848
135,39	0,6484848
135,44	0,6484848
135,47	0,6484848
135,51	0,6484848
135,54	0,6484848
135,58	0,6484848
135,62	0,6484848
135,66	0,6484848
135,68	0,6484848
135,72	0,6484848
135,74	0,6484848
135,77	0,6484848
135,82	0,6484848
135,85	0,6484848
135,89	0,6484848
135,91	0,6484848
135,96	0,6484848
135,98	0,6484848
136,03	0,6484848
136,06	0,6484848
136,1	0,6484848
136,12	0,6484848
136,16	0,6484848
136,18	0,6484848
136,23	0,6484848
136,26	0,6484848
136,31	0,6484848
136,34	0,6484848
136,39	0,6484848
136,42	0,6484848
136,47	0,6484848
136,48	0,6484848
136,52	0,6484848
136,55	0,6484848
136,59	0,6484848
136,62	0,6484848
136,66	0,6484848
136,68	0,6484848
136,72	0,6484848
136,75	0,6484848
136,77	0,6484848
136,79	0,6484848
136,81	0,6484848
136,85	0,6484848
136,87	0,6484848
136,92	0,6484848
136,94	0,6484848
136,99	0,6484848
137,01	0,6484848
137,06	0,6484848
137,09	0,6484848
137,11	0,6484848
137,12	0,6484848
137,15	0,6484848
137,2	0,6484848
137,23	0,6484848
137,28	0,6484848
137,31	0,6484848
137,36	0,6484848
137,4	0,6484848
137,45	0,6484848
137,47	0,6484848
137,51	0,6484848
137,54	0,6484848
137,58	0,6484848
137,61	0,6484848
137,65	0,6484848
137,67	0,6484848
137,7	0,6484848
137,71	0,6484848
137,73	0,6484848
137,77	0,6484848
137,8	0,6484848
137,86	0,6484848
137,9	0,6484848
137,91	0,6484848
137,92	0,6484848
137,97	0,6484848
137,99	0,6484848
138,05	0,6484848
138,1	0,6484848
138,13	0,6484848
138,18	0,6484848
138,21	0,6484848
138,26	0,6484848
138,29	0,6484848
138,35	0,6484848
138,4	0,6484848
138,43	0,6484848
138,48	0,6484848
138,51	0,6484848
138,62	0,6484848
138,66	0,6484848
138,69	0,6484848
138,74	0,6484848
138,76	0,6484848
138,81	0,6484848
138,84	0,6484848
138,88	0,6484848
138,91	0,6484848
138,96	0,6484848
138,99	0,6484848
139,03	0,6484848
139,06	0,6484848
139,1	0,6484848
139,13	0,6484848
139,18	0,6484848
139,22	0,6484848
139,26	0,6484848
139,28	0,6484848
139,34	0,6484848
139,39	0,6484848
139,42	0,6484848
139,47	0,6484848
139,5	0,6484848
139,54	0,6484848
139,57	0,6484848
139,63	0,6484848
139,67	0,6484848
139,74	0,6484848
139,79	0,6484848
139,83	0,6484848
139,86	0,6484848
139,91	0,6484848
139,94	0,6484848
139,99	0,6484848
140,01	0,6484848
140,07	0,6484848
140,12	0,6484848
140,15	0,6484848
140,19	0,6484848
140,23	0,6484848
140,28	0,6484848
140,31	0,6484848
140,35	0,6484848
140,37	0,6484848
140,42	0,6484848
140,45	0,6484848
140,51	0,6484848
140,57	0,6484848
140,62	0,6484848
140,65	0,6484848
140,69	0,6484848
140,72	0,6484848
140,77	0,6484848
140,79	0,6484848
140,83	0,6484848
140,85	0,6484848
140,9	0,6484848
140,92	0,6484848
140,97	0,6484848
140,99	0,6484848
141,03	0,6484848
141,06	0,6484848
141,1	0,6484848
141,12	0,6484848
141,18	0,6484848
141,22	0,6484848
141,25	0,6484848
141,3	0,6484848
141,34	0,6484848
141,39	0,6484848
141,42	0,6484848
141,47	0,6484848
141,51	0,6484848
141,56	0,6484848
141,58	0,6484848
141,64	0,6484848
141,69	0,6484848
141,72	0,6484848
141,77	0,6484848
141,8	0,6484848
141,86	0,6484848
141,91	0,6484848
141,94	0,6484848
141,99	0,6484848
142,01	0,6484848
142,04	0,6484848
142,07	0,6484848
142,12	0,6484848
142,14	0,6484848
142,19	0,6484848
142,22	0,6484848
142,27	0,6484848
142,3	0,6484848
142,35	0,6484848
142,37	0,6484848
142,42	0,6484848
142,43	0,6484848
142,47	0,6484848
142,49	0,6484848
142,54	0,6484848
142,59	0,6484848
142,63	0,6484848
142,66	0,6484848
142,69	0,6484848
142,72	0,6484848
142,77	0,6484848
142,79	0,6484848
142,83	0,6484848
142,85	0,6484848
142,91	0,6484848
142,95	0,6484848
142,97	0,6484848
143,01	0,6484848
143,03	0,6484848
143,07	0,6484848
143,09	0,6484848
143,13	0,6484848
143,16	0,6484848
143,18	0,6484848
143,21	0,6484848
143,23	0,6484848
143,28	0,6484848
143,31	0,6484848
143,36	0,6484848
143,38	0,6484848
143,42	0,6484848
143,43	0,6484848
143,46	0,6484848
143,49	0,6484848
143,52	0,6484848
143,57	0,6484848
143,6	0,6484848
143,65	0,6484848
143,68	0,6484848
143,73	0,6484848
143,75	0,6484848
143,81	0,6484848
143,86	0,6484848
143,88	0,6484848
143,98	0,6484848
144,03	0,6484848
144,05	0,6484848
144,1	0,6484848
144,13	0,6484848
144,16	0,6484848
144,17	0,6484848
144,2	0,6484848
144,24	0,6484848
144,27	0,6484848
144,32	0,6484848
144,34	0,6484848
144,37	0,6484848
144,39	0,6484848
144,42	0,6484848
144,45	0,6484848
144,48	0,6484848
144,52	0,6484848
144,56	0,6484848
144,62	0,6484848
144,66	0,6484848
144,68	0,6484848
144,73	0,6484848
144,75	0,6484848
144,79	0,6484848
144,82	0,6484848
144,87	0,6484848
144,89	0,6484848
144,95	0,6484848
145	0,6484848
145,02	0,6484848
145,05	0,6484848
145,08	0,6484848
145,12	0,6484848
145,16	0,6484848
145,21	0,6484848
145,23	0,6484848
145,28	0,6484848
145,31	0,6484848
145,36	0,6484848
145,39	0,6484848
145,43	0,6484848
145,46	0,6484848
145,51	0,6484848
145,56	0,6484848
145,6	0,6484848
145,63	0,6484848
145,68	0,6484848
145,7	0,6484848
145,75	0,6484848
145,77	0,6484848
145,79	0,6484848
145,82	0,6484848
145,85	0,6484848
145,9	0,6484848
145,92	0,6484848
145,97	0,6484848
146	0,6484848
146,05	0,6484848
146,08	0,6484848
146,12	0,6484848
146,14	0,6484848
146,17	0,6484848
146,19	0,6484848
146,21	0,6484848
146,24	0,6484848
146,27	0,6484848
146,29	0,6484848
146,32	0,6484848
146,33	0,6484848
146,37	0,6484848
146,4	0,6484848
146,45	0,6484848
146,47	0,6484848
146,5	0,6484848
146,51	0,6484848
146,54	0,6484848
146,58	0,6484848
146,6	0,6484848
146,64	0,6484848
146,66	0,6484848
146,72	0,6484848
146,76	0,6484848
146,82	0,6484848
146,84	0,6484848
146,86	0,6484848
146,88	0,6484848
146,92	0,6484848
146,93	0,6484848
146,96	0,6484848
146,98	0,6484848
147	0,6484848
147,02	0,6484848
147,07	0,6484848
147,09	0,6484848
147,14	0,6484848
147,17	0,6484848
147,21	0,6484848
147,22	0,6484848
147,25	0,6484848
147,31	0,6484848
147,35	0,6484848
147,39	0,6484848
147,43	0,6484848
147,46	0,6484848
147,64	0,6484848
147,7	0,6484848
147,76	0,6484848
147,81	0,6484848
147,84	0,6484848
147,9	0,6484848
147,95	0,6484848
147,98	0,6484848
148,03	0,6484848
148,06	0,6484848
148,1	0,6484848
148,12	0,6484848
148,17	0,6484848
148,2	0,6484848
148,24	0,6484848
148,27	0,6484848
148,32	0,6484848
148,35	0,6484848
148,38	0,6484848
148,41	0,6484848
148,45	0,6484848
148,48	0,6484848
148,53	0,6484848
148,58	0,6484848
148,6	0,6484848
148,65	0,6484848
148,68	0,6484848
148,72	0,6484848
148,74	0,6484848
148,78	0,6484848
148,81	0,6484848
148,86	0,6484848
148,87	0,6484848
148,91	0,6484848
148,92	0,6484848
148,95	0,6484848
149	0,6484848
149,02	0,6484848
149,07	0,6484848
149,1	0,6484848
149,14	0,6484848
149,16	0,6484848
149,22	0,6484848
149,27	0,6484848
149,29	0,6484848
149,34	0,6484848
149,35	0,6484848
149,39	0,6484848
149,42	0,6484848
149,51	0,6484848
149,54	0,6484848
149,56	0,6484848
149,57	0,6484848
149,61	0,6484848
149,62	0,6484848
149,65	0,6484848
149,69	0,6484848
149,72	0,6484848
149,77	0,6484848
149,8	0,6484848
149,84	0,6484848
149,87	0,6484848
149,89	0,6484848
149,92	0,6484848
149,93	0,6484848
149,97	0,6484848
149,98	0,6484848
150,01	0,6484848
150,05	0,6484848
150,07	0,6484848
150,11	0,6484848
150,14	0,6484848
150,16	0,6484848
150,18	0,6484848
150,21	0,6484848
150,26	0,6484848
150,29	0,6484848
150,35	0,6484848
150,39	0,6484848
150,42	0,6484848
150,47	0,6484848
150,49	0,6484848
150,54	0,6484848
150,57	0,6484848
150,62	0,6484848
150,65	0,6484848
150,7	0,6484848
150,73	0,6484848
150,79	0,6484848
150,84	0,6484848
150,85	0,6484848
150,86	0,6484848
150,88	0,6484848
150,9	0,6484848
150,94	0,6484848
150,98	0,6484848
151	0,6484848
151,06	0,6484848
151,11	0,6484848
151,13	0,6484848
151,18	0,6484848
151,2	0,6484848
151,25	0,6484848
151,28	0,6484848
151,33	0,6484848
151,35	0,6484848
151,4	0,6484848
151,41	0,6484848
151,46	0,6484848
151,48	0,6484848
151,54	0,6484848
151,57	0,6484848
151,6	0,6484848
151,65	0,6484848
151,69	0,6484848
151,74	0,6484848
151,77	0,6484848
151,83	0,6484848
151,88	0,6484848
151,9	0,6484848
151,96	0,6484848
152,01	0,6484848
152,04	0,6484848
152,09	0,6484848
152,11	0,6484848
152,16	0,6484848
152,19	0,6484848
152,24	0,6484848
152,26	0,6484848
152,32	0,6484848
152,38	0,6484848
152,43	0,6484848
152,46	0,6484848
152,51	0,6484848
152,54	0,6484848
152,59	0,6484848
152,61	0,6484848
152,66	0,6484848
152,67	0,6484848
152,68	0,6484848
152,7	0,6484848
152,71	0,6484848
152,73	0,6484848
152,76	0,6484848
152,77	0,6484848
152,78	0,6484848
152,79	0,6484848
152,83	0,6484848
152,85	0,6484848
152,9	0,6484848
152,92	0,6484848
152,97	0,6484848
152,99	0,6484848
153,04	0,6484848
153,06	0,6484848
153,11	0,6484848
153,14	0,6484848
153,18	0,6484848
153,2	0,6484848
153,25	0,6484848
153,27	0,6484848
153,32	0,6484848
153,34	0,6484848
153,39	0,6484848
153,41	0,6484848
153,46	0,6484848
153,63	0,6484848
153,68	0,6484848
153,71	0,6484848
153,75	0,6484848
153,79	0,6484848
153,83	0,6484848
153,86	0,6484848
153,9	0,6484848
153,93	0,6484848
153,97	0,6484848
154	0,6484848
154,05	0,6484848
154,07	0,6484848
154,1	0,6484848
154,11	0,6484848
154,13	0,6484848
154,18	0,6484848
154,2	0,6484848
154,25	0,6484848
154,27	0,6484848
154,32	0,6484848
154,34	0,6484848
154,39	0,6484848
154,41	0,6484848
154,47	0,6484848
154,51	0,6484848
154,54	0,6484848
154,58	0,6484848
154,61	0,6484848
154,66	0,6484848
154,68	0,6484848
154,72	0,6484848
154,75	0,6484848
154,8	0,6484848
154,83	0,6484848
154,87	0,6484848
154,89	0,6484848
154,94	0,6484848
155,03	0,6484848
155,07	0,6484848
155,09	0,6484848
155,14	0,6484848
155,17	0,6484848
155,21	0,6484848
155,24	0,6484848
155,28	0,6484848
155,34	0,6484848
155,39	0,6484848
155,41	0,6484848
155,45	0,6484848
155,47	0,6484848
155,53	0,6484848
155,58	0,6484848
155,6	0,6484848
155,65	0,6484848
155,67	0,6484848
155,68	0,6484848
155,72	0,6484848
155,75	0,6484848
155,8	0,6484848
155,82	0,6484848
155,87	0,6484848
155,9	0,6484848
155,95	0,6484848
155,97	0,6484848
156,02	0,6484848
156,05	0,6484848
156,1	0,6484848
156,12	0,6484848
156,18	0,6484848
156,24	0,6484848
156,28	0,6484848
156,32	0,6484848
156,36	0,6484848
156,4	0,6484848
156,44	0,6484848
156,47	0,6484848
156,51	0,6484848
156,55	0,6484848
156,6	0,6484848
156,63	0,6484848
156,68	0,6484848
156,71	0,6484848
156,75	0,6484848
156,78	0,6484848
156,83	0,6484848
156,86	0,6484848
156,91	0,6484848
156,93	0,6484848
156,97	0,6484848
156,99	0,6484848
157,02	0,6484848
157,03	0,6484848
157,05	0,6484848
157,1	0,6484848
157,13	0,6484848
157,18	0,6484848
157,21	0,6484848
157,25	0,6484848
157,28	0,6484848
157,36	0,6484848
157,42	0,6484848
157,47	0,6484848
157,51	0,6484848
157,56	0,6484848
157,59	0,6484848
157,64	0,6484848
157,66	0,6484848
157,72	0,6484848
157,77	0,6484848
157,79	0,6484848
157,83	0,6484848
157,86	0,6484848
157,91	0,6484848
157,93	0,6484848
157,98	0,6484848
158	0,6484848
158,05	0,6484848
158,08	0,6484848
158,11	0,6484848
158,13	0,6484848
158,16	0,6484848
158,2	0,6484848
158,23	0,6484848
158,28	0,6484848
158,3	0,6484848
158,36	0,6484848
158,41	0,6484848
158,44	0,6484848
158,49	0,6484848
158,51	0,6484848
158,57	0,6484848
158,63	0,6484848
158,68	0,6484848
158,7	0,6484848
158,76	0,6484848
158,82	0,6484848
158,88	0,6484848
158,94	0,6484848
158,98	0,6484848
159,01	0,6484848
159,07	0,6484848
159,11	0,6484848
159,14	0,6484848
159,18	0,6484848
159,21	0,6484848
159,26	0,6484848
159,29	0,6484848
159,35	0,6484848
159,4	0,6484848
159,42	0,6484848
159,47	0,6484848
159,65	0,6484848
159,68	0,6484848
159,69	0,6484848
159,7	0,6484848
159,72	0,6484848
159,76	0,6484848
159,78	0,6484848
159,82	0,6484848
159,84	0,6484848
159,88	0,6484848
159,91	0,6484848
159,96	0,6484848
159,99	0,6484848
160,03	0,6484848
160,05	0,6484848
160,1	0,6484848
160,12	0,6484848
160,17	0,6484848
160,19	0,6484848
160,23	0,6484848
160,25	0,6484848
160,29	0,6484848
160,31	0,6484848
160,36	0,6484848
160,39	0,6484848
160,44	0,6484848
160,47	0,6484848
160,52	0,6484848
160,55	0,6484848
160,6	0,6484848
160,62	0,6484848
160,73	0,6484848
160,77	0,6484848
160,8	0,6484848
160,85	0,6484848
160,87	0,6484848
160,92	0,6484848
160,95	0,6484848
160,99	0,6484848
161,01	0,6484848
161,06	0,6484848
161,09	0,6484848
161,11	0,6484848
161,13	0,6484848
161,16	0,6484848
161,21	0,6484848
161,24	0,6484848
161,28	0,6484848
161,3	0,6484848
161,34	0,6484848
161,37	0,6484848
161,42	0,6484848
161,45	0,6484848
161,49	0,6484848
161,52	0,6484848
161,57	0,6484848
161,6	0,6484848
161,63	0,6484848
161,65	0,6484848
161,68	0,6484848
161,74	0,6484848
161,79	0,6484848
161,82	0,6484848
161,85	0,6484848
161,88	0,6484848
161,91	0,6484848
161,94	0,6484848
161,99	0,6484848
162,01	0,6484848
162,06	0,6484848
162,08	0,6484848
162,13	0,6484848
162,16	0,6484848
162,21	0,6484848
162,23	0,6484848
162,29	0,6484848
162,35	0,6484848
162,39	0,6484848
162,42	0,6484848
162,47	0,6484848
162,5	0,6484848
162,54	0,6484848
162,56	0,6484848
162,57	0,6484848
162,58	0,6484848
162,59	0,6484848
162,6	0,6484848
162,61	0,6484848
162,63	0,6484848
162,67	0,6484848
162,71	0,6484848
162,76	0,6484848
162,78	0,6484848
162,83	0,6484848
162,86	0,6484848
162,91	0,6484848
162,94	0,6484848
162,98	0,6484848
163	0,6484848
163,06	0,6484848
163,11	0,6484848
163,14	0,6484848
163,19	0,6484848
163,22	0,6484848
163,26	0,6484848
163,29	0,6484848
163,34	0,6484848
163,37	0,6484848
163,41	0,6484848
163,43	0,6484848
163,49	0,6484848
163,52	0,6484848
163,55	0,6484848
163,6	0,6484848
163,63	0,6484848
163,68	0,6484848
163,7	0,6484848
163,75	0,6484848
163,77	0,6484848
163,8	0,6484848
163,81	0,6484848
163,84	0,6484848
163,89	0,6484848
163,91	0,6484848
163,95	0,6484848
163,98	0,6484848
164,02	0,6484848
164,05	0,6484848
164,1	0,6484848
164,12	0,6484848
164,17	0,6484848
164,19	0,6484848
164,24	0,6484848
164,25	0,6484848
164,3	0,6484848
164,31	0,6484848
164,36	0,6484848
164,38	0,6484848
164,4	0,6484848
164,43	0,6484848
164,47	0,6484848
164,49	0,6484848
164,55	0,6484848
164,6	0,6484848
164,61	0,6484848
164,66	0,6484848
164,68	0,6484848
164,72	0,6484848
164,74	0,6484848
164,79	0,6484848
164,82	0,6484848
164,87	0,6484848
164,9	0,6484848
164,95	0,6484848
164,98	0,6484848
165,03	0,6484848
165,05	0,6484848
165,1	0,6484848
165,12	0,6484848
165,17	0,6484848
165,2	0,6484848
165,26	0,6484848
165,31	0,6484848
165,34	0,6484848
165,38	0,6484848
165,41	0,6484848
165,46	0,6484848
165,49	0,6484848
165,54	0,6484848
165,58	0,6484848
165,62	0,6484848
165,63	0,6484848
165,66	0,6484848
165,7	0,6484848
165,73	0,6484848
165,78	0,6484848
165,8	0,6484848
165,85	0,6484848
165,87	0,6484848
165,92	0,6484848
165,93	0,6484848
165,97	0,6484848
165,98	0,6484848
166	0,6484848
166,03	0,6484848
166,05	0,6484848
166,07	0,6484848
166,16	0,6484848
166,21	0,6515151
166,24	0,660606
166,29	0,6757575
166,32	0,6787878
166,39	0,7
166,45	0,7151515
166,5	0,7363636
166,52	0,7424242
166,58	0,7606061
166,63	0,7878788
166,65	0,8030303
166,7	0,8212122
166,73	0,8363637
166,79	0,8606061
166,84	0,8606061
166,87	0,8606061
166,91	0,8606061
166,94	0,8606061
166,97	0,8606061
167	0,8606061
167,05	0,8606061
167,06	0,8606061
167,11	0,8606061
167,13	0,8606061
167,18	0,8606061
167,2	0,8606061
167,25	0,8606061
167,28	0,8606061
167,32	0,8606061
167,35	0,8606061
167,4	0,8606061
167,42	0,8606061
167,46	0,8606061
167,66	0,8606061
167,71	0,8606061
167,74	0,8606061
167,79	0,8606061
167,81	0,8606061
167,86	0,8606061
167,88	0,8606061
167,94	0,8606061
167,98	0,8606061
168,01	0,8606061
168,05	0,8606061
168,08	0,8606061
168,11	0,8606061
168,14	0,8606061
168,19	0,8606061
168,21	0,8606061
168,26	0,8606061
168,29	0,8606061
168,32	0,8606061
168,34	0,8606061
168,36	0,8606061
168,41	0,8606061
168,44	0,8606061
168,49	0,8606061
168,53	0,8606061
168,57	0,8606061
168,62	0,8606061
168,64	0,8606061
168,69	0,8606061
168,7	0,8606061
168,74	0,8606061
168,76	0,8606061
168,79	0,8606061
168,81	0,8606061
168,83	0,8606061
168,87	0,8606061
168,9	0,8606061
168,94	0,8606061
168,97	0,8606061
169,02	0,8606061
169,05	0,8606061
169,1	0,8606061
169,12	0,8606061
169,17	0,8606061
169,19	0,8606061
169,25	0,8606061
169,29	0,8606061
169,31	0,8606061
169,36	0,8606061
169,39	0,8606061
169,44	0,8606061
169,47	0,8606061
169,51	0,8606061
169,54	0,8606061
169,59	0,8606061
169,62	0,8606061
169,67	0,8606061
169,7	0,8606061
169,75	0,8606061
169,77	0,8606061
169,81	0,8606061
169,83	0,8606061
169,85	0,8606061
169,88	0,8606061
169,9	0,8606061
169,92	0,8606061
169,95	0,8606061
169,98	0,8606061
170,03	0,8606061
170,06	0,8606061
170,1	0,8606061
170,13	0,8606061
170,18	0,8606061
170,21	0,8606061
170,25	0,8606061
170,28	0,8606061
170,33	0,8606061
170,36	0,8606061
170,41	0,8606061
170,43	0,8606061
170,44	0,8606061
170,45	0,8606061
170,48	0,8606061
170,5	0,8606061
170,55	0,8606061
170,58	0,8606061
170,63	0,8606061
170,66	0,8606061
170,69	0,8606061
170,7	0,8606061
170,71	0,8606061
170,72	0,8606061
170,74	0,8606061
170,76	0,8606061
170,77	0,8606061
170,78	0,8606061
170,79	0,8606061
170,84	0,8606061
170,87	0,8606061
170,91	0,8606061
170,92	0,8606061
170,93	0,8606061
170,97	0,8606061
171	0,8606061
171,05	0,8606061
171,07	0,8606061
171,08	0,8606061
171,09	0,8606061
171,1	0,8606061
171,11	0,8606061
171,12	0,8606061
171,14	0,8606061
171,19	0,8606061
171,2	0,8606061
171,21	0,8606061
171,24	0,8606061
171,25	0,8606061
171,26	0,8606061
171,27	0,8606061
171,29	0,8606061
171,32	0,8606061
171,34	0,8606061
171,39	0,8606061
171,4	0,8606061
171,42	0,8606061
171,43	0,8606061
171,44	0,8606061
171,46	0,8606061
171,5	0,8606061
171,51	0,8606061
171,52	0,8606061
171,53	0,8606061
171,56	0,8606061
171,58	0,8606061
171,59	0,8606061
171,6	0,8606061
171,61	0,8606061
171,62	0,8606061
171,63	0,8606061
171,65	0,8606061
171,7	0,8606061
171,73	0,8606061
171,76	0,8606061
171,79	0,8606061
171,84	0,8606061
171,87	0,8606061
171,9	0,8606061
171,91	0,8606061
171,92	0,8606061
171,93	0,8606061
171,98	0,8606061
172	0,8606061
172,04	0,8606061
172,05	0,8606061
172,06	0,8606061
172,08	0,8606061
172,09	0,8606061
172,1	0,8606061
172,11	0,8606061
172,12	0,8606061
172,14	0,8606061
172,15	0,8606061
172,16	0,8606061
172,17	0,8606061
172,19	0,8606061
172,25	0,8606061
172,29	0,8606061
172,31	0,8606061
172,36	0,8606061
172,39	0,8606061
172,42	0,8606061
172,43	0,8606061
172,44	0,8606061
172,45	0,8606061
172,48	0,8606061
172,5	0,8606061
172,54	0,8606061
172,59	0,8606061
172,6	0,8606061
172,65	0,8606061
172,67	0,8606061
172,72	0,8606061
172,74	0,8606061
172,76	0,8606061
172,77	0,8606061
172,78	0,8606061
172,79	0,8606061
172,81	0,8606061
172,84	0,8606061
172,85	0,8606061
172,88	0,8606061
172,93	0,8606061
172,94	0,8606061
172,98	0,8606061
