13/06/2014 10:25:59
id7
C:\Users\Annotations\Desktop\Annotation\Test_Data\G2\Islands.mp4
C:\Users\Annotations\Desktop\Annotation\Trace2011\Ratings\arousal.jpg
Arousal
-1,1
0,255,255	255,255,0	125,125,125
0
0,01	0
0,05	0
0,07	0
0,11	0
0,13	0
0,17	0
0,2	0
0,24	0
0,27	0
0,32	0
0,34	0
0,39	0
0,42	0
0,48	0
0,52	0
0,53	0
0,54	0
0,59	0
0,61	0
0,67	0
0,71	0
0,74	0
0,78	0
0,81	0
0,85	0
0,87	0
0,92	0
0,95	0
0,99	0
1,01	0
1,06	0
1,09	0
1,13	0
1,16	0
1,2	0
1,22	0
1,27	0
1,3	0
1,34	0
1,36	0
1,41	0
1,43	0
1,48	0
1,5	0
1,55	0
1,59	0
1,64	0
1,69	0
1,71	0
1,75	0
1,77	0
1,82	0
1,85	0
1,9	0
1,92	0
1,97	0
1,99	0
2,03	0
2,06	0
2,1	0
2,12	0
2,16	0
2,19	0
2,24	0
2,25	0
2,31	0
2,36	0
2,38	0
2,43	0
2,46	0
2,5	0
2,52	0
2,57	0
2,6	0
2,66	0
2,7	0
2,72	0
2,77	0
2,8	0
2,84	0
2,87	0
2,92	0
2,94	0
2,99	0
3,01	0
3,06	0
3,09	0
3,14	0
3,16	0
3,21	0
3,24	0
3,28	0
3,3	0
3,35	0
3,36	0
3,43	0
3,48	0
3,52	0
3,57	0
3,6	0
3,65	0
3,68	0
3,73	0
3,76	0
3,81	0
3,83	0
3,94	0
3,99	0
4,01	0
4,07	0
4,12	0
4,15	0
4,2	0
4,22	0
4,27	0
4,3	0
4,35	0
4,38	0
4,43	0
4,45	0
4,49	0
4,52	0
4,59	0
4,64	0
4,66	0
4,72	0
4,78	0
4,84	0
4,88	0
4,9	0
5,01	0
5,06	0
5,09	0
5,13	0
5,15	0
5,2	0
5,23	0
5,28	0
5,31	0
5,36	0
5,38	0
5,45	0
5,48	0
5,5	0
5,53	0
5,57	0
5,6	0
5,65	0
5,67	0
5,72	0
5,75	0
5,8	0
5,82	0
5,87	0
5,89	0
5,93	0
5,96	0
6,01	0
6,03	0
6,07	0
6,08	0
6,11	0
6,14	0
6,17	0
6,23	0
6,27	0
6,29	0
6,34	0
6,37	0
6,42	0
6,45	0
6,48	0
6,5	0
6,53	0
6,57	0
6,59	0
6,64	0
6,68	0
6,73	0
6,75	0
6,8	0
6,82	0
6,87	0
6,89	0
6,94	0
6,97	0
7,01	0
7,04	0
7,08	0
7,11	0
7,15	0
7,18	0
7,22	0
7,25	0
7,29	0
7,32	0
7,38	0
7,44	0
7,48	0
7,51	0
7,56	0
7,6	0
7,65	0
7,67	0
7,68	0
7,7	0
7,72	0
7,75	0
7,84	0
7,88	0
7,9	0
7,95	0
7,97	0
8,02	0
8,05	0
8,11	0
8,17	0
8,18	0
8,21	0
8,22	0
8,24	0
8,29	0
8,31	0
8,32	0
8,33	0
8,35	0
8,37	0
8,43	0
8,47	0
8,5	0
8,56	0
8,6	0
8,64	0
8,69	0
8,71	0
8,76	0
8,8	0
8,83	0
8,86	0
8,9	0
8,94	0
8,99	0
9,01	0
9,06	0
9,09	0
9,13	0
9,17	0
9,23	0
9,28	0
9,3	0
9,33	0
9,35	0
9,39	0,0030303
9,43	0,0030303
9,45	0,0030303
9,49	0,0030303
9,52	0,0030303
9,58	0,0030303
9,63	0,0030303
9,66	0,0030303
9,71	0,0030303
9,75	0,0030303
9,8	0,0030303
9,83	0,0030303
9,88	0,0030303
9,92	0,0030303
9,96	0,0030303
10,01	0,0030303
10,07	0,0030303
10,12	0,0030303
10,14	0,0030303
10,19	0,0030303
10,21	0,0030303
10,27	0,0030303
10,3	0,0030303
10,34	0,0030303
10,38	0,0030303
10,4	0,0030303
10,42	0,0030303
10,43	0,0030303
10,45	0,0030303
10,46	0,0030303
10,48	0,0030303
10,51	0,0030303
10,53	0,0030303
10,59	0,0030303
10,63	0,0030303
10,64	0,0030303
10,65	0,0030303
10,71	0,0030303
10,78	0,0030303
10,8	0,0030303
10,81	0,0030303
10,82	0,0030303
10,83	0,0030303
10,84	0,0030303
10,86	0,0030303
10,88	0,0030303
10,92	0,0030303
10,97	0,0030303
11	0,0030303
11,05	0,0030303
11,08	0,0030303
11,13	0,0030303
11,16	0,0030303
11,2	0,0030303
11,23	0,0030303
11,27	0,0030303
11,29	0,0030303
11,34	0,0030303
11,36	0,0030303
11,41	0,0030303
11,42	0,0030303
11,43	0,0030303
11,44	0,0030303
11,45	0,0030303
11,46	0,0030303
11,47	0,0030303
11,5	0,0030303
11,52	0,0030303
11,55	0,0030303
11,6	0,0030303
11,62	0,0030303
11,67	0,0030303
11,68	0,0030303
11,71	0,0030303
11,72	0,0030303
11,74	0,0030303
11,75	0,0030303
11,77	0,0030303
11,79	0,0030303
11,81	0,0030303
11,84	0,0030303
11,85	0,0030303
11,88	0,0030303
11,91	0,0030303
11,94	0,0030303
11,97	0,0030303
11,98	0,0030303
12,01	0,0030303
12,06	0,0030303
12,08	0,0030303
12,1	0,0030303
12,12	0,0030303
12,13	0,0030303
12,14	0,0030303
12,15	0,0030303
12,17	0,0030303
12,19	0,0030303
12,21	0,0030303
12,26	0,0030303
12,27	0,0030303
12,3	0,0030303
12,31	0,0030303
12,32	0,0030303
12,34	0,0030303
12,38	0,0030303
12,39	0,0030303
12,42	0,0030303
12,47	0,0030303
12,48	0,0030303
12,49	0,0030303
12,5	0,0030303
12,51	0,0030303
12,52	0,0030303
12,53	0,0030303
12,54	0,0030303
12,56	0,0030303
12,58	0,0030303
12,61	0,0030303
12,65	0,0030303
12,69	0,0030303
12,74	0,0030303
12,76	0,0030303
12,8	0,0030303
12,81	0,0030303
12,84	0,0030303
12,85	0,0030303
12,86	0,0030303
12,9	0,0030303
12,91	0,0030303
12,93	0,0030303
12,96	0,0030303
13,02	0,0030303
13,08	0,0030303
13,11	0,0030303
13,12	0,0030303
13,14	0,0030303
13,15	0,0030303
13,16	0,0030303
13,17	0,0030303
13,2	0,0030303
13,25	0,0030303
13,27	0,0030303
13,28	0,0030303
13,29	0,0030303
13,3	0,0030303
13,31	0,0030303
13,32	0,0030303
13,33	0,0030303
13,34	0,0030303
13,35	0,0030303
13,36	0,0030303
13,37	0,0030303
13,39	0,0030303
13,42	0,0030303
13,44	0,0030303
13,46	0,0030303
13,48	0,0030303
13,49	0,0030303
13,5	0,0030303
13,51	0,0030303
13,52	0,0030303
13,53	0,0030303
13,54	0,0030303
13,55	0,0030303
13,57	0,0030303
13,59	0,0030303
13,61	0,0030303
13,62	0,0030303
13,63	0,0030303
13,65	0,0030303
13,7	0,0030303
13,72	0,0030303
13,78	0,0030303
13,82	0,0030303
13,84	0,0030303
13,89	0,0030303
13,91	0,0030303
13,93	0,0030303
13,96	0,0030303
14	0,0030303
14,05	0,0030303
14,09	0,0030303
14,14	0,0030303
14,16	0,0030303
14,21	0,0030303
14,23	0,0030303
14,28	0,0030303
14,31	0,0030303
14,35	0,0030303
14,37	0,0030303
14,43	0,0030303
14,45	0,0030303
14,47	0,0030303
14,49	0,0030303
14,54	0,0030303
14,55	0,0030303
14,57	0,0030303
14,61	0,0030303
14,62	0,0030303
14,63	0,0030303
14,65	0,0030303
14,67	0,0030303
14,69	0,0030303
14,72	0,0030303
14,73	0,0030303
14,74	0,0030303
14,75	0,0030303
14,76	0,0030303
14,77	0,0030303
14,78	0,0030303
14,81	0,0030303
14,83	0,0030303
14,88	0,0030303
14,91	0,0030303
14,95	0,0030303
14,97	0,0030303
14,98	0,0030303
14,99	0,0030303
15,01	0,0030303
15,03	0,0030303
15,05	0,0030303
15,08	0,0030303
15,11	0,0030303
15,16	0,0030303
15,17	0,0030303
15,18	0,0030303
15,19	0,0030303
15,2	0,0030303
15,21	0,0030303
15,24	0,0030303
15,3	0,0030303
15,31	0,0030303
15,32	0,0030303
15,33	0,0030303
15,34	0,0030303
15,35	0,0030303
15,37	0,0030303
15,4	0,0030303
15,41	0,0030303
15,42	0,0030303
15,43	0,0030303
15,49	0,0030303
15,51	0,0030303
15,52	0,0030303
15,54	0,0030303
15,55	0,0030303
15,61	0,0030303
15,64	0,0030303
15,65	0,0030303
15,67	0,0030303
15,69	0,0030303
15,7	0,0030303
15,71	0,0030303
15,72	0,0030303
15,74	0,0030303
15,75	0,0030303
15,76	0,0030303
15,77	0,0030303
15,78	0,0030303
15,79	0,0030303
15,8	0,0030303
15,82	0,0030303
15,84	0,0030303
15,86	0,0030303
15,89	0,0030303
15,9	0,0030303
15,91	0,0030303
15,92	0,0030303
15,93	0,0030303
15,95	0,0030303
15,97	0,0030303
16	0,0030303
16,02	0,0030303
16,03	0,0030303
16,05	0,0030303
16,07	0,0030303
16,1	0,0030303
16,11	0,0030303
16,12	0,0030303
16,13	0,0030303
16,15	0,0030303
16,16	0,0030303
16,18	0,0030303
16,19	0,0030303
16,2	0,0030303
16,22	0,0030303
16,25	0,0030303
16,26	0,0030303
16,28	0,0030303
16,29	0,0030303
16,31	0,0030303
16,32	0,0030303
16,33	0,0030303
16,34	0,0030303
16,35	0,0030303
16,36	0,0030303
16,38	0,0030303
16,4	0,0030303
16,41	0,0030303
16,42	0,0030303
16,43	0,0030303
16,46	0,0030303
16,47	0,0030303
16,48	0,0030303
16,49	0,0030303
16,5	0,0030303
16,51	0,0030303
16,52	0,0030303
16,53	0,0030303
16,54	0,0030303
16,55	0,0030303
16,56	0,0030303
16,57	0,0030303
16,61	0,0030303
16,65	0,0030303
16,71	0,0030303
16,73	0,0030303
16,76	0,0030303
16,8	0,0030303
16,85	0,0030303
16,88	0,0030303
16,92	0,0030303
16,95	0,0030303
16,99	0,0030303
17,01	0,0030303
17,06	0,0030303
17,07	0,0030303
17,1	0,0030303
17,11	0,0030303
17,13	0,0030303
17,14	0,0030303
17,16	0,0030303
17,18	0,0030303
17,19	0,0030303
17,23	0,0030303
17,25	0,0030303
17,31	0,0030303
17,33	0,0030303
17,36	0,0030303
17,38	0,0030303
17,41	0,0030303
17,42	0,0030303
17,43	0,0030303
17,44	0,0030303
17,47	0,0030303
17,49	0,0030303
17,51	0,0030303
17,54	0,0030303
17,56	0,0030303
17,57	0,0030303
17,58	0,0030303
17,59	0,0030303
17,6	0,0030303
17,61	0,0030303
17,62	0,0030303
17,63	0,0030303
17,64	0,0030303
17,65	0,0030303
17,66	0,0030303
17,67	0,0030303
17,68	0,0030303
17,69	0,0030303
17,73	0,0030303
17,76	0,0030303
17,78	0,0030303
17,82	0,0030303
17,85	0,0030303
17,89	0,0030303
17,91	0,0030303
17,96	0,0030303
17,98	0,0030303
18,03	0,0030303
18,04	0,0030303
18,06	0,0030303
18,07	0,0030303
18,09	0,0030303
18,12	0,0030303
18,16	0,0030303
18,17	0,0030303
18,22	0,0030303
18,24	0,0030303
18,25	0,0030303
18,26	0,0030303
18,27	0,0030303
18,29	0,0030303
18,33	0,0030303
18,35	0,0030303
18,37	0,0030303
18,39	0,0030303
18,4	0,0030303
18,41	0,0030303
18,42	0,0030303
18,43	0,0030303
18,44	0,0030303
18,47	0,0030303
18,48	0,0030303
18,49	0,0030303
18,5	0,0030303
18,51	0,0030303
18,52	0,0030303
18,55	0,0030303
18,56	0,0030303
18,57	0,0030303
18,58	0,0030303
18,59	0,0030303
18,6	0,0030303
18,61	0,0030303
18,63	0,0030303
18,64	0,0030303
18,65	0,0030303
18,66	0,0030303
18,67	0,0030303
18,68	0,0030303
18,7	0,0030303
18,71	0,0030303
18,72	0,0030303
18,73	0,0030303
18,75	0,0030303
18,76	0,0030303
18,77	0,0030303
18,78	0,0030303
18,79	0,0030303
18,8	0,0030303
18,81	0,0030303
18,82	0,0030303
18,83	0,0030303
18,84	0,0030303
18,85	0,0030303
18,86	0,0030303
18,88	0,0030303
18,9	0,0030303
18,93	0,0030303
18,98	0,0030303
18,99	0,0030303
19,03	0,0030303
19,05	0,0030303
19,1	0,0030303
19,13	0,0030303
19,18	0,0030303
19,2	0,0030303
19,25	0,0030303
19,27	0,0030303
19,28	0,0030303
19,29	0,0030303
19,31	0,0030303
19,33	0,0030303
19,38	0,0030303
19,39	0,0030303
19,42	0,0030303
19,44	0,0030303
19,47	0,0030303
19,52	0,0030303
19,55	0,0030303
19,58	0,0030303
19,59	0,0030303
19,6	0,0030303
19,61	0,0030303
19,63	0,0030303
19,66	0,0030303
19,68	0,0030303
19,7	0,0030303
19,71	0,0030303
19,72	0,0030303
19,74	0,0030303
19,76	0,0030303
19,78	0,0030303
19,8	0,0030303
19,84	0
19,86	0
19,88	-0,0030303
19,89	-0,0030303
19,91	-0,0060606
19,92	-0,0090909
19,93	-0,0090909
19,94	-0,0090909
19,95	-0,0090909
19,96	-0,0121212
19,97	-0,0121212
19,98	-0,0121212
19,99	-0,0151515
20	-0,0181818
20,01	-0,0181818
20,02	-0,0181818
20,03	-0,0181818
20,04	-0,0212121
20,05	-0,0212121
20,06	-0,0212121
20,09	-0,0242424
20,11	-0,0272727
20,13	-0,030303
20,15	-0,03333336
20,19	-0,03636366
20,21	-0,04848486
20,26	-0,06969696
20,27	-0,06969696
20,3	-0,08181816
20,34	-0,09696972
20,39	-0,1212121
20,41	-0,1272727
20,44	-0,1424242
20,45	-0,1484848
20,46	-0,1484848
20,49	-0,1606061
20,53	-0,1818182
20,54	-0,1818182
20,55	-0,1818182
20,58	-0,1939394
20,6	-0,2090909
20,62	-0,2090909
20,63	-0,2212121
20,66	-0,2272727
20,68	-0,2424242
20,73	-0,2545455
20,75	-0,2666667
20,79	-0,2818182
20,8	-0,2878788
20,81	-0,2878788
20,83	-0,2969697
20,86	-0,3
20,87	-0,3
20,91	-0,3
20,92	-0,3
20,93	-0,3
20,95	-0,3
20,96	-0,3
20,97	-0,3
20,98	-0,3
20,99	-0,3
21,02	-0,3
21,05	-0,3
21,1	-0,3
21,13	-0,3
21,18	-0,3
21,19	-0,3
21,23	-0,3
21,25	-0,3
21,26	-0,3
21,27	-0,3
21,28	-0,3
21,29	-0,3
21,3	-0,3
21,31	-0,3
21,32	-0,3
21,37	-0,3
21,4	-0,3
21,43	-0,3
21,44	-0,3
21,45	-0,3
21,46	-0,3
21,48	-0,3
21,49	-0,3
21,5	-0,3
21,52	-0,3
21,54	-0,3
21,55	-0,3
21,58	-0,3
21,59	-0,3
21,6	-0,3
21,61	-0,3
21,62	-0,3
21,63	-0,3
21,64	-0,3
21,65	-0,3
21,68	-0,3
21,71	-0,3
21,77	-0,3
21,79	-0,3
21,82	-0,3
21,83	-0,3
21,84	-0,3
21,85	-0,3
21,86	-0,3
21,87	-0,3
21,88	-0,3
21,89	-0,3
21,9	-0,3
21,91	-0,3
21,92	-0,3
21,94	-0,3
21,98	-0,3
22,04	-0,3
22,09	-0,3
22,11	-0,3
22,16	-0,3
22,18	-0,3
22,19	-0,3
22,2	-0,3
22,21	-0,3
22,22	-0,3
22,23	-0,3
22,24	-0,3
22,25	-0,3
22,26	-0,3
22,28	-0,3
22,3	-0,3
22,33	-0,3
22,35	-0,3
22,36	-0,3
22,37	-0,3
22,38	-0,3
22,4	-0,3
22,41	-0,3
22,42	-0,3
22,44	-0,3
22,46	-0,3
22,47	-0,3
22,49	-0,3
22,51	-0,3
22,53	-0,3
22,54	-0,3
22,57	-0,3
22,6	-0,3
22,61	-0,3
22,63	-0,3
22,66	-0,3
22,67	-0,3
22,68	-0,3
22,7	-0,3
22,71	-0,3
22,74	-0,3
22,75	-0,3
22,78	-0,3
22,81	-0,3
22,84	-0,3
22,85	-0,3
22,86	-0,3
22,88	-0,3
22,89	-0,3
22,91	-0,3
22,93	-0,3
22,94	-0,3
22,95	-0,3
22,96	-0,3
22,97	-0,3
22,98	-0,3
22,99	-0,3
23	-0,3
23,01	-0,3
23,02	-0,3
23,03	-0,3
23,04	-0,3
23,05	-0,3
23,06	-0,3
23,07	-0,3
23,1	-0,3
23,12	-0,3
23,17	-0,3
23,18	-0,3
23,21	-0,3
23,23	-0,3
23,25	-0,3
23,3	-0,3
23,32	-0,3
23,35	-0,3
23,36	-0,3
23,38	-0,3
23,42	-0,3
23,45	-0,3
23,49	-0,3
23,5	-0,3
23,52	-0,3
23,56	-0,3
23,59	-0,3
23,6	-0,3
23,61	-0,3
23,62	-0,3
23,63	-0,3
23,64	-0,3
23,65	-0,3
23,67	-0,3
23,69	-0,3
23,71	-0,3
23,75	-0,3
23,76	-0,3
23,77	-0,3
23,83	-0,3
23,85	-0,3
23,88	-0,3
23,9	-0,3
23,91	-0,3
23,93	-0,3
23,95	-0,3
23,98	-0,3
24	-0,3
24,02	-0,3
24,05	-0,3
24,08	-0,3
24,11	-0,3
24,14	-0,3
24,15	-0,3
24,17	-0,3
24,22	-0,3
24,25	-0,3
24,29	-0,3
24,31	-0,3
24,34	-0,3
24,37	-0,3
24,4	-0,3
24,42	-0,3
24,43	-0,3
24,44	-0,3
24,45	-0,3
24,46	-0,3
24,47	-0,3
24,48	-0,3
24,49	-0,3
24,51	-0,3
24,52	-0,3
24,54	-0,3
24,55	-0,3
24,56	-0,3
24,57	-0,3
24,58	-0,3
24,59	-0,3
24,61	-0,3
24,62	-0,3
24,63	-0,3
24,64	-0,3
24,65	-0,3
24,66	-0,3
24,67	-0,3
24,68	-0,3
24,69	-0,3
24,7	-0,3
24,71	-0,3
24,73	-0,3
24,75	-0,3
24,78	-0,3
24,8	-0,3
24,85	-0,3
24,88	-0,3
24,92	-0,3
24,94	-0,3
24,99	-0,3
25,01	-0,3
25,05	-0,3
25,06	-0,3
25,09	-0,3
25,11	-0,3
25,13	-0,3
25,15	-0,3
25,19	-0,3
25,21	-0,3
25,25	-0,3
25,27	-0,3
25,3	-0,3
25,31	-0,3
25,32	-0,3
25,33	-0,3
25,37	-0,3
25,39	-0,3
25,43	-0,3
25,46	-0,3
25,51	-0,3
25,54	-0,3
25,58	-0,3
25,6	-0,3
25,62	-0,3
25,65	-0,3
25,68	-0,3
25,72	-0,3
25,75	-0,3
25,76	-0,3
25,78	-0,3
25,8	-0,3
25,81	-0,3
25,82	-0,3
25,83	-0,3
25,86	-0,3
25,88	-0,3
25,94	-0,3
25,95	-0,3
25,97	-0,3
25,98	-0,3
26,01	-0,3
26,05	-0,3
26,08	-0,3
26,12	-0,3
26,14	-0,3
26,17	-0,3
26,18	-0,3
26,19	-0,3
26,2	-0,3
26,22	-0,3
26,24	-0,3
26,26	-0,3
26,31	-0,3
26,32	-0,3
26,33	-0,3
26,34	-0,3
26,36	-0,3
26,37	-0,3
26,39	-0,3
26,44	-0,3
26,46	-0,3
26,51	-0,3
26,55	-0,3
26,59	-0,3
26,61	-0,3
26,66	-0,3
26,69	-0,3
26,72	-0,3
26,73	-0,3
26,76	-0,3
26,81	-0,3
26,88	-0,3
26,92	-0,3
26,94	-0,3
26,97	-0,3
26,99	-0,3
27,01	-0,3
27,05	-0,3
27,07	-0,3
27,12	-0,3
27,14	-0,3
27,18	-0,3
27,21	-0,3
27,25	-0,3
27,27	-0,3
27,31	-0,3
27,33	-0,3
27,37	-0,3
27,4	-0,3
27,43	-0,3
27,47	-0,3
27,51	-0,3
27,54	-0,3
27,58	-0,3
27,6	-0,3
27,64	-0,3
27,65	-0,3
27,67	-0,3
27,68	-0,3
27,7	-0,3
27,72	-0,3
27,74	-0,3
27,8	-0,3
27,83	-0,3
27,85	-0,3
27,88	-0,3
27,93	-0,3
27,95	-0,3
28	-0,3
28,03	-0,3
28,08	-0,3
28,12	-0,3
28,13	-0,3
28,15	-0,3
28,2	-0,3
28,24	-0,3
28,3	-0,3
28,33	-0,3
28,37	-0,3
28,39	-0,3
28,42	-0,3
28,44	-0,3
28,54	-0,3
28,58	-0,3
28,61	-0,3
28,66	-0,3
28,68	-0,3
28,73	-0,3
28,74	-0,3
28,78	-0,3
28,82	-0,3
28,85	-0,3
28,88	-0,3
28,93	-0,3
28,96	-0,3
29	-0,3
29,02	-0,3
29,06	-0,3
29,08	-0,3
29,09	-0,3
29,11	-0,3
29,13	-0,3
29,14	-0,3
29,16	-0,3
29,2	-0,3
29,23	-0,3
29,25	-0,3
29,27	-0,3
29,29	-0,3
29,32	-0,3
29,34	-0,3
29,36	-0,3
29,43	-0,3
29,47	-0,3
29,49	-0,3
29,54	-0,3
29,57	-0,3
29,61	-0,3
29,63	-0,3
29,68	-0,3
29,7	-0,3
29,76	-0,3
29,8	-0,3
29,82	-0,3
29,85	-0,3
29,88	-0,3
29,94	-0,3
29,98	-0,3
30	-0,3
30,02	-0,3
30,05	-0,3
30,07	-0,3
30,12	-0,3
30,15	-0,3
30,2	-0,3
30,26	-0,3
30,3	-0,3
30,34	-0,3
30,37	-0,3
30,4	-0,3
30,43	-0,3
30,49	-0,3
30,54	-0,3
30,56	-0,3
30,6	-0,3
30,63	-0,3
30,67	-0,3
30,69	-0,3
30,73	-0,3
30,75	-0,3
30,81	-0,3
30,83	-0,3
30,9	-0,3
30,95	-0,3
31	-0,3
31,03	-0,3
31,07	-0,3
31,1	-0,3
31,14	-0,3
31,17	-0,3
31,21	-0,3
31,23	-0,3
31,28	-0,3
31,3	-0,3
31,35	-0,3
31,39	-0,3
31,42	-0,3
31,45	-0,3
31,49	-0,3
31,51	-0,3
31,56	-0,3
31,59	-0,3
31,63	-0,3
31,65	-0,3
31,72	-0,3
31,77	-0,3
31,79	-0,3
31,82	-0,3
31,85	-0,3
31,89	-0,3
31,9	-0,3
31,93	-0,3
31,97	-0,3
31,99	-0,3
32,04	-0,3
32,07	-0,3
32,1	-0,3
32,13	-0,3
32,16	-0,3
32,17	-0,3
32,18	-0,3
32,25	-0,3
32,31	-0,3
32,35	-0,3
32,37	-0,3
32,41	-0,3
32,46	-0,3
32,49	-0,3
32,55	-0,3
32,61	-0,3
32,67	-0,3
32,71	-0,3
32,75	-0,3
32,78	-0,3
32,8	-0,3
32,82	-0,3
32,87	-0,3
32,89	-0,3
32,94	-0,3
32,97	-0,3
33,02	-0,3
33,04	-0,3
33,07	-0,3
33,1	-0,3
33,16	-0,3
33,19	-0,3
33,23	-0,3
33,26	-0,3
33,27	-0,3
33,29	-0,3
33,33	-0,3
33,38	-0,3
33,41	-0,3
33,42	-0,3
33,45	-0,3
33,47	-0,3
33,5	-0,3
33,53	-0,3
33,56	-0,3
33,58	-0,3
33,6	-0,3
33,64	-0,3
33,69	-0,3
33,72	-0,3
33,74	-0,3
33,77	-0,3
33,8	-0,3
33,84	-0,3
33,86	-0,3
33,94	-0,3
33,97	-0,3
33,98	-0,3
34,01	-0,3
34,03	-0,3
34,04	-0,3
34,05	-0,3
34,07	-0,3
34,1	-0,3
34,12	-0,3
34,14	-0,3
34,17	-0,3
34,18	-0,3
34,19	-0,3
34,2	-0,3
34,21	-0,3
34,22	-0,3
34,23	-0,3
34,24	-0,3
34,25	-0,3
34,26	-0,3
34,27	-0,3
34,28	-0,3
34,29	-0,3
34,32	-0,3
34,33	-0,3
34,35	-0,3
34,36	-0,3
34,37	-0,3
34,38	-0,3
34,4	-0,3
34,44	-0,3
34,46	-0,3
34,51	-0,3
34,54	-0,3
34,58	-0,3
34,61	-0,3
34,67	-0,3
34,72	-0,3
34,74	-0,3
34,79	-0,3
34,81	-0,3
34,86	-0,3
34,89	-0,3
34,94	-0,3
34,96	-0,3
35,01	-0,3
35,04	-0,3
35,08	-0,3
35,11	-0,3
35,16	-0,3
35,2	-0,3
35,24	-0,3
35,27	-0,3
35,32	-0,3
35,35	-0,3
35,4	-0,3
35,43	-0,3
35,49	-0,3
35,53	-0,3
35,57	-0,3
35,63	-0,3
35,68	-0,3
35,71	-0,3
35,75	-0,3
35,78	-0,3
35,82	-0,3
35,85	-0,3
35,89	-0,3
35,91	-0,3
35,95	-0,3
35,96	-0,3
35,98	-0,3
36,01	-0,3
36,03	-0,3
36,04	-0,3
36,08	-0,3
36,11	-0,3
36,16	-0,3
36,18	-0,3
36,23	-0,3
36,24	-0,3
36,29	-0,3
36,32	-0,3
36,37	-0,3
36,41	-0,3
36,48	-0,3
36,54	-0,3
36,59	-0,3
36,62	-0,3
36,67	-0,3
36,7	-0,3
36,75	-0,3
36,77	-0,3
36,81	-0,3
36,84	-0,3
36,88	-0,3
36,9	-0,3
36,95	-0,3
36,97	-0,3
37,01	-0,3
37,05	-0,3
37,1	-0,3
37,12	-0,3
37,17	-0,3
37,2	-0,3
37,26	-0,3
37,31	-0,3
37,35	-0,3
37,4	-0,3
37,44	-0,3
37,48	-0,3
37,52	-0,3
37,6	-0,3
37,65	-0,3
37,69	-0,3
37,72	-0,3
37,75	-0,3
37,78	-0,3
37,82	-0,3
37,84	-0,3
37,89	-0,3
37,92	-0,3
37,97	-0,3
37,99	-0,3
38,03	-0,3
38,04	-0,3
38,08	-0,3
38,14	-0,3
38,18	-0,3
38,21	-0,3
38,24	-0,3
38,25	-0,3
38,28	-0,3
38,32	-0,3
38,34	-0,3
38,39	-0,3
38,41	-0,3
38,46	-0,3
38,47	-0,3
38,52	-0,3
38,54	-0,3
38,56	-0,3
38,59	-0,3
38,61	-0,3
38,66	-0,3
38,68	-0,3
38,72	-0,3
38,74	-0,3
38,79	-0,3
38,81	-0,3
38,85	-0,3
38,89	-0,3
38,93	-0,3
38,96	-0,3
39,02	-0,3
39,08	-0,3
39,13	-0,3
39,16	-0,3
39,21	-0,3
39,24	-0,3
39,29	-0,3
39,32	-0,3
39,42	-0,3
39,46	-0,3
39,48	-0,3
39,53	-0,3
39,58	-0,3
39,6	-0,3
39,61	-0,3
39,66	-0,3
39,72	-0,3
39,77	-0,3
39,79	-0,3
39,84	-0,3
39,88	-0,3
39,94	-0,3
39,99	-0,3
40,02	-0,3
40,06	-0,3
40,08	-0,3
40,14	-0,3
40,19	-0,3
40,23	-0,3
40,29	-0,3
40,35	-0,3
40,4	-0,3
40,42	-0,3
40,48	-0,3
40,5	-0,3
40,54	-0,3
40,59	-0,3
40,62	-0,3
40,66	-0,3
40,67	-0,3
40,7	-0,3
40,75	-0,3
40,78	-0,3
40,82	-0,3
40,83	-0,3
40,85	-0,3
40,86	-0,3
40,89	-0,3
40,92	-0,3
40,98	-0,3
41,01	-0,3
41,04	-0,3
41,07	-0,3
41,09	-0,3
41,12	-0,3
41,16	-0,3
41,19	-0,3
41,24	-0,3
41,27	-0,3
41,32	-0,3
41,35	-0,3
41,41	-0,3
41,47	-0,3
41,53	-0,3
41,58	-0,3
41,61	-0,3
41,66	-0,3
41,68	-0,3
41,73	-0,3
41,76	-0,3
41,81	-0,3
41,83	-0,3
41,87	-0,3
41,89	-0,3
41,94	-0,3
41,96	-0,3
42,01	-0,3
42,04	-0,3
42,08	-0,3
42,1	-0,3
42,14	-0,3
42,18	-0,3
42,23	-0,3
42,27	-0,3
42,29	-0,3
42,35	-0,3
42,4	-0,3
42,43	-0,3
42,47	-0,3
42,49	-0,3
42,54	-0,3
42,58	-0,3
42,61	-0,3
42,65	-0,3
42,68	-0,3
42,7	-0,3
42,73	-0,3
42,77	-0,3
42,79	-0,3
42,84	-0,3
42,86	-0,3
42,9	-0,3
42,93	-0,3
42,97	-0,3
42,99	-0,3
43,04	-0,3
43,06	-0,3
43,11	-0,3
43,14	-0,3
43,18	-0,3
43,21	-0,3
43,26	-0,3
43,28	-0,3
43,33	-0,3
43,35	-0,3
43,38	-0,3
43,4	-0,3
43,41	-0,3
43,47	-0,3
43,51	-0,3
43,54	-0,3
43,58	-0,3
43,62	-0,3
43,67	-0,3
43,69	-0,3
43,74	-0,3
43,76	-0,3
43,8	-0,3
43,82	-0,3
43,86	-0,3
43,89	-0,3
43,95	-0,3
44	-0,3
44,02	-0,3
44,07	-0,3
44,09	-0,3
44,14	-0,3
44,17	-0,3
44,22	-0,3
44,25	-0,3
44,29	-0,3
44,33	-0,3
44,4	-0,3
44,46	-0,3
44,49	-0,3
44,51	-0,3
44,54	-0,3
44,6	-0,3
44,66	-0,3
44,7	-0,3
44,71	-0,3
44,72	-0,3
44,76	-0,3
44,78	-0,3
44,8	-0,3
44,81	-0,3
44,84	-0,3
44,89	-0,3
44,9	-0,3
44,94	-0,3
44,98	-0,3
45,02	-0,3
45,04	-0,3
45,08	-0,3
45,1	-0,3
45,15	-0,3
45,17	-0,3
45,21	-0,3
45,24	-0,3
45,28	-0,3
45,31	-0,3
45,37	-0,3
45,42	-0,3
45,43	-0,3
45,46	-0,3
45,48	-0,3
45,5	-0,3
45,53	-0,3
45,57	-0,3
45,61	-0,3
45,65	-0,3
45,69	-0,3
45,72	-0,3
45,77	-0,3
45,79	-0,3
45,83	-0,3
45,84	-0,3
45,88	-0,3
45,96	-0,3
46,01	-0,3
46,04	-0,3
46,1	-0,3
46,12	-0,3
46,16	-0,3
46,18	-0,3
46,22	-0,3
46,25	-0,3
46,29	-0,3
46,32	-0,3
46,38	-0,3
46,45	-0,3
46,51	-0,3
46,57	-0,3
46,61	-0,3
46,64	-0,3
46,69	-0,3
46,71	-0,3
46,76	-0,3
46,78	-0,3
46,83	-0,3
46,85	-0,3
46,86	-0,3
46,88	-0,3
46,9	-0,3
46,94	-0,3
46,99	-0,3
47,01	-0,3
47,03	-0,3
47,05	-0,3
47,06	-0,3
47,07	-0,3
47,1	-0,3
47,11	-0,3
47,12	-0,3
47,13	-0,3
47,14	-0,3
47,15	-0,3
47,16	-0,3
47,17	-0,3
47,18	-0,3
47,19	-0,3
47,21	-0,3
47,22	-0,3
47,23	-0,3
47,25	-0,3
47,27	-0,3
47,31	-0,3
47,32	-0,3
47,34	-0,3
47,38	-0,3
47,39	-0,3
47,42	-0,3
47,43	-0,3
47,44	-0,3030303
47,47	-0,3060606
47,48	-0,3060606
47,52	-0,3121212
47,54	-0,3151515
47,55	-0,3151515
47,57	-0,3181818
47,58	-0,3181818
47,59	-0,3181818
47,6	-0,3181818
47,63	-0,3212121
47,64	-0,3212121
47,67	-0,3151515
47,69	-0,3121212
47,7	-0,3121212
47,71	-0,3121212
47,73	-0,3151515
47,75	-0,3181818
47,76	-0,3181818
47,77	-0,3181818
47,78	-0,3181818
47,79	-0,3212121
47,81	-0,3242424
47,82	-0,3242424
47,84	-0,3272727
47,85	-0,3272727
47,87	-0,3333333
47,88	-0,3333333
47,89	-0,3333333
47,9	-0,3333333
47,91	-0,3333333
47,92	-0,3363636
47,93	-0,3363636
47,94	-0,3363636
47,95	-0,3393939
47,96	-0,3393939
48	-0,3454546
48,01	-0,3454546
48,06	-0,3515152
48,09	-0,3545455
48,14	-0,3606061
48,16	-0,3606061
48,21	-0,3666667
48,24	-0,369697
48,29	-0,3787879
48,31	-0,3787879
48,37	-0,3878788
48,42	-0,3909091
48,43	-0,3939394
48,45	-0,3939394
48,46	-0,3939394
48,47	-0,3939394
48,48	-0,3969697
48,49	-0,3969697
48,54	-0,4030303
48,56	-0,4030303
48,61	-0,4121212
48,63	-0,4121212
48,65	-0,4151515
48,66	-0,4151515
48,67	-0,4151515
48,68	-0,4181818
48,69	-0,4212121
48,7	-0,4212121
48,71	-0,4212121
48,72	-0,4242424
48,73	-0,4242424
48,75	-0,4272727
48,81	-0,4333333
48,83	-0,4363636
48,84	-0,4363636
48,85	-0,4363636
48,86	-0,4393939
48,87	-0,4393939
48,88	-0,4424242
48,89	-0,4424242
48,9	-0,4424242
48,91	-0,4454545
48,92	-0,4454545
48,93	-0,4484848
48,94	-0,4484848
48,95	-0,4484848
48,96	-0,4515151
48,99	-0,4545454
49,04	-0,4575757
49,08	-0,4636363
49,13	-0,469697
49,16	-0,469697
49,2	-0,469697
49,22	-0,469697
49,26	-0,469697
49,27	-0,4727273
49,3	-0,4757576
49,35	-0,4818182
49,37	-0,4848485
49,4	-0,4878788
49,41	-0,4878788
49,43	-0,4909091
49,44	-0,4939394
49,47	-0,4939394
49,49	-0,4969697
49,51	-0,5
49,53	-0,5030303
49,54	-0,5030303
49,55	-0,5060606
49,56	-0,5060606
49,57	-0,5060606
49,59	-0,5090909
49,61	-0,5121212
49,66	-0,5181818
49,69	-0,5212121
49,71	-0,5212121
49,73	-0,5272727
49,75	-0,5272727
49,76	-0,530303
49,78	-0,530303
49,79	-0,530303
49,8	-0,530303
49,81	-0,5333333
49,82	-0,5363636
49,86	-0,5393939
49,88	-0,5393939
49,93	-0,5484849
49,94	-0,5484849
49,95	-0,5484849
49,96	-0,5515152
49,97	-0,5515152
49,99	-0,5515152
50,01	-0,5575758
50,06	-0,5606061
50,09	-0,5636364
50,11	-0,5636364
50,13	-0,5636364
50,15	-0,5636364
50,18	-0,5666667
50,19	-0,569697
50,2	-0,569697
50,21	-0,5727273
50,25	-0,5757576
50,26	-0,5757576
50,27	-0,5757576
50,28	-0,5787879
50,31	-0,5818182
50,32	-0,5818182
50,33	-0,5848485
50,34	-0,5848485
50,35	-0,5848485
50,36	-0,5848485
50,37	-0,5878788
50,38	-0,5909091
50,4	-0,5939394
50,44	-0,5969697
50,45	-0,5969697
50,48	-0,6030303
50,55	-0,6090909
50,61	-0,6151515
50,63	-0,6151515
50,64	-0,6151515
50,67	-0,6151515
50,71	-0,6151515
50,72	-0,6151515
50,73	-0,6151515
50,74	-0,6151515
50,79	-0,6151515
50,8	-0,6151515
50,81	-0,6151515
50,82	-0,6151515
50,84	-0,6151515
50,86	-0,6151515
50,9	-0,6151515
50,92	-0,6151515
50,94	-0,6151515
50,96	-0,6151515
50,97	-0,6151515
50,99	-0,6151515
51,03	-0,6151515
51,04	-0,6151515
51,06	-0,6151515
51,09	-0,6151515
51,11	-0,6151515
51,12	-0,6151515
51,13	-0,6151515
51,14	-0,6151515
51,16	-0,6151515
51,18	-0,6151515
51,21	-0,6151515
51,22	-0,6151515
51,23	-0,6151515
51,24	-0,6151515
51,3	-0,6151515
51,31	-0,6151515
51,32	-0,6151515
51,33	-0,6151515
51,34	-0,6151515
51,36	-0,6151515
51,4	-0,6151515
51,41	-0,6151515
51,43	-0,6151515
51,48	-0,6151515
51,49	-0,6151515
51,5	-0,6151515
51,53	-0,6151515
51,54	-0,6151515
51,56	-0,6151515
51,57	-0,6151515
51,58	-0,6151515
51,6	-0,6151515
51,61	-0,6151515
51,63	-0,6151515
51,65	-0,6151515
51,66	-0,6151515
51,67	-0,6151515
51,68	-0,6151515
51,69	-0,6151515
51,71	-0,6151515
51,73	-0,6151515
51,77	-0,6151515
51,81	-0,6151515
51,83	-0,6151515
51,84	-0,6151515
51,86	-0,6151515
51,88	-0,6151515
51,9	-0,6151515
51,92	-0,6151515
51,95	-0,6151515
51,98	-0,6151515
51,99	-0,6151515
52	-0,6151515
52,02	-0,6151515
52,05	-0,6151515
52,08	-0,6151515
52,09	-0,6151515
52,1	-0,6151515
52,12	-0,6151515
52,17	-0,6151515
52,21	-0,6151515
52,24	-0,6151515
52,26	-0,6151515
52,28	-0,6151515
52,29	-0,6151515
52,32	-0,6151515
52,33	-0,6151515
52,35	-0,6151515
52,38	-0,6151515
52,39	-0,6151515
52,4	-0,6151515
52,42	-0,6151515
52,46	-0,6151515
52,47	-0,6151515
52,48	-0,6151515
52,51	-0,6151515
52,54	-0,6151515
52,55	-0,6151515
52,56	-0,6151515
52,57	-0,6151515
52,58	-0,6151515
52,59	-0,6151515
52,62	-0,6151515
52,67	-0,6151515
52,7	-0,6151515
52,74	-0,6151515
52,77	-0,6151515
52,8	-0,6151515
52,81	-0,6151515
52,82	-0,6151515
52,83	-0,6151515
52,84	-0,6151515
52,86	-0,6151515
52,87	-0,6151515
52,88	-0,6151515
52,89	-0,6151515
52,9	-0,6151515
52,91	-0,6151515
52,92	-0,6151515
52,93	-0,6151515
52,94	-0,6151515
52,95	-0,6151515
52,99	-0,6151515
53	-0,6151515
53,01	-0,6151515
53,04	-0,6151515
53,06	-0,6151515
53,11	-0,6151515
53,13	-0,6151515
53,18	-0,6151515
53,2	-0,6151515
53,25	-0,6151515
53,27	-0,6151515
53,31	-0,6151515
53,35	-0,6151515
53,39	-0,6151515
53,41	-0,6151515
53,46	-0,6151515
53,48	-0,6151515
53,54	-0,6151515
53,56	-0,6151515
53,6	-0,6151515
53,63	-0,6151515
53,68	-0,6151515
53,71	-0,6151515
53,75	-0,6151515
53,77	-0,6151515
53,82	-0,6151515
53,85	-0,6151515
53,87	-0,6151515
53,88	-0,6151515
53,91	-0,6151515
53,95	-0,6151515
53,97	-0,6151515
54,02	-0,6151515
54,04	-0,6151515
54,09	-0,6151515
54,11	-0,6151515
54,18	-0,6151515
54,22	-0,6151515
54,24	-0,6151515
54,28	-0,6151515
54,31	-0,6151515
54,32	-0,6151515
54,33	-0,6151515
54,34	-0,6151515
54,35	-0,6151515
54,36	-0,6151515
54,38	-0,6151515
54,39	-0,6151515
54,4	-0,6151515
54,41	-0,6151515
54,42	-0,6151515
54,46	-0,6151515
54,48	-0,6151515
54,53	-0,6151515
54,59	-0,6151515
54,63	-0,6151515
54,67	-0,6151515
54,72	-0,6151515
54,77	-0,6151515
54,8	-0,6151515
54,85	-0,6151515
54,87	-0,6151515
54,94	-0,6151515
54,99	-0,6151515
55,01	-0,6151515
55,06	-0,6151515
55,08	-0,6151515
55,12	-0,6151515
55,15	-0,6151515
55,2	-0,6151515
55,22	-0,6151515
55,27	-0,6151515
55,29	-0,6151515
55,3	-0,6151515
55,33	-0,6151515
55,35	-0,6151515
55,36	-0,6151515
55,38	-0,6151515
55,39	-0,6151515
55,4	-0,6151515
55,42	-0,6151515
55,46	-0,6151515
55,48	-0,6151515
55,54	-0,6151515
55,61	-0,6151515
55,65	-0,6151515
55,69	-0,6151515
55,74	-0,6151515
55,76	-0,6151515
55,8	-0,6151515
55,83	-0,6151515
55,87	-0,6151515
55,89	-0,6151515
55,95	-0,6151515
56	-0,6151515
56,02	-0,6151515
56,06	-0,6151515
56,1	-0,6151515
56,14	-0,6151515
56,16	-0,6151515
56,21	-0,6151515
56,25	-0,6151515
56,29	-0,6151515
56,32	-0,6151515
56,36	-0,6151515
56,39	-0,6151515
56,43	-0,6151515
56,45	-0,6151515
56,5	-0,6151515
56,53	-0,6151515
56,57	-0,6151515
56,61	-0,6151515
56,67	-0,6151515
56,71	-0,6151515
56,73	-0,6151515
56,77	-0,6151515
56,8	-0,6151515
56,85	-0,6151515
56,87	-0,6151515
56,92	-0,6151515
56,94	-0,6151515
56,99	-0,6151515
57,01	-0,6151515
57,06	-0,6151515
57,09	-0,6151515
57,14	-0,6151515
57,18	-0,6151515
57,22	-0,6151515
57,25	-0,6151515
57,3	-0,6151515
57,33	-0,6151515
57,38	-0,6151515
57,4	-0,6151515
57,44	-0,6151515
57,46	-0,6151515
57,51	-0,6151515
57,56	-0,6151515
57,6	-0,6151515
57,63	-0,6151515
57,68	-0,6151515
57,71	-0,6151515
57,75	-0,6151515
57,79	-0,6151515
57,83	-0,6151515
57,85	-0,6151515
57,89	-0,6151515
57,92	-0,6151515
57,96	-0,6151515
57,98	-0,6151515
58,02	-0,6151515
58,04	-0,6151515
58,1	-0,6151515
58,15	-0,6151515
58,19	-0,6151515
58,23	-0,6151515
58,25	-0,6151515
58,3	-0,6151515
58,33	-0,6151515
58,39	-0,6151515
58,44	-0,6151515
58,45	-0,6151515
58,5	-0,6151515
58,52	-0,6151515
58,57	-0,6151515
58,59	-0,6151515
58,65	-0,6151515
58,69	-0,6151515
58,73	-0,6151515
58,78	-0,6151515
58,81	-0,6151515
58,86	-0,6151515
58,89	-0,6151515
58,94	-0,6151515
58,97	-0,6151515
59,02	-0,6151515
59,04	-0,6151515
59,08	-0,6151515
59,1	-0,6151515
59,14	-0,6151515
59,16	-0,6151515
59,2	-0,6151515
59,23	-0,6151515
59,27	-0,6151515
59,29	-0,6151515
59,33	-0,6151515
59,35	-0,6151515
59,41	-0,6151515
59,48	-0,6151515
59,53	-0,6151515
59,56	-0,6151515
59,6	-0,6151515
59,63	-0,6151515
59,67	-0,6151515
59,69	-0,6151515
59,73	-0,6151515
59,81	-0,6151515
59,85	-0,6151515
59,87	-0,6151515
59,91	-0,6151515
59,95	-0,6151515
59,97	-0,6151515
59,98	-0,6151515
59,99	-0,6151515
60,02	-0,6151515
60,06	-0,6151515
60,08	-0,6151515
60,15	-0,6151515
60,2	-0,6151515
60,24	-0,6151515
60,27	-0,6151515
60,29	-0,6151515
60,31	-0,6151515
60,35	-0,6151515
60,38	-0,6151515
60,43	-0,6151515
60,47	-0,6151515
60,52	-0,6151515
60,56	-0,6151515
60,62	-0,6151515
60,68	-0,6151515
60,72	-0,6151515
60,74	-0,6151515
60,78	-0,6151515
60,8	-0,6151515
60,85	-0,6151515
60,89	-0,6151515
60,93	-0,6151515
60,96	-0,6151515
61	-0,6151515
61,03	-0,6151515
61,08	-0,6151515
61,1	-0,6151515
61,15	-0,6151515
61,17	-0,6151515
61,2	-0,6151515
61,23	-0,6151515
61,27	-0,6151515
61,3	-0,6151515
61,33	-0,6151515
61,34	-0,6151515
61,36	-0,6151515
61,43	-0,6151515
61,47	-0,6151515
61,5	-0,6151515
61,54	-0,6151515
61,58	-0,6151515
61,64	-0,6151515
61,68	-0,6151515
61,7	-0,6151515
61,77	-0,6151515
61,82	-0,6151515
61,85	-0,6151515
61,89	-0,6151515
61,91	-0,6151515
61,95	-0,6151515
61,98	-0,6151515
62,03	-0,6151515
62,05	-0,6151515
62,09	-0,6151515
62,11	-0,6151515
62,16	-0,6151515
62,18	-0,6151515
62,23	-0,6151515
62,26	-0,6151515
62,27	-0,6151515
62,28	-0,6151515
62,29	-0,6151515
62,3	-0,6151515
62,32	-0,6151515
62,36	-0,6151515
62,39	-0,6151515
62,44	-0,6151515
62,47	-0,6151515
62,51	-0,6151515
62,53	-0,6151515
62,57	-0,6151515
62,59	-0,6151515
62,64	-0,6151515
62,67	-0,6151515
62,71	-0,6151515
62,74	-0,6151515
62,79	-0,6151515
62,81	-0,6151515
62,85	-0,6151515
62,88	-0,6151515
62,93	-0,6151515
62,97	-0,6151515
63,02	-0,6151515
63,05	-0,6151515
63,08	-0,6151515
63,09	-0,6151515
63,12	-0,6151515
63,17	-0,6151515
63,19	-0,6151515
63,24	-0,6151515
63,27	-0,6151515
63,31	-0,6151515
63,34	-0,6151515
63,39	-0,6151515
63,41	-0,6151515
63,46	-0,6151515
63,49	-0,6151515
63,54	-0,6151515
63,58	-0,6151515
63,62	-0,6151515
63,65	-0,6151515
63,7	-0,6151515
63,72	-0,6151515
63,77	-0,6151515
63,79	-0,6151515
63,84	-0,6151515
63,86	-0,6151515
63,91	-0,6151515
63,93	-0,6151515
63,98	-0,6151515
64,01	-0,6151515
64,05	-0,6151515
64,08	-0,6151515
64,13	-0,6151515
64,16	-0,6151515
64,2	-0,6151515
64,22	-0,6151515
64,26	-0,6151515
64,28	-0,6151515
64,34	-0,6151515
64,38	-0,6151515
64,4	-0,6151515
64,43	-0,6151515
64,45	-0,6151515
64,47	-0,6151515
64,51	-0,6151515
64,55	-0,6151515
64,6	-0,6151515
64,62	-0,6151515
64,68	-0,6151515
64,72	-0,6151515
64,75	-0,6151515
64,8	-0,6151515
64,83	-0,6151515
64,95	-0,6151515
65	-0,6151515
65,02	-0,6151515
65,06	-0,6151515
65,08	-0,6151515
65,12	-0,6151515
65,14	-0,6151515
65,19	-0,6151515
65,21	-0,6151515
65,26	-0,6151515
65,29	-0,6151515
65,33	-0,6151515
65,36	-0,6151515
65,41	-0,6151515
65,43	-0,6151515
65,48	-0,6151515
65,49	-0,6151515
65,54	-0,6151515
65,58	-0,6151515
65,63	-0,6151515
65,66	-0,6151515
65,7	-0,6151515
65,73	-0,6151515
65,78	-0,6151515
65,8	-0,6151515
65,85	-0,6151515
65,87	-0,6151515
65,92	-0,6151515
65,94	-0,6151515
65,99	-0,6151515
66,02	-0,6151515
66,06	-0,6151515
66,08	-0,6151515
66,12	-0,6151515
66,14	-0,6151515
66,18	-0,6151515
66,21	-0,6151515
66,27	-0,6151515
66,3	-0,6151515
66,33	-0,6151515
66,37	-0,6151515
66,39	-0,6151515
66,42	-0,6151515
66,43	-0,6151515
66,46	-0,6151515
66,48	-0,6151515
66,52	-0,6151515
66,55	-0,6151515
66,58	-0,6151515
66,62	-0,6151515
66,64	-0,6151515
66,68	-0,6151515
66,7	-0,6151515
66,75	-0,6151515
66,77	-0,6151515
66,82	-0,6151515
66,84	-0,6151515
66,88	-0,6151515
66,9	-0,6151515
66,94	-0,6151515
66,97	-0,6151515
67,03	-0,6151515
67,09	-0,6151515
67,13	-0,6151515
67,16	-0,6151515
67,2	-0,6151515
67,23	-0,6151515
67,28	-0,6151515
67,31	-0,6151515
67,35	-0,6151515
67,37	-0,6151515
67,42	-0,6151515
67,45	-0,6151515
67,51	-0,6151515
67,56	-0,6151515
67,59	-0,6151515
67,65	-0,6151515
67,69	-0,6151515
67,72	-0,6151515
67,77	-0,6151515
67,8	-0,6151515
67,85	-0,6151515
67,87	-0,6151515
67,92	-0,6151515
67,94	-0,6151515
67,98	-0,6151515
68,01	-0,6151515
68,05	-0,6151515
68,08	-0,6151515
68,09	-0,6151515
68,1	-0,6151515
68,11	-0,6151515
68,12	-0,6151515
68,15	-0,6151515
68,2	-0,6151515
68,25	-0,6151515
68,27	-0,6151515
68,3	-0,6151515
68,32	-0,6151515
68,34	-0,6151515
68,38	-0,6151515
68,41	-0,6151515
68,46	-0,6151515
68,48	-0,6151515
68,53	-0,6151515
68,56	-0,6151515
68,6	-0,6151515
68,63	-0,6151515
68,67	-0,6151515
68,69	-0,6151515
68,74	-0,6151515
68,76	-0,6151515
68,82	-0,6151515
68,87	-0,6151515
68,9	-0,6151515
68,96	-0,6151515
69,01	-0,6151515
69,04	-0,6151515
69,09	-0,6151515
69,12	-0,6151515
69,18	-0,6151515
69,22	-0,6151515
69,24	-0,6151515
69,3	-0,6151515
69,34	-0,6151515
69,36	-0,6151515
69,41	-0,6151515
69,44	-0,6151515
69,48	-0,6151515
69,51	-0,6151515
69,57	-0,6151515
69,63	-0,6151515
69,67	-0,6151515
69,7	-0,6151515
69,77	-0,6151515
69,81	-0,6151515
69,83	-0,6151515
69,87	-0,6151515
69,9	-0,6151515
69,95	-0,6151515
69,97	-0,6151515
70,02	-0,6151515
70,04	-0,6151515
70,09	-0,6151515
70,13	-0,6151515
70,18	-0,6151515
70,21	-0,6151515
70,26	-0,6151515
70,28	-0,6151515
70,33	-0,6151515
70,36	-0,6151515
70,41	-0,6151515
70,45	-0,6151515
70,49	-0,6151515
70,52	-0,6151515
70,57	-0,6151515
70,63	-0,6151515
70,67	-0,6151515
70,7	-0,6151515
70,74	-0,6151515
70,77	-0,6151515
70,81	-0,6151515
70,83	-0,6151515
70,88	-0,6151515
70,9	-0,6151515
70,96	-0,6151515
71,02	-0,6151515
71,08	-0,6151515
71,12	-0,6151515
71,16	-0,6151515
71,21	-0,6151515
71,25	-0,6151515
71,3	-0,6151515
71,32	-0,6151515
71,37	-0,6151515
71,39	-0,6151515
71,44	-0,6151515
71,46	-0,6151515
71,52	-0,6151515
71,57	-0,6151515
71,59	-0,6151515
71,64	-0,6151515
71,69	-0,6151515
71,73	-0,6151515
71,78	-0,6151515
71,81	-0,6151515
71,85	-0,6151515
71,87	-0,6151515
71,92	-0,6151515
71,95	-0,6151515
71,99	-0,6151515
72,01	-0,6151515
72,05	-0,6151515
72,08	-0,6151515
72,13	-0,6151515
72,15	-0,6151515
72,2	-0,6151515
72,22	-0,6151515
72,28	-0,6151515
72,32	-0,6151515
72,34	-0,6151515
72,4	-0,6151515
72,45	-0,6151515
72,48	-0,6151515
72,53	-0,6151515
72,56	-0,6151515
72,61	-0,6151515
72,64	-0,6151515
72,68	-0,6151515
72,7	-0,6151515
72,77	-0,6151515
72,81	-0,6151515
72,83	-0,6151515
72,89	-0,6151515
72,94	-0,6151515
72,97	-0,6151515
73,02	-0,6151515
73,05	-0,6151515
73,1	-0,6151515
73,13	-0,6151515
73,18	-0,6151515
73,21	-0,6151515
73,26	-0,6151515
73,29	-0,6151515
73,33	-0,6151515
73,37	-0,6151515
73,4	-0,6151515
73,42	-0,6151515
73,44	-0,6151515
73,48	-0,6151515
73,5	-0,6151515
73,56	-0,6151515
73,61	-0,6151515
73,64	-0,6151515
73,68	-0,6151515
73,7	-0,6151515
73,75	-0,6151515
73,77	-0,6151515
73,82	-0,6151515
73,84	-0,6151515
73,88	-0,6151515
73,91	-0,6151515
73,96	-0,6151515
73,98	-0,6151515
74,02	-0,6151515
74,05	-0,6151515
74,11	-0,6151515
74,15	-0,6151515
74,18	-0,6151515
74,24	-0,6151515
74,29	-0,6151515
74,31	-0,6151515
74,36	-0,6151515
74,39	-0,6151515
74,45	-0,6151515
74,5	-0,6151515
74,55	-0,6151515
74,61	-0,6151515
74,67	-0,6151515
74,71	-0,6151515
74,75	-0,6151515
74,8	-0,6151515
74,83	-0,6151515
74,87	-0,6151515
74,9	-0,6151515
74,95	-0,6151515
74,99	-0,6151515
75,04	-0,6151515
75,07	-0,6151515
75,12	-0,6151515
75,16	-0,6151515
75,17	-0,6151515
75,21	-0,6151515
75,27	-0,6151515
75,34	-0,6151515
75,4	-0,6151515
75,45	-0,6151515
75,48	-0,6151515
75,53	-0,6151515
75,58	-0,6151515
75,62	-0,6151515
75,64	-0,6151515
75,69	-0,6151515
75,72	-0,6151515
75,77	-0,6151515
75,79	-0,6151515
75,84	-0,6151515
75,86	-0,6151515
75,94	-0,6151515
75,99	-0,6151515
76,01	-0,6151515
76,05	-0,6151515
76,08	-0,6151515
76,12	-0,6151515
76,15	-0,6151515
76,2	-0,6151515
76,22	-0,6151515
76,27	-0,6151515
76,29	-0,6151515
76,34	-0,6151515
76,36	-0,6151515
76,4	-0,6151515
76,42	-0,6151515
76,47	-0,6151515
76,49	-0,6151515
76,56	-0,6151515
76,62	-0,6151515
76,67	-0,6151515
76,69	-0,6151515
76,74	-0,6151515
76,77	-0,6151515
76,83	-0,6151515
76,87	-0,6151515
76,9	-0,6151515
76,94	-0,6151515
76,97	-0,6151515
77,01	-0,6151515
77,04	-0,6151515
77,08	-0,6151515
77,1	-0,6151515
77,11	-0,6151515
77,17	-0,6151515
77,23	-0,6151515
77,28	-0,6151515
77,3	-0,6151515
77,36	-0,6151515
77,4	-0,6151515
77,42	-0,6151515
77,48	-0,6151515
77,52	-0,6151515
77,57	-0,6151515
77,61	-0,6151515
77,64	-0,6151515
77,68	-0,6151515
77,72	-0,6151515
77,76	-0,6151515
77,79	-0,6151515
77,83	-0,6151515
77,85	-0,6151515
77,89	-0,6151515
77,92	-0,6151515
77,97	-0,6151515
78	-0,6151515
78,04	-0,6151515
78,07	-0,6151515
78,12	-0,6151515
78,14	-0,6151515
78,19	-0,6151515
78,22	-0,6151515
78,27	-0,6151515
78,3	-0,6151515
78,35	-0,6151515
78,4	-0,6151515
78,43	-0,6151515
78,49	-0,6151515
78,54	-0,6151515
78,57	-0,6151515
78,63	-0,6151515
78,68	-0,6151515
78,7	-0,6151515
78,77	-0,6151515
78,81	-0,6151515
78,83	-0,6151515
78,89	-0,6151515
78,94	-0,6151515
78,96	-0,6151515
79,01	-0,6151515
79,03	-0,6151515
79,08	-0,6151515
79,1	-0,6151515
79,15	-0,6151515
79,19	-0,6151515
79,23	-0,6151515
79,27	-0,6151515
79,32	-0,6151515
79,34	-0,6151515
79,39	-0,6151515
79,42	-0,6151515
79,47	-0,6151515
79,49	-0,6151515
79,54	-0,6151515
79,58	-0,6151515
79,64	-0,6151515
79,68	-0,6151515
79,71	-0,6151515
79,75	-0,6151515
79,78	-0,6151515
79,82	-0,6151515
79,85	-0,6151515
79,9	-0,6151515
79,92	-0,6151515
79,98	-0,6151515
80,03	-0,6151515
80,06	-0,6151515
80,11	-0,6151515
80,13	-0,6151515
80,2	-0,6151515
80,25	-0,6151515
80,29	-0,6151515
80,33	-0,6151515
80,35	-0,6151515
80,41	-0,6151515
80,46	-0,6151515
80,48	-0,6151515
80,53	-0,6151515
80,56	-0,6151515
80,61	-0,6151515
80,63	-0,6151515
80,68	-0,6151515
80,7	-0,6151515
80,74	-0,6151515
80,77	-0,6151515
80,81	-0,6151515
80,84	-0,6151515
80,88	-0,6151515
80,92	-0,6151515
80,96	-0,6151515
80,98	-0,6151515
81,03	-0,6151515
81,05	-0,6151515
81,1	-0,6151515
81,14	-0,6151515
81,19	-0,6151515
81,22	-0,6151515
81,27	-0,6151515
81,3	-0,6151515
81,37	-0,6151515
81,41	-0,6151515
81,43	-0,6151515
81,55	-0,6151515
81,6	-0,6151515
81,63	-0,6151515
81,67	-0,6151515
81,69	-0,6151515
81,73	-0,6151515
81,75	-0,6151515
81,81	-0,6151515
81,86	-0,6151515
81,89	-0,6151515
81,93	-0,6151515
81,95	-0,6151515
82	-0,6151515
82,01	-0,6151515
82,07	-0,6151515
82,11	-0,6151515
82,14	-0,6151515
82,19	-0,6151515
82,21	-0,6151515
82,25	-0,6151515
82,29	-0,6151515
82,33	-0,6151515
82,35	-0,6151515
82,39	-0,6151515
82,42	-0,6151515
82,47	-0,6151515
82,49	-0,6151515
82,54	-0,6151515
82,57	-0,6151515
82,62	-0,6151515
82,65	-0,6151515
82,69	-0,6151515
82,72	-0,6151515
82,76	-0,6151515
82,77	-0,6151515
82,8	-0,6151515
82,85	-0,6151515
82,88	-0,6151515
82,95	-0,6151515
83	-0,6151515
83,02	-0,6151515
83,07	-0,6151515
83,09	-0,6151515
83,15	-0,6151515
83,2	-0,6151515
83,22	-0,6151515
83,26	-0,6151515
83,28	-0,6151515
83,32	-0,6151515
83,35	-0,6151515
83,4	-0,6151515
83,43	-0,6151515
83,47	-0,6151515
83,49	-0,6151515
83,53	-0,6151515
83,57	-0,6151515
83,62	-0,6151515
83,64	-0,6151515
83,68	-0,6151515
83,7	-0,6151515
83,74	-0,6151515
83,77	-0,6151515
83,82	-0,6151515
83,85	-0,6151515
83,89	-0,6151515
83,91	-0,6151515
83,97	-0,6151515
84,02	-0,6151515
84,05	-0,6151515
84,11	-0,6151515
84,17	-0,6151515
84,22	-0,6151515
84,25	-0,6151515
84,32	-0,6151515
84,36	-0,6151515
84,39	-0,6151515
84,42	-0,6151515
84,44	-0,6151515
84,46	-0,6151515
84,51	-0,6151515
84,55	-0,6151515
84,61	-0,6151515
84,68	-0,6151515
84,72	-0,6151515
84,76	-0,6151515
84,81	-0,6151515
84,83	-0,6151515
84,88	-0,6151515
84,91	-0,6151515
84,95	-0,6151515
84,97	-0,6151515
85,02	-0,6151515
85,06	-0,6151515
85,12	-0,6151515
85,16	-0,6151515
85,19	-0,6151515
85,25	-0,6151515
85,3	-0,6151515
85,32	-0,6151515
85,38	-0,6151515
85,44	-0,6151515
85,49	-0,6151515
85,51	-0,6151515
85,56	-0,6151515
85,59	-0,6151515
85,64	-0,6151515
85,65	-0,6151515
85,71	-0,6151515
85,77	-0,6151515
85,81	-0,6151515
85,83	-0,6151515
85,88	-0,6151515
85,91	-0,6151515
85,94	-0,6151515
85,96	-0,6151515
85,99	-0,6151515
86,05	-0,6151515
86,07	-0,6151515
86,1	-0,6151515
86,14	-0,6151515
86,18	-0,6151515
86,2	-0,6151515
86,25	-0,6151515
86,29	-0,6151515
86,34	-0,6151515
86,37	-0,6151515
86,41	-0,6151515
86,43	-0,6151515
86,48	-0,6151515
86,51	-0,6151515
86,58	-0,6151515
86,63	-0,6151515
86,65	-0,6151515
86,69	-0,6151515
86,7	-0,6151515
86,71	-0,6151515
86,75	-0,6151515
86,78	-0,6151515
86,83	-0,6151515
86,86	-0,6151515
86,9	-0,6151515
86,91	-0,6151515
86,93	-0,6151515
87,03	-0,6151515
87,08	-0,6151515
87,15	-0,6151515
87,2	-0,6151515
87,23	-0,6151515
87,28	-0,6151515
87,29	-0,6151515
87,32	-0,6151515
87,33	-0,6151515
87,36	-0,6151515
87,38	-0,6151515
87,39	-0,6151515
87,41	-0,6151515
87,43	-0,6151515
87,47	-0,6151515
87,49	-0,6151515
87,52	-0,6151515
87,55	-0,6151515
87,57	-0,6151515
87,6	-0,6151515
87,63	-0,6151515
87,66	-0,6151515
87,67	-0,6151515
87,69	-0,6151515
87,74	-0,6151515
87,76	-0,6151515
87,8	-0,6151515
87,83	-0,6151515
87,86	-0,6151515
87,89	-0,6151515
87,93	-0,6151515
87,94	-0,6151515
87,97	-0,6151515
88,01	-0,6151515
88,04	-0,6151515
88,08	-0,6151515
88,11	-0,6151515
88,16	-0,6151515
88,18	-0,6151515
88,23	-0,6151515
88,26	-0,6151515
88,31	-0,6151515
88,34	-0,6151515
88,4	-0,6151515
88,47	-0,6151515
88,52	-0,6151515
88,56	-0,6151515
88,6	-0,6151515
88,63	-0,6151515
88,68	-0,6151515
88,7	-0,6151515
88,74	-0,6151515
88,76	-0,6151515
88,8	-0,6151515
88,82	-0,6151515
88,87	-0,6151515
88,89	-0,6151515
88,94	-0,6151515
88,97	-0,6151515
89,04	-0,6151515
89,12	-0,6151515
89,17	-0,6151515
89,18	-0,6151515
89,24	-0,6151515
89,29	-0,6151515
89,32	-0,6151515
89,36	-0,6151515
89,38	-0,6151515
89,43	-0,6151515
89,45	-0,6151515
89,49	-0,6151515
89,51	-0,6151515
89,58	-0,6151515
89,63	-0,6151515
89,64	-0,6151515
89,7	-0,6151515
89,75	-0,6151515
89,77	-0,6151515
89,83	-0,6151515
89,88	-0,6151515
89,9	-0,6151515
89,94	-0,6151515
89,97	-0,6151515
90,01	-0,6151515
90,03	-0,6151515
90,08	-0,6151515
90,1	-0,6151515
90,15	-0,6151515
90,16	-0,6151515
90,17	-0,6151515
90,2	-0,6151515
90,21	-0,6151515
90,23	-0,6151515
90,25	-0,6151515
90,28	-0,6151515
90,29	-0,6151515
90,33	-0,6151515
90,36	-0,6151515
90,39	-0,6151515
90,41	-0,6151515
90,43	-0,6151515
90,48	-0,6151515
90,51	-0,6151515
90,57	-0,6151515
90,61	-0,6151515
90,64	-0,6151515
90,67	-0,6151515
90,68	-0,6151515
90,69	-0,6151515
90,71	-0,6151515
90,73	-0,6151515
90,75	-0,6151515
90,79	-0,6151515
90,85	-0,6151515
90,89	-0,6151515
90,91	-0,6151515
90,95	-0,6151515
90,97	-0,6151515
90,98	-0,6151515
91,04	-0,6151515
91,06	-0,6151515
91,12	-0,6151515
91,17	-0,6151515
91,2	-0,6151515
91,27	-0,6151515
91,33	-0,6151515
91,39	-0,6151515
91,44	-0,6151515
91,47	-0,6151515
91,52	-0,6151515
91,56	-0,6151515
91,63	-0,6151515
91,68	-0,6151515
91,72	-0,6151515
91,77	-0,6151515
91,8	-0,6151515
91,85	-0,6151515
91,89	-0,6151515
91,95	-0,6151515
92,01	-0,6151515
92,07	-0,6151515
92,11	-0,6151515
92,14	-0,6151515
92,17	-0,6151515
92,2	-0,6151515
92,26	-0,6151515
92,31	-0,6151515
92,34	-0,6151515
92,38	-0,6151515
92,41	-0,6151515
92,51	-0,6151515
92,57	-0,6151515
92,61	-0,6151515
92,63	-0,6151515
92,65	-0,6151515
92,71	-0,6151515
92,76	-0,6151515
92,79	-0,6151515
92,84	-0,6151515
92,85	-0,6151515
92,9	-0,6151515
92,93	-0,6151515
93	-0,6151515
93,04	-0,6151515
93,07	-0,6151515
93,11	-0,6151515
93,14	-0,6151515
93,19	-0,6151515
93,21	-0,6151515
93,26	-0,6151515
93,28	-0,6151515
93,33	-0,6151515
93,36	-0,6151515
93,4	-0,6151515
93,44	-0,6151515
93,48	-0,6151515
93,52	-0,6151515
93,57	-0,6151515
93,61	-0,6151515
93,65	-0,6151515
93,66	-0,6151515
93,67	-0,6151515
93,69	-0,6151515
93,71	-0,6151515
93,73	-0,6151515
93,8	-0,6151515
93,83	-0,6151515
93,84	-0,6151515
93,86	-0,6151515
93,9	-0,6151515
93,92	-0,6151515
93,96	-0,6151515
93,98	-0,6151515
94,03	-0,6151515
94,05	-0,6151515
94,1	-0,6151515
94,12	-0,6151515
94,17	-0,6151515
94,2	-0,6151515
94,25	-0,6151515
94,28	-0,6151515
94,32	-0,6151515
94,35	-0,6151515
94,4	-0,6151515
94,44	-0,6151515
94,46	-0,6151515
94,5	-0,6151515
94,53	-0,6151515
94,57	-0,6151515
94,59	-0,6151515
94,65	-0,6151515
94,7	-0,6151515
94,72	-0,6151515
94,76	-0,6151515
94,78	-0,6151515
94,82	-0,6151515
94,86	-0,6151515
94,92	-0,6151515
94,95	-0,6151515
95	-0,6151515
95,02	-0,6151515
95,06	-0,6151515
95,08	-0,6151515
95,13	-0,6151515
95,14	-0,6151515
95,19	-0,6151515
95,21	-0,6151515
95,25	-0,6151515
95,29	-0,6151515
95,34	-0,6151515
95,37	-0,6151515
95,41	-0,6151515
95,44	-0,6151515
95,49	-0,6151515
95,52	-0,6151515
95,57	-0,6151515
95,6	-0,6151515
95,64	-0,6151515
95,66	-0,6151515
95,71	-0,6151515
95,74	-0,6151515
95,77	-0,6151515
95,79	-0,6151515
95,82	-0,6151515
95,86	-0,6151515
95,88	-0,6151515
95,93	-0,6151515
95,95	-0,6151515
96	-0,6151515
96,02	-0,6151515
96,05	-0,6151515
96,07	-0,6151515
96,09	-0,6151515
96,14	-0,6151515
96,17	-0,6151515
96,23	-0,6151515
96,27	-0,6151515
96,31	-0,6151515
96,35	-0,6151515
96,37	-0,6151515
96,45	-0,6151515
96,5	-0,6151515
96,53	-0,6151515
96,59	-0,6151515
96,63	-0,6151515
96,65	-0,6151515
96,71	-0,6151515
96,77	-0,6151515
96,82	-0,6151515
96,84	-0,6151515
96,89	-0,6151515
96,91	-0,6151515
96,97	-0,6151515
97,02	-0,6151515
97,04	-0,6151515
97,09	-0,6151515
97,12	-0,6151515
97,18	-0,6151515
97,24	-0,6151515
97,3	-0,6151515
97,35	-0,6151515
97,38	-0,6151515
97,45	-0,6151515
97,5	-0,6151515
97,53	-0,6151515
97,58	-0,6151515
97,6	-0,6151515
97,65	-0,6151515
97,68	-0,6151515
97,73	-0,6151515
97,75	-0,6151515
97,8	-0,6151515
97,82	-0,6151515
97,87	-0,6151515
97,9	-0,6151515
98	-0,6151515
98,04	-0,6151515
98,06	-0,6151515
98,1	-0,6151515
98,13	-0,6151515
98,19	-0,6151515
98,24	-0,6151515
98,26	-0,6151515
98,3	-0,6151515
98,34	-0,6151515
98,4	-0,6151515
98,45	-0,6151515
98,47	-0,6151515
98,52	-0,6151515
98,56	-0,6151515
98,6	-0,6151515
98,63	-0,6151515
98,67	-0,6151515
98,68	-0,6151515
98,71	-0,6151515
98,73	-0,6151515
98,76	-0,6151515
98,78	-0,6151515
98,82	-0,6151515
98,84	-0,6151515
98,9	-0,6151515
98,94	-0,6151515
98,96	-0,6151515
99,01	-0,6151515
99,05	-0,6151515
99,09	-0,6151515
99,11	-0,6151515
99,16	-0,6151515
99,18	-0,6151515
99,24	-0,6151515
99,29	-0,6151515
99,31	-0,6151515
99,34	-0,6151515
99,37	-0,6151515
99,42	-0,6151515
99,44	-0,6151515
99,49	-0,6151515
99,51	-0,6151515
99,58	-0,6151515
99,62	-0,6151515
99,64	-0,6151515
99,68	-0,6151515
99,7	-0,6151515
99,76	-0,6151515
99,81	-0,6151515
99,83	-0,6151515
99,89	-0,6151515
99,91	-0,6151515
99,96	-0,6151515
99,98	-0,6151515
100,02	-0,6151515
100,07	-0,6151515
100,12	-0,6151515
100,14	-0,6151515
100,18	-0,6151515
100,2	-0,6151515
100,26	-0,6151515
100,3	-0,6151515
100,32	-0,6151515
100,36	-0,6151515
100,38	-0,6151515
100,43	-0,6151515
100,45	-0,6151515
100,51	-0,6151515
100,54	-0,6151515
100,58	-0,6151515
100,61	-0,6151515
100,66	-0,6151515
100,68	-0,6151515
100,73	-0,6151515
100,76	-0,6151515
100,8	-0,6151515
100,82	-0,6151515
100,87	-0,6151515
100,89	-0,6151515
100,95	-0,6151515
100,99	-0,6151515
101,01	-0,6151515
101,06	-0,6151515
101,08	-0,6151515
101,14	-0,6151515
101,18	-0,6151515
101,21	-0,6151515
101,25	-0,6151515
101,28	-0,6151515
101,32	-0,6151515
101,35	-0,6151515
101,4	-0,6151515
101,43	-0,6151515
101,47	-0,6151515
101,51	-0,6151515
101,57	-0,6151515
101,63	-0,6151515
101,68	-0,6151515
101,7	-0,6151515
101,74	-0,6151515
101,77	-0,6151515
101,83	-0,6151515
101,87	-0,6151515
101,89	-0,6151515
101,95	-0,6151515
101,99	-0,6151515
102,03	-0,6151515
102,08	-0,6151515
102,1	-0,6151515
102,14	-0,6151515
102,18	-0,6151515
102,24	-0,6151515
102,27	-0,6151515
102,28	-0,6151515
102,3	-0,6151515
102,34	-0,6151515
102,36	-0,6151515
102,41	-0,6151515
102,43	-0,6151515
102,48	-0,6151515
102,51	-0,6151515
102,54	-0,6151515
102,56	-0,6151515
102,58	-0,6151515
102,62	-0,6151515
102,65	-0,6151515
102,67	-0,6151515
102,68	-0,6151515
102,7	-0,6151515
102,72	-0,6151515
102,77	-0,6151515
102,8	-0,6151515
102,83	-0,6151515
102,85	-0,6151515
102,87	-0,6151515
102,9	-0,6151515
102,92	-0,6151515
102,94	-0,6151515
102,98	-0,6151515
103,01	-0,6151515
103,04	-0,6151515
103,06	-0,6151515
103,08	-0,6151515
103,12	-0,6151515
103,15	-0,6151515
103,19	-0,6151515
103,22	-0,6151515
103,33	-0,6151515
103,38	-0,6151515
103,41	-0,6151515
103,46	-0,6151515
103,48	-0,6151515
103,53	-0,6151515
103,56	-0,6151515
103,63	-0,6151515
103,67	-0,6151515
103,69	-0,6151515
103,73	-0,6151515
103,76	-0,6151515
103,78	-0,6151515
103,81	-0,6151515
103,85	-0,6151515
103,89	-0,6151515
103,94	-0,6151515
104	-0,6151515
104,05	-0,6151515
104,07	-0,6151515
104,12	-0,6151515
104,16	-0,6151515
104,21	-0,6151515
104,23	-0,6151515
104,3	-0,6151515
104,35	-0,6151515
104,37	-0,6151515
104,42	-0,6151515
104,45	-0,6151515
104,49	-0,6151515
104,52	-0,6151515
104,6	-0,6151515
104,65	-0,6151515
104,69	-0,6151515
104,73	-0,6151515
104,75	-0,6151515
104,81	-0,6151515
104,86	-0,6151515
104,89	-0,6151515
104,95	-0,6151515
105	-0,6151515
105,04	-0,6151515
105,11	-0,6151515
105,17	-0,6151515
105,21	-0,6151515
105,25	-0,6151515
105,29	-0,6151515
105,3	-0,6151515
105,33	-0,6151515
105,37	-0,6151515
105,4	-0,6151515
105,45	-0,6151515
105,47	-0,6151515
105,53	-0,6151515
105,61	-0,6151515
105,67	-0,6151515
105,73	-0,6151515
105,78	-0,6151515
105,81	-0,6151515
105,88	-0,6151515
105,93	-0,6151515
105,96	-0,6151515
106,02	-0,6151515
106,07	-0,6151515
106,1	-0,6151515
106,15	-0,6151515
106,17	-0,6151515
106,24	-0,6151515
106,27	-0,6151515
106,29	-0,6151515
106,32	-0,6151515
106,37	-0,6151515
106,39	-0,6151515
106,43	-0,6151515
106,46	-0,6151515
106,5	-0,6151515
106,54	-0,6151515
106,61	-0,6151515
106,66	-0,6151515
106,68	-0,6151515
106,73	-0,6151515
106,75	-0,6151515
106,79	-0,6151515
106,81	-0,6151515
106,85	-0,6151515
106,88	-0,6151515
106,92	-0,6151515
106,93	-0,6151515
106,97	-0,6151515
107	-0,6151515
107,02	-0,6151515
107,06	-0,6151515
107,11	-0,6151515
107,13	-0,6151515
107,18	-0,6151515
107,2	-0,6151515
107,25	-0,6151515
107,27	-0,6151515
107,31	-0,6151515
107,33	-0,6151515
107,36	-0,6151515
107,38	-0,6151515
107,4	-0,6151515
107,44	-0,6151515
107,46	-0,6151515
107,5	-0,6151515
107,52	-0,6151515
107,56	-0,6151515
107,59	-0,6151515
107,63	-0,6151515
107,66	-0,6151515
107,7	-0,6151515
107,72	-0,6151515
107,77	-0,6151515
107,8	-0,6151515
107,84	-0,6151515
107,86	-0,6151515
107,9	-0,6151515
107,93	-0,6151515
107,98	-0,6151515
108,01	-0,6151515
108,05	-0,6151515
108,06	-0,6151515
108,07	-0,6151515
108,08	-0,6151515
108,12	-0,6151515
108,14	-0,6151515
108,19	-0,6151515
108,23	-0,6151515
108,25	-0,6151515
108,28	-0,6151515
108,3	-0,6151515
108,35	-0,6151515
108,38	-0,6151515
108,43	-0,6151515
108,45	-0,6151515
108,51	-0,6151515
108,58	-0,6151515
108,63	-0,6151515
108,65	-0,6151515
108,7	-0,6151515
108,74	-0,6151515
108,8	-0,6151515
108,87	-0,6151515
108,94	-0,6151515
109	-0,6151515
109,06	-0,6151515
109,1	-0,6151515
109,18	-0,6151515
109,24	-0,6151515
109,29	-0,6151515
109,32	-0,6151515
109,37	-0,6151515
109,39	-0,6151515
109,44	-0,6151515
109,48	-0,6151515
109,52	-0,6151515
109,54	-0,6151515
109,59	-0,6151515
109,6	-0,6151515
109,64	-0,6151515
109,65	-0,6151515
109,68	-0,6151515
109,72	-0,6151515
109,73	-0,6151515
109,75	-0,6151515
109,8	-0,6151515
109,82	-0,6151515
109,88	-0,6151515
109,92	-0,6151515
109,94	-0,6151515
109,98	-0,6151515
110,02	-0,6151515
110,06	-0,6151515
110,09	-0,6151515
110,14	-0,6151515
110,18	-0,6151515
110,22	-0,6151515
110,25	-0,6151515
110,28	-0,6151515
110,29	-0,6151515
110,31	-0,6151515
110,37	-0,6151515
110,43	-0,6151515
110,47	-0,6151515
110,5	-0,6151515
110,57	-0,6151515
110,63	-0,6151515
110,68	-0,6151515
110,7	-0,6151515
110,74	-0,6151515
110,77	-0,6151515
110,82	-0,6151515
110,86	-0,6151515
110,92	-0,6151515
110,96	-0,6151515
111	-0,6151515
111,06	-0,6151515
111,1	-0,6151515
111,13	-0,6151515
111,17	-0,6151515
111,2	-0,6151515
111,26	-0,6151515
111,31	-0,6151515
111,33	-0,6151515
111,39	-0,6151515
111,44	-0,6151515
111,48	-0,6151515
111,52	-0,6151515
111,56	-0,6151515
111,6	-0,6151515
111,62	-0,6151515
111,67	-0,6151515
111,69	-0,6151515
111,75	-0,6151515
111,79	-0,6151515
111,82	-0,6151515
111,87	-0,6151515
111,89	-0,6151515
111,95	-0,6151515
111,99	-0,6151515
112	-0,6151515
112,01	-0,6151515
112,05	-0,6151515
112,07	-0,6151515
112,12	-0,6151515
112,14	-0,6151515
112,2	-0,6151515
112,25	-0,6151515
112,27	-0,6151515
112,32	-0,6151515
112,34	-0,6151515
112,38	-0,6151515
112,4	-0,6151515
112,44	-0,6151515
112,47	-0,6151515
112,52	-0,6151515
112,57	-0,6151515
112,61	-0,6151515
112,64	-0,6151515
112,68	-0,6151515
112,7	-0,6151515
112,75	-0,6151515
112,78	-0,6151515
112,82	-0,6151515
112,85	-0,6151515
112,91	-0,6151515
112,96	-0,6151515
112,98	-0,6151515
113,03	-0,6151515
113,05	-0,6151515
113,1	-0,6151515
113,12	-0,6151515
113,17	-0,6151515
113,2	-0,6151515
113,25	-0,6151515
113,28	-0,6151515
113,32	-0,6151515
113,35	-0,6151515
113,4	-0,6151515
113,43	-0,6151515
113,47	-0,6151515
113,49	-0,6151515
113,54	-0,6151515
113,6	-0,6151515
113,64	-0,6151515
113,68	-0,6151515
113,73	-0,6151515
113,75	-0,6151515
113,8	-0,6151515
113,82	-0,6151515
113,88	-0,6151515
113,93	-0,6151515
113,95	-0,6151515
114	-0,6151515
114,03	-0,6151515
114,07	-0,6151515
114,1	-0,6151515
114,14	-0,6151515
114,17	-0,6151515
114,23	-0,6151515
114,28	-0,6151515
114,31	-0,6151515
114,36	-0,6151515
114,39	-0,6151515
114,43	-0,6151515
114,46	-0,6151515
114,54	-0,6151515
114,65	-0,6151515
114,71	-0,6151515
114,77	-0,6151515
114,82	-0,6151515
114,84	-0,6151515
114,89	-0,6151515
114,93	-0,6151515
114,99	-0,6151515
115,04	-0,6151515
115,07	-0,6151515
115,14	-0,6151515
115,19	-0,6151515
115,23	-0,6151515
115,28	-0,6151515
115,3	-0,6151515
115,36	-0,6151515
115,41	-0,6151515
115,44	-0,6151515
115,48	-0,6151515
115,5	-0,6151515
115,57	-0,6151515
115,63	-0,6151515
115,69	-0,6151515
115,74	-0,6151515
115,76	-0,6151515
115,81	-0,6151515
115,83	-0,6151515
115,87	-0,6151515
115,89	-0,6151515
115,96	-0,6151515
116	-0,6151515
116,02	-0,6151515
116,08	-0,6151515
116,11	-0,6151515
116,16	-0,6151515
116,18	-0,6151515
116,24	-0,6151515
116,3	-0,6151515
116,36	-0,6151515
116,4	-0,6151515
116,42	-0,6151515
116,48	-0,6151515
116,53	-0,6151515
116,57	-0,6151515
116,63	-0,6151515
116,7	-0,6151515
116,74	-0,6151515
116,77	-0,6151515
116,83	-0,6151515
116,88	-0,6151515
116,91	-0,6151515
116,96	-0,6151515
116,99	-0,6151515
117,05	-0,6151515
117,09	-0,6151515
117,12	-0,6151515
117,18	-0,6151515
117,25	-0,6151515
117,32	-0,6151515
117,37	-0,6151515
117,39	-0,6151515
117,43	-0,6151515
117,45	-0,6151515
117,5	-0,6151515
117,57	-0,6151515
117,61	-0,6151515
117,67	-0,6151515
117,73	-0,6151515
117,79	-0,6151515
117,85	-0,6151515
117,92	-0,6151515
117,97	-0,6151515
118,01	-0,6151515
118,08	-0,6151515
118,14	-0,6151515
118,2	-0,6151515
118,26	-0,6151515
118,32	-0,6151515
118,37	-0,6151515
118,4	-0,6151515
118,45	-0,6151515
118,48	-0,6151515
118,52	-0,6151515
118,53	-0,6151515
118,56	-0,6151515
118,62	-0,6151515
118,67	-0,6151515
118,7	-0,6151515
118,76	-0,6151515
118,84	-0,6151515
118,91	-0,6151515
118,96	-0,6151515
118,98	-0,6151515
119,03	-0,6151515
119,05	-0,6151515
119,11	-0,6151515
119,17	-0,6151515
119,23	-0,6151515
119,26	-0,6151515
119,3	-0,6151515
119,35	-0,6151515
119,37	-0,6151515
119,43	-0,6151515
119,47	-0,6151515
119,5	-0,6151515
119,56	-0,6151515
119,6	-0,6151515
119,62	-0,6151515
119,67	-0,6151515
119,69	-0,6151515
119,71	-0,6151515
119,73	-0,6151515
119,77	-0,6151515
119,8	-0,6151515
119,83	-0,6151515
119,88	-0,6151515
119,92	-0,6151515
119,97	-0,6151515
120,01	-0,6151515
120,07	-0,6151515
120,16	-0,6151515
120,2	-0,6151515
120,24	-0,6151515
120,3	-0,6151515
120,32	-0,6151515
120,36	-0,6151515
120,39	-0,6151515
120,44	-0,6151515
120,5	-0,6151515
120,57	-0,6151515
120,63	-0,6151515
120,7	-0,6151515
120,75	-0,6151515
120,78	-0,6151515
120,83	-0,6151515
120,86	-0,6151515
120,92	-0,6151515
120,97	-0,6151515
121	-0,6151515
121,05	-0,6151515
121,09	-0,6151515
121,13	-0,6151515
121,15	-0,6151515
121,2	-0,6151515
121,22	-0,6151515
121,28	-0,6151515
121,3	-0,6151515
121,31	-0,6151515
121,33	-0,6151515
121,36	-0,6151515
121,41	-0,6151515
121,44	-0,6151515
121,48	-0,6151515
121,5	-0,6151515
121,56	-0,6151515
121,61	-0,6151515
121,64	-0,6151515
121,69	-0,6151515
121,73	-0,6151515
121,77	-0,6151515
121,81	-0,6151515
121,87	-0,6151515
121,9	-0,6151515
121,96	-0,6151515
122	-0,6151515
122,03	-0,6151515
122,08	-0,6151515
122,12	-0,6151515
122,18	-0,6151515
122,25	-0,6151515
122,32	-0,6151515
122,36	-0,6151515
122,39	-0,6181818
122,44	-0,6242424
122,48	-0,6272727
122,53	-0,6333333
122,57	-0,6363636
122,63	-0,6454545
122,69	-0,6515151
122,75	-0,6575757
122,79	-0,660606
122,8	-0,660606
122,83	-0,6696969
122,84	-0,6696969
122,86	-0,6757576
122,9	-0,6848485
122,98	-0,7060606
123,04	-0,7212121
123,08	-0,7333333
123,11	-0,7363636
123,15	-0,7484848
123,19	-0,7606061
123,24	-0,7727273
123,27	-0,7818182
123,33	-0,7969697
123,39	-0,8090909
123,43	-0,8151515
123,46	-0,8242424
123,52	-0,839394
123,57	-0,8515152
123,58	-0,8515152
123,64	-0,8636364
123,66	-0,8666667
123,73	-0,8727273
123,78	-0,8787879
123,84	-0,8787879
123,86	-0,8787879
123,91	-0,8787879
123,93	-0,8787879
123,96	-0,8787879
123,99	-0,8787879
124,04	-0,8787879
124,06	-0,8787879
124,11	-0,8787879
124,14	-0,8787879
124,2	-0,8787879
124,25	-0,8787879
124,28	-0,8787879
124,33	-0,8787879
124,35	-0,8787879
124,4	-0,8787879
124,43	-0,8787879
124,48	-0,8787879
124,52	-0,8787879
124,59	-0,8787879
124,64	-0,8787879
124,67	-0,8787879
124,71	-0,8787879
124,73	-0,8787879
124,77	-0,8787879
124,8	-0,8787879
124,87	-0,8787879
124,93	-0,8787879
124,98	-0,8787879
125	-0,8787879
125,05	-0,8787879
125,11	-0,8787879
125,17	-0,8787879
125,19	-0,8787879
125,24	-0,8787879
125,27	-0,8787879
125,31	-0,8787879
125,34	-0,8787879
125,4	-0,8787879
125,46	-0,8787879
125,48	-0,8787879
125,53	-0,8787879
125,55	-0,8787879
125,56	-0,8787879
125,59	-0,8787879
125,61	-0,8787879
125,66	-0,8787879
125,68	-0,8787879
125,71	-0,8787879
125,73	-0,8787879
125,76	-0,8787879
125,87	-0,8787879
125,91	-0,8787879
125,93	-0,8787879
125,97	-0,8787879
126	-0,8787879
126,05	-0,8787879
126,08	-0,8787879
126,12	-0,8787879
126,14	-0,8787879
126,19	-0,8787879
126,21	-0,8787879
126,26	-0,8787879
126,28	-0,8787879
126,32	-0,8787879
126,34	-0,8787879
126,38	-0,8787879
126,4	-0,8787879
126,42	-0,8787879
126,45	-0,8787879
126,47	-0,8787879
126,49	-0,8787879
126,54	-0,8787879
126,58	-0,8787879
126,63	-0,8787879
126,67	-0,8787879
126,7	-0,8787879
126,74	-0,8787879
126,77	-0,8787879
126,8	-0,8787879
126,83	-0,8787879
126,88	-0,8787879
126,89	-0,8787879
126,91	-0,8787879
126,94	-0,8787879
126,97	-0,8787879
127,01	-0,8787879
127,04	-0,8787879
127,07	-0,8787879
127,09	-0,8787879
127,11	-0,8787879
127,16	-0,8787879
127,18	-0,8787879
127,22	-0,8787879
127,25	-0,8787879
127,28	-0,8787879
127,31	-0,8787879
127,36	-0,8787879
127,39	-0,8787879
127,44	-0,8787879
127,48	-0,8787879
127,53	-0,8787879
127,56	-0,8787879
127,61	-0,8787879
127,63	-0,8787879
127,68	-0,8787879
127,71	-0,8787879
127,76	-0,8787879
127,8	-0,8787879
127,84	-0,8787879
127,87	-0,8787879
127,92	-0,8787879
127,95	-0,8787879
128	-0,8787879
128,02	-0,8787879
128,08	-0,8787879
128,14	-0,8787879
128,19	-0,8787879
128,23	-0,8787879
128,29	-0,8787879
128,3	-0,8787879
128,34	-0,8787879
128,37	-0,8787879
128,42	-0,8787879
128,46	-0,8787879
128,52	-0,8787879
128,58	-0,8787879
128,6	-0,8787879
128,66	-0,8787879
128,68	-0,8787879
128,73	-0,8787879
128,76	-0,8787879
128,82	-0,8787879
128,87	-0,8787879
128,9	-0,8787879
128,96	-0,8787879
129,01	-0,8787879
129,04	-0,8787879
129,08	-0,8787879
129,11	-0,8787879
129,21	-0,8787879
129,25	-0,8787879
129,3	-0,8787879
129,33	-0,8787879
129,38	-0,8787879
129,41	-0,8787879
129,46	-0,8787879
129,49	-0,8787879
129,54	-0,8787879
129,59	-0,8787879
129,63	-0,8787879
129,68	-0,8787879
129,74	-0,8787879
129,8	-0,8787879
129,86	-0,8787879
129,88	-0,8787879
129,93	-0,8787879
129,95	-0,8787879
130	-0,8787879
130,04	-0,8787879
130,1	-0,8787879
130,17	-0,8787879
130,22	-0,8787879
130,25	-0,8787879
130,29	-0,8787879
130,31	-0,8787879
130,36	-0,8787879
130,39	-0,8787879
130,45	-0,8787879
130,51	-0,8787879
130,54	-0,8787879
130,59	-0,8787879
130,62	-0,8787879
130,67	-0,8787879
130,71	-0,8787879
130,75	-0,8787879
130,77	-0,8787879
130,82	-0,8787879
130,84	-0,8787879
130,9	-0,8787879
130,93	-0,8787879
130,98	-0,8787879
131,03	-0,8787879
131,06	-0,8787879
131,12	-0,8787879
131,14	-0,8787879
131,2	-0,8787879
131,28	-0,8787879
131,33	-0,8787879
131,38	-0,8787879
131,42	-0,8787879
131,48	-0,8787879
131,54	-0,8787879
131,69	-0,8787879
131,73	-0,8787879
131,76	-0,8787879
131,82	-0,8787879
131,87	-0,8787879
131,89	-0,8787879
131,94	-0,8787879
131,97	-0,8787879
132,03	-0,8787879
132,08	-0,8787879
132,11	-0,8787879
132,16	-0,8787879
132,19	-0,8787879
132,25	-0,8787879
132,3	-0,8787879
132,34	-0,8787879
132,38	-0,8787879
132,42	-0,8787879
132,48	-0,8787879
132,53	-0,8787879
132,59	-0,8787879
132,64	-0,8787879
132,67	-0,8787879
132,71	-0,8787879
132,73	-0,8787879
132,77	-0,8787879
132,79	-0,8787879
132,82	-0,8787879
132,85	-0,8787879
132,91	-0,8787879
132,94	-0,8787879
132,95	-0,8787879
132,98	-0,8787879
133	-0,8787879
133,07	-0,8787879
133,09	-0,8787879
133,13	-0,8787879
133,19	-0,8787879
133,25	-0,8787879
133,31	-0,8787879
133,34	-0,8787879
133,4	-0,8787879
133,47	-0,8787879
133,53	-0,8787879
133,57	-0,8787879
133,63	-0,8787879
133,68	-0,8787879
133,7	-0,8787879
133,75	-0,8787879
133,77	-0,8787879
133,82	-0,8787879
133,85	-0,8787879
133,92	-0,8787879
133,98	-0,8787879
134,01	-0,8787879
134,06	-0,8787879
134,09	-0,8787879
134,15	-0,8787879
134,22	-0,8787879
134,27	-0,8787879
134,3	-0,8787879
134,35	-0,8787879
134,38	-0,8787879
134,43	-0,8787879
134,47	-0,8787879
134,5	-0,8787879
134,54	-0,8787879
134,57	-0,8787879
134,63	-0,8787879
134,66	-0,8787879
134,72	-0,8787879
134,77	-0,8787879
134,8	-0,8787879
134,85	-0,8787879
134,88	-0,8787879
134,93	-0,8787879
134,96	-0,8787879
135,02	-0,8787879
135,04	-0,8787879
135,09	-0,8787879
135,11	-0,8787879
135,16	-0,8787879
135,2	-0,8787879
135,26	-0,8787879
135,29	-0,8787879
135,31	-0,8787879
135,33	-0,8787879
135,36	-0,8787879
135,39	-0,8787879
135,42	-0,8787879
135,47	-0,8787879
135,5	-0,8787879
135,57	-0,8787879
135,62	-0,8787879
135,68	-0,8787879
135,73	-0,8787879
135,75	-0,8787879
135,78	-0,8787879
135,8	-0,8787879
135,85	-0,8787879
135,89	-0,8787879
135,93	-0,8787879
135,95	-0,8787879
136	-0,8787879
136,03	-0,8787879
136,09	-0,8787879
136,14	-0,8787879
136,17	-0,8787879
136,22	-0,8787879
136,24	-0,8787879
136,29	-0,8787879
136,31	-0,8787879
136,35	-0,8787879
136,37	-0,8787879
136,42	-0,8787879
136,45	-0,8787879
136,5	-0,8787879
136,53	-0,8787879
136,55	-0,8787879
136,58	-0,8787879
136,59	-0,8787879
136,62	-0,8787879
136,65	-0,8787879
136,66	-0,8787879
136,7	-0,8787879
136,73	-0,8787879
136,78	-0,8787879
136,81	-0,8787879
136,85	-0,8787879
136,88	-0,8787879
136,94	-0,8787879
136,98	-0,8787879
137,01	-0,8787879
137,06	-0,8787879
137,09	-0,8787879
137,14	-0,8787879
137,17	-0,8787879
137,21	-0,8787879
137,24	-0,8787879
137,29	-0,8787879
137,33	-0,8787879
137,42	-0,8787879
137,46	-0,8787879
137,47	-0,8787879
137,5	-0,8787879
137,56	-0,8787879
137,6	-0,8787879
137,61	-0,8787879
137,64	-0,8787879
137,69	-0,8787879
137,73	-0,8787879
137,77	-0,8787879
137,8	-0,8787879
137,86	-0,8787879
137,89	-0,8787879
137,94	-0,8787879
137,96	-0,8787879
138	-0,8787879
138,02	-0,8787879
138,06	-0,8787879
138,08	-0,8787879
138,13	-0,8787879
138,15	-0,8787879
138,22	-0,8787879
138,29	-0,8787879
138,34	-0,8787879
138,4	-0,8787879
138,43	-0,8787879
138,48	-0,8787879
138,55	-0,8787879
138,58	-0,8787879
138,6	-0,8787879
138,63	-0,8787879
138,68	-0,8787879
138,7	-0,8787879
138,77	-0,8787879
138,82	-0,8787879
138,84	-0,8787879
138,9	-0,8787879
138,94	-0,8787879
139	-0,8787879
139,06	-0,8787879
139,08	-0,8787879
139,13	-0,8787879
139,15	-0,8787879
139,2	-0,8787879
139,22	-0,8787879
139,25	-0,8787879
139,28	-0,8787879
139,31	-0,8787879
139,34	-0,8787879
139,35	-0,8787879
139,38	-0,8787879
139,42	-0,8787879
139,45	-0,8787879
139,5	-0,8787879
139,51	-0,8787879
139,57	-0,8787879
139,59	-0,8787879
139,64	-0,8787879
139,66	-0,8787879
139,7	-0,8787879
139,74	-0,8787879
139,79	-0,8787879
139,82	-0,8787879
139,84	-0,8787879
139,86	-0,8787879
139,91	-0,8787879
139,96	-0,8787879
139,99	-0,8787879
140,04	-0,8787879
140,07	-0,8787879
140,1	-0,8787879
140,11	-0,8787879
140,14	-0,8787879
140,18	-0,8787879
140,2	-0,8787879
140,25	-0,8787879
140,28	-0,8787879
140,33	-0,8787879
140,35	-0,8787879
140,4	-0,8787879
140,42	-0,8787879
140,46	-0,8787879
140,48	-0,8787879
140,49	-0,8787879
140,5	-0,8787879
140,51	-0,8787879
140,53	-0,8787879
140,54	-0,8787879
140,55	-0,8787879
140,57	-0,8787879
140,59	-0,8787879
140,61	-0,8787879
140,64	-0,8787879
140,69	-0,8787879
140,72	-0,8787879
140,77	-0,8787879
140,8	-0,8787879
140,86	-0,8787879
140,9	-0,8787879
140,95	-0,8787879
140,98	-0,8787879
141,03	-0,8787879
141,08	-0,8787879
141,1	-0,8787879
141,16	-0,8787879
141,2	-0,8787879
141,23	-0,8787879
141,29	-0,8787879
141,34	-0,8787879
141,37	-0,8787879
141,41	-0,8787879
141,43	-0,8787879
141,48	-0,8787879
141,51	-0,8787879
141,57	-0,8787879
141,63	-0,8787879
141,69	-0,8787879
141,75	-0,8787879
141,81	-0,8787879
141,83	-0,8787879
141,88	-0,8787879
141,9	-0,8787879
141,94	-0,8787879
141,98	-0,8787879
142,04	-0,8787879
142,09	-0,8787879
142,12	-0,8787879
142,16	-0,8787879
142,19	-0,8787879
142,24	-0,8787879
142,29	-0,8787879
142,32	-0,8787879
142,36	-0,8787879
142,39	-0,8787879
142,46	-0,8787879
142,5	-0,8787879
142,52	-0,8787879
142,58	-0,8787879
142,63	-0,8787879
142,64	-0,8787879
142,68	-0,8787879
142,69	-0,8787879
142,73	-0,8787879
142,74	-0,8787879
142,77	-0,8787879
142,82	-0,8787879
142,84	-0,8787879
142,94	-0,8787879
143	-0,8787879
143,02	-0,8787879
143,07	-0,8787879
143,09	-0,8787879
143,14	-0,8787879
143,16	-0,8787879
143,2	-0,8787879
143,23	-0,8787879
143,28	-0,8787879
143,3	-0,8787879
143,31	-0,8787879
143,33	-0,8787879
143,36	-0,8787879
143,4	-0,8787879
143,41	-0,8787879
143,47	-0,8787879
143,5	-0,8787879
143,53	-0,8787879
143,55	-0,8787879
143,58	-0,8787879
143,62	-0,8787879
143,64	-0,8787879
143,68	-0,8787879
143,71	-0,8787879
143,75	-0,8787879
143,77	-0,8787879
143,83	-0,8787879
143,85	-0,8787879
143,9	-0,8787879
143,93	-0,8787879
143,97	-0,8787879
143,99	-0,8787879
144,03	-0,8787879
144,06	-0,8787879
144,1	-0,8787879
144,13	-0,8787879
144,17	-0,8787879
144,2	-0,8787879
144,25	-0,8787879
144,28	-0,8787879
144,33	-0,8787879
144,35	-0,8787879
144,41	-0,8787879
144,48	-0,8787879
144,53	-0,8787879
144,57	-0,8787879
144,61	-0,8787879
144,63	-0,8787879
144,64	-0,8787879
144,66	-0,8787879
144,67	-0,8787879
144,7	-0,8787879
144,74	-0,8787879
144,76	-0,8787879
144,82	-0,8787879
144,86	-0,8787879
144,89	-0,8787879
144,93	-0,8787879
144,96	-0,8787879
145,02	-0,8787879
145,08	-0,8787879
145,13	-0,8787879
145,15	-0,8787879
145,21	-0,8787879
145,26	-0,8787879
145,28	-0,8787879
145,33	-0,8787879
145,35	-0,8787879
145,41	-0,8787879
145,43	-0,8787879
145,45	-0,8787879
145,48	-0,8787879
145,53	-0,8787879
145,56	-0,8787879
145,61	-0,8787879
145,63	-0,8787879
145,67	-0,8787879
145,69	-0,8787879
145,74	-0,8787879
145,79	-0,8787879
145,82	-0,8787879
145,87	-0,8787879
145,9	-0,8787879
145,92	-0,8787879
145,96	-0,8787879
146,01	-0,8787879
146,03	-0,8787879
146,09	-0,8787879
146,15	-0,8787879
146,2	-0,8787879
146,22	-0,8787879
146,26	-0,8787879
146,29	-0,8787879
146,33	-0,8787879
146,35	-0,8787879
146,4	-0,8787879
146,42	-0,8787879
146,47	-0,8787879
146,5	-0,8787879
146,54	-0,8787879
146,58	-0,8787879
146,64	-0,8787879
146,66	-0,8787879
146,69	-0,8787879
146,7	-0,8787879
146,74	-0,8787879
146,77	-0,8787879
146,82	-0,8787879
146,84	-0,8787879
146,89	-0,8787879
146,91	-0,8787879
146,94	-0,8787879
146,96	-0,8787879
146,99	-0,8787879
147,01	-0,8787879
147,03	-0,8787879
147,05	-0,8787879
147,1	-0,8787879
147,12	-0,8787879
147,13	-0,8787879
147,15	-0,8787879
147,18	-0,8787879
147,22	-0,8787879
147,28	-0,8787879
147,34	-0,8787879
147,38	-0,8787879
147,41	-0,8787879
147,45	-0,8787879
147,48	-0,8787879
147,53	-0,8787879
147,58	-0,8787879
147,64	-0,8787879
147,69	-0,8787879
147,73	-0,8787879
147,78	-0,8787879
147,8	-0,8787879
147,85	-0,8787879
147,87	-0,8787879
147,94	-0,8787879
147,98	-0,8787879
148,01	-0,8787879
148,09	-0,8787879
148,14	-0,8787879
148,17	-0,8787879
148,22	-0,8787879
148,24	-0,8787879
148,29	-0,8787879
148,32	-0,8787879
148,4	-0,8787879
148,44	-0,8787879
148,47	-0,8787879
148,52	-0,8787879
148,55	-0,8787879
148,59	-0,8787879
148,61	-0,8787879
148,65	-0,8787879
148,67	-0,8787879
148,69	-0,8787879
148,74	-0,8787879
148,77	-0,8787879
148,81	-0,8787879
148,83	-0,8787879
148,88	-0,8787879
148,91	-0,8787879
148,96	-0,8787879
148,99	-0,8787879
149,03	-0,8787879
149,05	-0,8787879
149,1	-0,8787879
149,12	-0,8787879
149,17	-0,8787879
149,2	-0,8787879
149,24	-0,8787879
149,26	-0,8787879
149,31	-0,8787879
149,33	-0,8787879
149,37	-0,8787879
149,39	-0,8787879
149,44	-0,8787879
149,46	-0,8787879
149,5	-0,8787879
149,52	-0,8787879
149,57	-0,8787879
149,59	-0,8787879
149,64	-0,8787879
149,66	-0,8787879
149,73	-0,8787879
149,78	-0,8787879
149,81	-0,8787879
149,84	-0,8787879
149,87	-0,8787879
149,91	-0,8787879
149,93	-0,8787879
149,97	-0,8787879
149,99	-0,8787879
150,03	-0,8787879
150,06	-0,8787879
150,07	-0,8787879
150,1	-0,8787879
150,12	-0,8787879
150,16	-0,8787879
150,19	-0,8787879
150,25	-0,8787879
150,3	-0,8787879
150,33	-0,8787879
150,39	-0,8787879
150,44	-0,8787879
150,48	-0,8787879
150,52	-0,8787879
150,53	-0,8787879
150,56	-0,8787879
150,62	-0,8787879
150,67	-0,8787879
150,7	-0,8787879
150,75	-0,8787879
150,77	-0,8787879
150,82	-0,8787879
150,84	-0,8787879
150,85	-0,8787879
150,87	-0,8787879
150,92	-0,8787879
150,97	-0,8787879
151	-0,8787879
151,05	-0,8787879
151,06	-0,8787879
151,09	-0,8787879
151,11	-0,8787879
151,13	-0,8787879
151,18	-0,8787879
151,22	-0,8787879
151,25	-0,8787879
151,29	-0,8787879
151,32	-0,8787879
151,36	-0,8787879
151,37	-0,8787879
151,38	-0,8787879
151,44	-0,8787879
151,46	-0,8787879
151,48	-0,8787879
151,49	-0,8787879
151,52	-0,8787879
151,58	-0,8787879
151,63	-0,8787879
151,65	-0,8787879
151,72	-0,8787879
151,78	-0,8787879
151,84	-0,8787879
151,89	-0,8787879
151,91	-0,8787879
151,97	-0,8787879
152,03	-0,8787879
152,08	-0,8787879
152,1	-0,8787879
152,17	-0,8787879
152,23	-0,8787879
152,29	-0,8787879
152,34	-0,8787879
152,37	-0,8787879
152,44	-0,8787879
152,5	-0,8787879
152,54	-0,8787879
152,57	-0,8787879
152,62	-0,8787879
152,64	-0,8787879
152,69	-0,8787879
152,72	-0,8787879
152,74	-0,8787879
152,75	-0,8787879
152,76	-0,8787879
152,77	-0,8787879
152,79	-0,8787879
152,8	-0,8787879
152,81	-0,8787879
152,83	-0,8787879
152,84	-0,8787879
152,85	-0,8787879
152,86	-0,8787879
152,88	-0,8787879
152,9	-0,8787879
152,92	-0,8787879
152,97	-0,8787879
152,99	-0,8787879
153,03	-0,8787879
153,06	-0,8787879
153,1	-0,8787879
153,13	-0,8787879
153,19	-0,8787879
153,23	-0,8787879
153,26	-0,8787879
153,32	-0,8787879
153,37	-0,8787879
153,4	-0,8787879
153,44	-0,8787879
153,46	-0,8787879
153,5	-0,8787879
153,53	-0,8787879
153,63	-0,8787879
153,72	-0,8787879
153,79	-0,8787879
153,83	-0,8787879
153,85	-0,8787879
153,89	-0,8787879
153,9	-0,8787879
153,92	-0,8787879
153,93	-0,8787879
153,95	-0,8787879
153,97	-0,8787879
154,03	-0,8787879
154,09	-0,8787879
154,13	-0,8787879
154,16	-0,8787879
154,21	-0,8787879
154,23	-0,8787879
154,29	-0,8787879
154,33	-0,8787879
154,36	-0,8787879
154,4	-0,8787879
154,43	-0,8787879
154,47	-0,8787879
154,49	-0,8787879
154,53	-0,8787879
154,58	-0,8787879
154,62	-0,8787879
154,66	-0,8787879
154,7	-0,8787879
154,72	-0,8787879
154,77	-0,8787879
154,79	-0,8787879
154,84	-0,8787879
154,87	-0,8787879
154,89	-0,8787879
154,9	-0,8787879
154,92	-0,8787879
154,94	-0,8787879
154,97	-0,8787879
154,99	-0,8787879
155	-0,8787879
155,02	-0,8787879
155,04	-0,8787879
155,07	-0,8787879
155,11	-0,8787879
155,13	-0,8787879
155,18	-0,8787879
155,2	-0,8787879
155,23	-0,8787879
155,25	-0,8787879
155,28	-0,8787879
155,32	-0,8787879
155,34	-0,8787879
155,38	-0,8787879
155,4	-0,8787879
155,44	-0,8787879
155,45	-0,8787879
155,46	-0,8787879
155,47	-0,8787879
155,48	-0,8787879
155,49	-0,8787879
155,5	-0,8787879
155,51	-0,8787879
155,54	-0,8787879
155,6	-0,8787879
155,61	-0,8787879
155,62	-0,8787879
155,63	-0,8787879
155,64	-0,8787879
155,68	-0,8787879
155,73	-0,8787879
155,75	-0,8787879
155,81	-0,8787879
155,85	-0,8787879
155,87	-0,8787879
155,88	-0,8787879
155,91	-0,8787879
155,93	-0,8787879
155,94	-0,8787879
155,95	-0,8787879
155,97	-0,8787879
156	-0,8787879
156,04	-0,8787879
156,1	-0,8787879
156,14	-0,8787879
156,15	-0,8787879
156,16	-0,8787879
156,2	-0,8787879
156,22	-0,8787879
156,24	-0,8787879
156,26	-0,8787879
156,27	-0,8787879
156,29	-0,8787879
156,33	-0,8787879
156,35	-0,8787879
156,38	-0,8787879
156,39	-0,8787879
156,41	-0,8787879
156,43	-0,8787879
156,44	-0,8787879
156,45	-0,8787879
156,46	-0,8787879
156,47	-0,8787879
156,49	-0,8787879
156,51	-0,8787879
156,54	-0,8787879
156,55	-0,8787879
156,56	-0,8787879
156,58	-0,8787879
156,62	-0,8787879
156,66	-0,8787879
156,69	-0,8787879
156,76	-0,8787879
156,81	-0,8787879
156,83	-0,8787879
156,84	-0,8787879
156,87	-0,8787879
156,89	-0,8787879
156,94	-0,8787879
156,95	-0,8787879
156,96	-0,8787879
156,97	-0,8787879
156,98	-0,8787879
156,99	-0,8787879
157,01	-0,8787879
157,06	-0,8787879
157,1	-0,8787879
157,13	-0,8787879
157,14	-0,8787879
157,17	-0,8787879
157,22	-0,8787879
157,25	-0,8787879
157,26	-0,8787879
157,29	-0,8787879
157,31	-0,8787879
157,33	-0,8787879
157,34	-0,8787879
157,35	-0,8787879
157,36	-0,8787879
157,37	-0,8787879
157,41	-0,8787879
157,45	-0,8787879
157,49	-0,8787879
157,52	-0,8787879
157,58	-0,8787879
157,63	-0,8787879
157,65	-0,8787879
157,66	-0,8787879
157,67	-0,8787879
157,69	-0,8787879
157,71	-0,8787879
157,76	-0,8787879
157,78	-0,8787879
157,83	-0,8787879
157,84	-0,8787879
157,86	-0,8787879
157,88	-0,8787879
157,9	-0,8787879
157,92	-0,8787879
157,93	-0,8787879
157,94	-0,8787879
157,95	-0,8787879
157,96	-0,8787879
157,97	-0,8787879
157,99	-0,8787879
158	-0,8787879
158,01	-0,8787879
158,02	-0,8787879
158,06	-0,8787879
158,09	-0,8787879
158,13	-0,8787879
158,16	-0,8787879
158,23	-0,8787879
158,27	-0,8787879
158,29	-0,8787879
158,3	-0,8787879
158,32	-0,8787879
158,34	-0,8787879
158,36	-0,8787879
158,41	-0,8787879
158,43	-0,8787879
158,48	-0,8787879
158,5	-0,8787879
158,61	-0,8787879
158,66	-0,8787879
158,71	-0,8787879
158,75	-0,8787879
158,76	-0,8787879
158,77	-0,8787879
158,81	-0,8787879
158,83	-0,8787879
158,84	-0,8787879
158,85	-0,8787879
158,86	-0,8787879
158,87	-0,8787879
158,9	-0,8787879
158,95	-0,8787879
158,97	-0,8787879
159,03	-0,8787879
159,07	-0,8787879
159,08	-0,8787879
159,11	-0,8787879
159,13	-0,8787879
159,15	-0,8787879
159,17	-0,8787879
159,19	-0,8787879
159,21	-0,8787879
159,25	-0,8787879
159,26	-0,8787879
159,29	-0,8787879
159,3	-0,8787879
159,31	-0,8787879
159,32	-0,8787879
159,35	-0,8787879
159,37	-0,8787879
159,4	-0,8787879
159,41	-0,8787879
159,42	-0,8787879
159,43	-0,8787879
159,44	-0,8787879
159,45	-0,8787879
159,48	-0,8787879
159,52	-0,8787879
159,56	-0,8787879
159,61	-0,8787879
159,63	-0,8787879
159,68	-0,8787879
159,7	-0,8787879
159,75	-0,8787879
159,78	-0,8787879
159,82	-0,8787879
159,84	-0,8787879
159,86	-0,8787879
159,88	-0,8787879
159,9	-0,8787879
159,95	-0,8787879
159,97	-0,8787879
160,02	-0,8787879
160,05	-0,8787879
160,09	-0,8787879
160,12	-0,8787879
160,16	-0,8787879
160,18	-0,8787879
160,23	-0,8787879
160,25	-0,8787879
160,31	-0,8787879
160,36	-0,8787879
160,38	-0,8787879
160,42	-0,8787879
160,44	-0,8787879
160,49	-0,8787879
160,51	-0,8787879
160,56	-0,8787879
160,59	-0,8787879
160,63	-0,8787879
160,65	-0,8787879
160,7	-0,8787879
160,72	-0,8787879
160,77	-0,8787879
160,79	-0,8787879
160,84	-0,8787879
160,86	-0,8787879
160,91	-0,8787879
160,93	-0,8787879
160,97	-0,8787879
160,99	-0,8787879
161,04	-0,8787879
161,06	-0,8787879
161,1	-0,8787879
161,12	-0,8787879
161,13	-0,8787879
161,14	-0,8787879
161,15	-0,8787879
161,18	-0,8787879
161,22	-0,8787879
161,24	-0,8787879
161,28	-0,8787879
161,31	-0,8787879
161,36	-0,8787879
161,39	-0,8787879
161,44	-0,8787879
161,46	-0,8787879
161,51	-0,8787879
161,55	-0,8787879
161,59	-0,8787879
161,61	-0,8787879
161,66	-0,8787879
161,68	-0,8787879
161,72	-0,8787879
161,74	-0,8787879
161,81	-0,8787879
161,86	-0,8787879
161,89	-0,8787879
161,94	-0,8787879
161,96	-0,8787879
162,01	-0,8787879
162,04	-0,8787879
162,08	-0,8787879
162,11	-0,8787879
162,15	-0,8787879
162,18	-0,8787879
162,22	-0,8787879
162,25	-0,8787879
162,28	-0,8787879
162,3	-0,8787879
162,32	-0,8787879
162,36	-0,8787879
162,39	-0,8787879
162,43	-0,8787879
162,45	-0,8787879
162,49	-0,8787879
162,52	-0,8787879
162,57	-0,8787879
162,61	-0,8787879
162,65	-0,8787879
162,68	-0,8787879
162,72	-0,8787879
162,75	-0,8787879
162,79	-0,8787879
162,83	-0,8787879
162,87	-0,8787879
162,89	-0,8787879
162,93	-0,8787879
162,97	-0,8787879
162,99	-0,8787879
163,03	-0,8787879
163,06	-0,8787879
163,1	-0,8787879
163,13	-0,8787879
163,18	-0,8787879
163,19	-0,8787879
163,23	-0,8787879
163,26	-0,8787879
163,31	-0,8787879
163,34	-0,8787879
163,4	-0,8787879
163,45	-0,8787879
163,47	-0,8787879
163,51	-0,8787879
163,54	-0,8787879
163,6	-0,8787879
163,64	-0,8787879
163,66	-0,8787879
163,71	-0,8787879
163,74	-0,8787879
163,87	-0,8787879
163,89	-0,8787879
163,91	-0,8787879
163,93	-0,8787879
163,97	-0,8787879
163,99	-0,8787879
164,04	-0,8787879
164,07	-0,8787879
164,13	-0,8787879
164,17	-0,8787879
164,19	-0,8787879
164,23	-0,8787879
164,25	-0,8787879
164,3	-0,8787879
164,32	-0,8787879
164,37	-0,8787879
164,4	-0,8787879
164,44	-0,8787879
164,47	-0,8787879
164,51	-0,8787879
164,54	-0,8787879
164,59	-0,8787879
164,62	-0,8787879
164,66	-0,8787879
164,69	-0,8787879
164,75	-0,8787879
164,79	-0,8787879
164,82	-0,8787879
164,87	-0,8787879
164,89	-0,8787879
164,94	-0,8787879
164,96	-0,8787879
165,01	-0,8787879
165,04	-0,8787879
165,09	-0,8787879
165,12	-0,8787879
165,16	-0,8787879
165,19	-0,8787879
165,24	-0,8787879
165,27	-0,8787879
165,31	-0,8787879
165,34	-0,8787879
165,39	-0,8787879
165,41	-0,8787879
165,45	-0,8787879
165,47	-0,8787879
165,52	-0,8787879
165,55	-0,8787879
165,6	-0,8787879
165,65	-0,8787879
165,67	-0,8787879
165,72	-0,8787879
165,74	-0,8787879
165,79	-0,8787879
165,81	-0,8787879
165,86	-0,8787879
165,89	-0,8787879
165,93	-0,8787879
165,96	-0,8787879
166	-0,8787879
166,03	-0,8787879
166,08	-0,8787879
166,1	-0,8787879
166,16	-0,8787879
166,21	-0,8787879
166,24	-0,8787879
166,3	-0,8787879
166,34	-0,8787879
166,37	-0,8787879
166,43	-0,8787879
166,49	-0,8787879
166,53	-0,8787879
166,57	-0,8787879
166,64	-0,8787879
166,69	-0,8787879
166,72	-0,8787879
166,74	-0,8787879
166,77	-0,8787879
166,79	-0,8787879
166,83	-0,8787879
166,86	-0,8787879
166,9	-0,8787879
166,92	-0,8787879
166,96	-0,8787879
166,99	-0,8787879
167,04	-0,8787879
167,05	-0,8787879
167,09	-0,8787879
167,11	-0,8787879
167,16	-0,8787879
167,18	-0,8787879
167,22	-0,8787879
167,25	-0,8787879
167,29	-0,8787879
167,32	-0,8787879
167,37	-0,8787879
167,39	-0,8787879
167,44	-0,8787879
167,47	-0,8787879
167,51	-0,8787879
167,54	-0,8787879
167,59	-0,8787879
167,61	-0,8787879
167,64	-0,8787879
167,67	-0,8787879
167,72	-0,8787879
167,75	-0,8787879
167,82	-0,8787879
167,87	-0,8787879
167,89	-0,8787879
167,94	-0,8787879
167,98	-0,8787879
168,03	-0,8787879
168,06	-0,8787879
168,1	-0,8787879
168,12	-0,8787879
168,17	-0,8787879
168,19	-0,8787879
168,22	-0,8787879
168,25	-0,8787879
168,29	-0,8787879
168,31	-0,8787879
168,33	-0,8787879
168,36	-0,8787879
168,38	-0,8787879
168,42	-0,8787879
168,45	-0,8787879
168,49	-0,8787879
168,52	-0,8787879
168,57	-0,8787879
168,59	-0,8787879
168,62	-0,8787879
168,63	-0,8787879
168,65	-0,8787879
168,7	-0,8787879
168,72	-0,8787879
168,77	-0,8787879
168,79	-0,8787879
168,84	-0,8787879
168,86	-0,8787879
168,91	-0,8787879
168,93	-0,8787879
168,97	-0,8787879
168,99	-0,8787879
169,03	-0,8787879
169,08	-0,8787879
169,13	-0,8787879
169,18	-0,8787879
169,21	-0,8787879
169,29	-0,8787879
169,33	-0,8787879
169,35	-0,8787879
169,38	-0,8787879
169,4	-0,8787879
169,42	-0,8787879
169,46	-0,8787879
169,48	-0,8787879
169,53	-0,8787879
169,56	-0,8787879
169,59	-0,8787879
169,6	-0,8787879
169,62	-0,8787879
169,66	-0,8787879
169,68	-0,8787879
169,73	-0,8787879
169,75	-0,8787879
169,79	-0,8787879
169,82	-0,8787879
169,87	-0,8787879
169,9	-0,8787879
169,95	-0,8787879
169,97	-0,8787879
170,01	-0,8787879
170,03	-0,8787879
170,08	-0,8787879
170,11	-0,8787879
170,15	-0,8787879
170,18	-0,8787879
170,22	-0,8787879
170,24	-0,8787879
170,29	-0,8787879
170,31	-0,8787879
170,35	-0,8787879
170,39	-0,8787879
170,45	-0,8787879
170,5	-0,8787879
170,52	-0,8787879
170,58	-0,8787879
170,61	-0,8787879
170,62	-0,8787879
170,63	-0,8787879
170,65	-0,8787879
170,68	-0,8787879
170,7	-0,8787879
170,74	-0,8787879
170,76	-0,8787879
170,79	-0,8787879
170,8	-0,8787879
170,81	-0,8787879
170,82	-0,8787879
170,86	-0,8787879
170,88	-0,8787879
170,89	-0,8787879
170,92	-0,8787879
170,93	-0,8787879
170,94	-0,8787879
170,96	-0,8787879
170,97	-0,8787879
170,99	-0,8787879
171,02	-0,8787879
171,04	-0,8787879
171,07	-0,8787879
171,08	-0,8787879
171,09	-0,8787879
171,1	-0,8787879
171,11	-0,8787879
171,12	-0,8787879
171,13	-0,8787879
171,14	-0,8787879
171,19	-0,8787879
171,22	-0,8787879
171,24	-0,8787879
171,26	-0,8787879
171,28	-0,8787879
171,29	-0,8787879
171,32	-0,8787879
171,34	-0,8787879
171,4	-0,8787879
171,42	-0,8787879
171,43	-0,8787879
171,44	-0,8787879
171,46	-0,8787879
171,5	-0,8787879
171,52	-0,8787879
171,54	-0,8787879
171,55	-0,8787879
171,56	-0,8787879
171,57	-0,8787879
171,61	-0,8787879
171,62	-0,8787879
171,63	-0,8787879
171,66	-0,8787879
171,68	-0,8787879
171,7	-0,8787879
171,73	-0,8787879
171,74	-0,8787879
171,77	-0,8787879
171,81	-0,8787879
171,82	-0,8787879
171,83	-0,8787879
171,87	-0,8787879
171,91	-0,8787879
171,94	-0,8787879
171,96	-0,8787879
171,97	-0,8787879
171,98	-0,8787879
171,99	-0,8787879
172,01	-0,8787879
172,03	-0,8787879
172,08	-0,8787879
172,1	-0,8787879
172,12	-0,8787879
172,13	-0,8787879
172,14	-0,8787879
172,16	-0,8787879
172,17	-0,8787879
172,19	-0,8787879
172,21	-0,8787879
172,25	-0,8787879
172,26	-0,8787879
172,27	-0,8787879
172,29	-0,8787879
172,3	-0,8787879
172,31	-0,8787879
172,32	-0,8787879
172,37	-0,8787879
172,38	-0,8787879
172,42	-0,8787879
172,43	-0,8787879
172,44	-0,8787879
172,46	-0,8787879
172,47	-0,8787879
172,48	-0,8787879
172,49	-0,8787879
172,5	-0,8787879
172,51	-0,8787879
172,54	-0,8787879
172,57	-0,8787879
172,58	-0,8787879
172,59	-0,8787879
172,6	-0,8787879
172,62	-0,8787879
172,64	-0,8787879
172,65	-0,8787879
172,67	-0,8787879
172,69	-0,8787879
172,71	-0,8787879
172,75	-0,8787879
172,77	-0,8787879
172,8	-0,8787879
172,81	-0,8787879
172,82	-0,8787879
172,85	-0,8787879
172,91	-0,8787879
172,93	-0,8787879
172,94	-0,8787879
172,95	-0,8787879
172,96	-0,8787879
