02/06/2014 15:42:16
id1
C:\Users\Annotations\Desktop\Annotation\Test_Data\G2\Islands.mp4
C:\Users\Annotations\Desktop\Annotation\Trace2011\Ratings\valence.jpg
Valence
-1,1
255,0,0	0,255,0	125,125,125
0
0,02	-0,0030303
0,04	-0,0030303
0,07	-0,0030303
0,08	-0,0030303
0,11	-0,0030303
0,14	-0,0030303
0,16	-0,0030303
0,19	-0,0030303
0,22	-0,0030303
0,25	-0,0030303
0,28	-0,0030303
0,3	-0,0030303
0,34	-0,0030303
0,36	-0,0030303
0,38	-0,0030303
0,41	-0,0030303
0,44	-0,0030303
0,47	-0,0030303
0,49	-0,0030303
0,53	-0,0030303
0,56	-0,0030303
0,61	-0,0030303
0,63	-0,0030303
0,67	-0,0030303
0,69	-0,0030303
0,74	-0,0030303
0,77	-0,0030303
0,81	-0,0030303
0,83	-0,0030303
0,87	-0,0030303
0,89	-0,0030303
0,93	-0,0030303
0,95	-0,0030303
0,99	-0,0030303
1,01	-0,0030303
1,05	-0,0030303
1,08	-0,0030303
1,12	-0,0030303
1,14	-0,0030303
1,19	-0,0030303
1,2	-0,0030303
1,22	-0,0030303
1,27	-0,0030303
1,3	-0,0030303
1,34	-0,0030303
1,38	-0,0030303
1,42	-0,0030303
1,43	-0,0030303
1,46	-0,0030303
1,49	-0,0030303
1,51	-0,0030303
1,55	-0,0030303
1,57	-0,0030303
1,61	-0,0030303
1,63	-0,0030303
1,67	-0,0030303
1,69	-0,0030303
1,74	-0,0030303
1,75	-0,0030303
1,79	-0,0030303
1,81	-0,0030303
1,86	-0,0030303
1,88	-0,0030303
1,92	-0,0030303
1,94	-0,0030303
1,98	-0,0030303
2	-0,0030303
2,05	-0,0030303
2,07	-0,0030303
2,11	-0,0030303
2,14	-0,0030303
2,18	-0,0030303
2,2	-0,0030303
2,25	-0,0030303
2,27	-0,0030303
2,31	-0,0030303
2,33	-0,0030303
2,38	-0,0030303
2,4	-0,0030303
2,45	-0,0030303
2,47	-0,0030303
2,51	-0,0030303
2,53	-0,0030303
2,57	-0,0030303
2,6	-0,0030303
2,64	-0,0030303
2,66	-0,0030303
2,7	-0,0030303
2,72	-0,0030303
2,76	-0,0030303
2,79	-0,0030303
2,83	-0,0030303
2,85	-0,0030303
2,89	-0,0030303
2,91	-0,0030303
2,96	-0,0030303
2,98	-0,0030303
3,04	-0,0030303
3,08	-0,0030303
3,13	-0,0030303
3,18	-0,0030303
3,21	-0,0030303
3,26	-0,0030303
3,29	-0,0030303
3,33	-0,0030303
3,35	-0,0030303
3,39	-0,0030303
3,41	-0,0030303
3,46	-0,0030303
3,48	-0,0030303
3,52	-0,0030303
3,56	-0,0030303
3,6	-0,0030303
3,62	-0,0030303
3,66	-0,0030303
3,68	-0,0030303
3,72	-0,0030303
3,74	-0,0030303
3,78	-0,0030303
3,81	-0,0030303
3,85	-0,0030303
3,87	-0,0030303
3,91	-0,0030303
3,93	-0,0030303
3,98	-0,0030303
4,01	-0,0030303
4,06	-0,0030303
4,08	-0,0030303
4,12	-0,0030303
4,15	-0,0030303
4,19	-0,0030303
4,21	-0,0030303
4,24	-0,0030303
4,27	-0,0030303
4,29	-0,0030303
4,33	-0,0030303
4,36	-0,0030303
4,41	-0,0030303
4,43	-0,0030303
4,47	-0,0030303
4,49	-0,0030303
4,53	-0,0030303
4,56	-0,0030303
4,61	-0,0030303
4,63	-0,0030303
4,67	-0,0030303
4,69	-0,0030303
4,74	-0,0030303
4,77	-0,0030303
4,82	-0,0030303
4,85	-0,0030303
4,91	-0,0030303
4,96	-0,0030303
4,98	-0,0030303
5,03	-0,0030303
5,05	-0,0030303
5,1	-0,0030303
5,12	-0,0030303
5,17	-0,0030303
5,19	-0,0030303
5,23	-0,0030303
5,25	-0,0030303
5,29	-0,0030303
5,3	-0,0030303
5,32	-0,0030303
5,33	-0,0030303
5,34	-0,0030303
5,35	-0,0030303
5,37	-0,0030303
5,39	-0,0030303
5,42	-0,0030303
5,43	-0,0030303
5,45	-0,0030303
5,49	-0,0030303
5,51	-0,0030303
5,54	-0,0030303
5,56	-0,0030303
5,57	-0,0030303
5,6	-0,0030303
5,61	-0,0030303
5,63	-0,0030303
5,65	-0,0030303
5,7	-0,0030303
5,72	-0,0030303
5,77	-0,0030303
5,8	-0,0030303
5,84	-0,0030303
5,86	-0,0030303
5,91	-0,0030303
5,93	-0,0030303
5,97	-0,0030303
6	-0,0030303
6,04	-0,0030303
6,06	-0,0030303
6,11	-0,0030303
6,13	-0,0030303
6,18	-0,0030303
6,2	-0,0030303
6,24	-0,0030303
6,26	-0,0030303
6,3	-0,0030303
6,32	-0,0030303
6,37	-0,0030303
6,39	-0,0030303
6,44	-0,0030303
6,46	-0,0030303
6,5	-0,0030303
6,53	-0,0030303
6,57	-0,0030303
6,6	-0,0030303
6,64	-0,0030303
6,66	-0,0030303
6,7	-0,0030303
6,78	-0,0030303
6,82	-0,0030303
6,85	-0,0030303
6,88	-0,0030303
6,9	-0,0030303
6,94	-0,0030303
6,97	-0,0030303
7,01	-0,0030303
7,03	-0,0030303
7,07	-0,0030303
7,1	-0,0030303
7,14	-0,0030303
7,16	-0,0030303
7,2	-0,0030303
7,23	-0,0030303
7,27	-0,0030303
7,29	-0,0030303
7,33	-0,0030303
7,35	-0,0030303
7,4	-0,0030303
7,42	-0,0030303
7,48	-0,0030303
7,53	-0,0030303
7,55	-0,0030303
7,58	-0,0030303
7,59	-0,0030303
7,61	-0,0030303
7,63	-0,0030303
7,65	-0,0030303
7,67	-0,0030303
7,7	-0,0030303
7,72	-0,0030303
7,74	-0,0030303
7,78	-0,0030303
7,8	-0,0030303
7,84	-0,0030303
7,86	-0,0030303
7,88	-0,0030303
7,9	-0,0030303
7,92	-0,0030303
7,94	-0,0030303
7,96	-0,0030303
7,97	-0,0030303
7,98	-0,0030303
8,02	-0,0030303
8,05	-0,0030303
8,09	-0,0030303
8,11	-0,0030303
8,15	-0,0030303
8,17	-0,0030303
8,2	-0,0030303
8,22	-0,0030303
8,24	-0,0030303
8,27	-0,0030303
8,31	-0,0030303
8,34	-0,0030303
8,36	-0,0030303
8,41	-0,0030303
8,43	-0,0030303
8,48	-0,0030303
8,49	-0,0030303
8,54	-0,0030303
8,57	-0,0030303
8,62	-0,0030303
8,64	-0,0030303
8,68	-0,0030303
8,69	-0,0030303
8,7	-0,0030303
8,71	-0,0030303
8,74	-0,0030303
8,76	-0,0030303
8,81	-0,0030303
8,83	-0,0030303
8,86	-0,0030303
8,87	-0,0030303
8,88	-0,0030303
8,91	-0,0030303
8,95	-0,0030303
8,97	-0,0030303
9,01	-0,0030303
9,03	-0,0030303
9,08	-0,0030303
9,1	-0,0030303
9,14	-0,0030303
9,17	-0,0030303
9,21	-0,0030303
9,23	-0,0030303
9,27	-0,0030303
9,3	-0,0030303
9,34	-0,0030303
9,36	-0,0030303
9,4	-0,0030303
9,42	-0,0030303
9,47	-0,0030303
9,51	-0,0030303
9,56	-0,0030303
9,58	-0,0030303
9,62	-0,0030303
9,64	-0,0030303
9,66	-0,0030303
9,68	-0,0030303
9,7	-0,0030303
9,72	-0,0030303
9,77	-0,0030303
9,79	-0,0030303
9,85	-0,0030303
9,89	-0,0030303
9,91	-0,0030303
9,96	-0,0030303
9,98	-0,0030303
10,02	-0,0030303
10,03	-0,0030303
10,06	-0,0030303
10,1	-0,0030303
10,13	-0,0030303
10,17	-0,0030303
10,19	-0,0030303
10,23	-0,0030303
10,26	-0,0030303
10,3	-0,0030303
10,32	-0,0030303
10,36	-0,0030303
10,38	-0,0030303
10,43	-0,0030303
10,45	-0,0030303
10,49	-0,0030303
10,52	-0,0030303
10,58	-0,0030303
10,62	-0,0030303
10,64	-0,0030303
10,68	-0,0030303
10,69	-0,0030303
10,71	-0,0030303
10,75	-0,0030303
10,77	-0,0030303
10,82	-0,0030303
10,84	-0,0030303
10,88	-0,0030303
10,92	-0,0030303
10,97	-0,0030303
11	-0,0030303
11,03	-0,0030303
11,07	-0,0030303
11,09	-0,0030303
11,13	-0,0030303
11,15	-0,0030303
11,16	-0,0030303
11,19	-0,0030303
11,22	-0,0030303
11,24	-0,0030303
11,25	-0,0030303
11,27	-0,0030303
11,29	-0,0030303
11,33	-0,0030303
11,35	-0,0030303
11,39	-0,0030303
11,41	-0,0030303
11,45	-0,0030303
11,46	-0,0030303
11,49	-0,0030303
11,51	-0,0030303
11,54	-0,0030303
11,59	-0,0030303
11,6	-0,0030303
11,65	-0,0030303
11,67	-0,0030303
11,69	-0,0030303
11,71	-0,0030303
11,73	-0,0030303
11,76	-0,0030303
11,81	-0,0030303
11,85	-0,0030303
11,88	-0,0030303
11,93	-0,0030303
11,95	-0,0030303
11,99	-0,0030303
12,01	-0,0030303
12,05	-0,0030303
12,07	-0,0030303
12,11	-0,0030303
12,14	-0,0030303
12,18	-0,0030303
12,19	-0,0030303
12,24	-0,0030303
12,26	-0,0030303
12,3	-0,0030303
12,32	-0,0030303
12,36	-0,0030303
12,38	-0,0030303
12,42	-0,0030303
12,44	-0,0030303
12,48	-0,0030303
12,49	-0,0030303
12,5	-0,0030303
12,51	-0,0030303
12,55	-0,0030303
12,58	-0,0030303
12,62	-0,0030303
12,64	-0,0030303
12,66	-0,0030303
12,7	-0,0030303
12,72	-0,0030303
12,77	-0,0030303
12,79	-0,0030303
12,83	-0,0030303
12,85	-0,0030303
12,89	-0,0030303
12,91	-0,0030303
12,96	-0,0030303
12,97	-0,0030303
13,02	-0,0030303
13,06	-0,0030303
13,08	-0,0030303
13,1	-0,0030303
13,14	-0,0030303
13,17	-0,0030303
13,21	-0,0030303
13,23	-0,0030303
13,27	-0,0030303
13,3	-0,0030303
13,35	-0,0030303
13,37	-0,0030303
13,41	-0,0030303
13,43	-0,0030303
13,46	-0,0030303
13,48	-0,0030303
13,5	-0,0030303
13,54	-0,0030303
13,57	-0,0030303
13,62	-0,0030303
13,64	-0,0030303
13,68	-0,0030303
13,71	-0,0030303
13,76	-0,0030303
13,78	-0,0030303
13,83	-0,0030303
13,85	-0,0030303
13,9	-0,0030303
13,92	-0,0030303
13,98	-0,0030303
14,02	-0,0030303
14,05	-0,0030303
14,09	-0,0030303
14,11	-0,0030303
14,16	-0,0030303
14,18	-0,0030303
14,21	-0,0030303
14,23	-0,0030303
14,25	-0,0030303
14,29	-0,0030303
14,31	-0,0030303
14,36	-0,0030303
14,39	-0,0030303
14,42	-0,0030303
14,47	-0,0030303
14,51	-0,0030303
14,53	-0,0030303
14,57	-0,0030303
14,58	-0,0030303
14,6	-0,0030303
14,64	-0,0030303
14,66	-0,0030303
14,7	-0,0030303
14,72	-0,0030303
14,77	-0,0030303
14,79	-0,0030303
14,83	-0,0030303
14,84	-0,0030303
14,88	-0,0030303
14,89	-0,0030303
14,91	-0,0030303
14,94	-0,0030303
14,96	-0,0030303
14,99	-0,0030303
15,03	-0,0030303
15,05	-0,0030303
15,09	-0,0030303
15,1	-0,0030303
15,14	-0,0030303
15,16	-0,0030303
15,18	-0,0030303
15,2	-0,0030303
15,22	-0,0030303
15,23	-0,0030303
15,26	-0,0030303
15,29	-0,0030303
15,31	-0,0030303
15,34	-0,0030303
15,37	-0,0030303
15,4	-0,0030303
15,42	-0,0030303
15,45	-0,0030303
15,49	-0,0030303
15,51	-0,0030303
15,55	-0,0030303
15,57	-0,0030303
15,62	-0,0030303
15,64	-0,0030303
15,69	-0,0030303
15,71	-0,0030303
15,75	-0,0030303
15,78	-0,0030303
15,81	-0,0030303
15,84	-0,0030303
15,89	-0,0030303
15,91	-0,0030303
15,93	-0,0030303
15,94	-0,0030303
15,96	-0,0030303
15,97	-0,0030303
16	-0,0030303
16,03	-0,0030303
16,05	-0,0030303
16,1	-0,0030303
16,12	-0,0030303
16,17	-0,0030303
16,19	-0,0030303
16,23	-0,0030303
16,24	-0,0030303
16,26	-0,0030303
16,28	-0,0030303
16,3	-0,0030303
16,32	-0,0030303
16,35	-0,0030303
16,37	-0,0030303
16,39	-0,0030303
16,43	-0,0030303
16,45	-0,0030303
16,49	-0,0030303
16,52	-0,0030303
16,56	-0,0030303
16,58	-0,0030303
16,62	-0,0030303
16,63	-0,0030303
16,66	-0,0030303
16,69	-0,0030303
16,71	-0,0030303
16,73	-0,0030303
16,78	-0,0030303
16,8	-0,0030303
16,82	-0,0030303
16,84	-0,0030303
16,87	-0,0030303
16,92	-0,0030303
16,94	-0,0030303
16,99	-0,0030303
17,01	-0,0030303
17,06	-0,0030303
17,08	-0,0030303
17,12	-0,0030303
17,14	-0,0030303
17,18	-0,0030303
17,2	-0,0030303
17,24	-0,0030303
17,26	-0,0030303
17,31	-0,0030303
17,33	-0,0030303
17,38	-0,0030303
17,4	-0,0030303
17,44	-0,0030303
17,46	-0,0030303
17,51	-0,0030303
17,55	-0,0030303
17,56	-0,0030303
17,58	-0,0030303
17,6	-0,0030303
17,62	-0,0030303
17,65	-0,0030303
17,67	-0,0030303
17,69	-0,0030303
17,71	-0,0030303
17,72	-0,0030303
17,74	-0,0030303
17,76	-0,0030303
17,78	-0,0030303
17,81	-0,0030303
17,84	-0,0030303
17,86	-0,0030303
17,87	-0,0030303
17,89	-0,0030303
17,93	-0,0030303
17,96	-0,0030303
17,98	-0,0030303
18,02	-0,0030303
18,06	-0,0030303
18,08	-0,0030303
18,12	-0,0030303
18,15	-0,0030303
18,19	-0,0030303
18,21	-0,0030303
18,25	-0,0030303
18,27	-0,0030303
18,32	-0,0030303
18,34	-0,0030303
18,4	-0,0030303
18,44	-0,0030303
18,47	-0,0030303
18,52	-0,0030303
18,55	-0,0030303
18,59	-0,0030303
18,62	-0,0030303
18,67	-0,0030303
18,68	-0,0030303
18,71	-0,0030303
18,72	-0,0030303
18,73	-0,0030303
18,74	-0,0030303
18,75	-0,0030303
18,76	-0,0030303
18,77	-0,0030303
18,78	-0,0030303
18,79	-0,0030303
18,8	-0,0030303
18,81	-0,0030303
18,82	-0,0030303
18,83	-0,0030303
18,85	-0,0030303
18,87	-0,0030303
18,92	-0,0030303
18,94	-0,0030303
18,98	-0,0030303
19	-0,0030303
19,04	-0,0030303
19,05	-0,0030303
19,06	-0,0030303
19,09	-0,0030303
19,12	-0,0030303
19,16	-0,0030303
19,18	-0,0030303
19,23	-0,0030303
19,25	-0,0030303
19,28	-0,0030303
19,29	-0,0030303
19,3	-0,0030303
19,32	-0,0030303
19,34	-0,0030303
19,36	-0,0030303
19,38	-0,0030303
19,4	-0,0030303
19,41	-0,0030303
19,43	-0,0030303
19,44	-0,0030303
19,47	-0,0030303
19,49	-0,0030303
19,51	-0,0030303
19,54	-0,0030303
19,56	-0,0030303
19,61	-0,0030303
19,63	-0,0030303
19,67	-0,0030303
19,69	-0,0030303
19,73	-0,0030303
19,75	-0,0030303
19,77	-0,0030303
19,79	-0,0030303
19,81	-0,0030303
19,82	-0,0030303
19,85	-0,0030303
19,86	-0,0030303
19,89	-0,0030303
19,93	-0,0030303
19,95	-0,0030303
19,98	-0,0030303
20	-0,0030303
20,02	-0,0030303
20,06	-0,0030303
20,09	-0,0030303
20,13	-0,0030303
20,15	-0,0030303
20,19	-0,0030303
20,21	-0,0030303
20,25	-0,0030303
20,26	-0,0030303
20,28	-0,0030303
20,34	-0,0030303
20,38	-0,0030303
20,4	-0,0030303
20,44	-0,0030303
20,46	-0,0030303
20,5	-0,0030303
20,53	-0,0030303
20,58	-0,0030303
20,6	-0,0030303
20,65	-0,0030303
20,67	-0,0030303
20,72	-0,0030303
20,74	-0,0030303
20,78	-0,0030303
20,8	-0,0030303
20,84	-0,0030303
20,87	-0,0030303
20,9	-0,0030303
20,92	-0,0030303
20,94	-0,0030303
20,95	-0,0030303
20,99	-0,0030303
21,04	-0,0030303
21,06	-0,0030303
21,12	-0,0030303
21,17	-0,0030303
21,19	-0,0030303
21,23	-0,0030303
21,25	-0,0030303
21,27	-0,0030303
21,29	-0,0030303
21,32	-0,0030303
21,38	-0,0030303
21,42	-0,0030303
21,44	-0,0030303
21,48	-0,0030303
21,5	-0,0030303
21,55	-0,0030303
21,58	-0,0030303
21,62	-0,0030303
21,64	-0,0030303
21,7	-0,0030303
21,75	-0,0030303
21,77	-0,0030303
21,82	-0,0030303
21,83	-0,0030303
21,87	-0,0030303
21,88	-0,0030303
21,9	-0,0030303
21,92	-0,0030303
21,95	-0,0030303
21,97	-0,0030303
22,01	-0,0030303
22,04	-0,0030303
22,08	-0,0030303
22,1	-0,0030303
22,15	-0,0030303
22,17	-0,0030303
22,21	-0,0030303
22,22	-0,0030303
22,27	-0,0030303
22,31	-0,0030303
22,33	-0,0030303
22,34	-0,0030303
22,35	-0,0030303
22,37	-0,0030303
22,4	-0,0030303
22,42	-0,0030303
22,43	-0,0030303
22,45	-0,0030303
22,47	-0,0030303
22,49	-0,0030303
22,52	-0,0030303
22,57	-0,0030303
22,59	-0,0030303
22,63	-0,0030303
22,65	-0,0030303
22,7	-0,0030303
22,73	-0,0030303
22,76	-0,0030303
22,77	-0,0030303
22,78	-0,0030303
22,8	-0,0030303
22,84	-0,0030303
22,86	-0,0030303
22,87	-0,0030303
22,88	-0,0030303
22,9	0
22,91	0,0030303
22,93	0,0030303
22,98	0,0090909
23	0,0121212
23,01	0,0121212
23,02	0,0121212
23,03	0,0151515
23,04	0,0151515
23,05	0,0151515
23,06	0,0181818
23,07	0,0181818
23,08	0,0181818
23,11	0,0242424
23,15	0,0242424
23,17	0,0242424
23,21	0,0242424
23,24	0,0242424
23,28	0,0242424
23,29	0,0242424
23,3	0,0272727
23,31	0,0272727
23,32	0,0272727
23,34	0,0363636
23,37	0,0363636
23,41	0,0363636
23,43	0,0363636
23,48	0,0363636
23,5	0,0363636
23,55	0,0363636
23,57	0,0363636
23,62	0,0424242
23,64	0,0515151
23,69	0,06363642
23,71	0,06363642
23,76	0,06363642
23,78	0,06363642
23,82	0,06363642
23,84	0,06363642
23,88	0,06666672
23,89	0,06666672
23,9	0,06969702
23,95	0,07878792
23,97	0,07878792
24	0,09393942
24,03	0,09696972
24,05	0,1060606
24,1	0,1181818
24,13	0,1272727
24,16	0,1333333
24,19	0,1424242
24,24	0,1545454
24,25	0,1575757
24,3	0,1666666
24,32	0,1666666
24,35	0,1666666
24,37	0,1666666
24,4	0,1666666
24,44	0,1666666
24,46	0,1666666
24,51	0,1696969
24,54	0,1696969
24,58	0,1696969
24,6	0,1696969
24,64	0,1696969
24,67	0,1696969
24,71	0,1696969
24,73	0,1696969
24,77	0,1696969
24,79	0,1696969
24,83	0,1696969
24,85	0,1696969
24,89	0,1696969
24,91	0,1696969
24,96	0,1696969
24,98	0,1696969
25,03	0,1848484
25,05	0,1909091
25,1	0,2030303
25,13	0,2090909
25,17	0,2090909
25,19	0,2090909
25,23	0,2090909
25,25	0,2090909
25,3	0,2090909
25,32	0,2090909
25,36	0,2090909
25,38	0,2090909
25,42	0,2090909
25,44	0,2090909
25,49	0,2121212
25,51	0,2212121
25,57	0,2333333
25,61	0,2454545
25,64	0,2484848
25,68	0,2545455
25,7	0,2545455
25,75	0,2545455
25,77	0,2545455
25,82	0,2545455
25,83	0,2575758
25,87	0,2666667
25,89	0,2666667
25,93	0,2666667
25,96	0,2666667
25,99	0,2757576
26,01	0,2818182
26,06	0,2969697
26,09	0,3060606
26,13	0,3090909
26,14	0,3090909
26,15	0,3181819
26,18	0,3212122
26,21	0,3272728
26,25	0,339394
26,26	0,3454546
26,27	0,3454546
26,33	0,3606061
26,36	0,369697
26,39	0,3727273
26,42	0,3818182
26,43	0,3848485
26,44	0,3878788
26,46	0,3909091
26,5	0,4030303
26,53	0,4121212
26,58	0,4242424
26,6	0,4272727
26,7	0,4515152
26,74	0,4606061
26,76	0,4666667
26,79	0,4757576
26,81	0,4757576
26,82	0,4757576
26,87	0,4757576
26,89	0,4757576
26,93	0,4757576
26,95	0,4757576
27	0,4757576
27,02	0,4757576
27,07	0,4757576
27,09	0,4757576
27,14	0,4757576
27,16	0,4757576
27,21	0,4757576
27,23	0,4757576
27,27	0,4757576
27,29	0,4757576
27,34	0,4757576
27,36	0,4757576
27,4	0,4757576
27,42	0,4757576
27,47	0,4757576
27,49	0,4757576
27,52	0,4757576
27,54	0,4757576
27,56	0,4757576
27,59	0,4757576
27,61	0,4757576
27,63	0,4757576
27,67	0,4757576
27,69	0,4757576
27,74	0,4757576
27,77	0,4757576
27,81	0,4757576
27,83	0,4757576
27,86	0,4757576
27,88	0,4757576
27,9	0,4757576
27,95	0,4757576
27,98	0,4757576
28,02	0,4757576
28,04	0,4757576
28,08	0,4757576
28,11	0,4757576
28,15	0,4757576
28,17	0,4757576
28,23	0,4757576
28,27	0,4757576
28,29	0,4757576
28,3	0,4757576
28,32	0,4757576
28,35	0,4757576
28,39	0,4757576
28,43	0,4757576
28,46	0,4757576
28,5	0,4757576
28,55	0,4757576
28,6	0,4757576
28,63	0,4757576
28,67	0,4757576
28,7	0,4757576
28,76	0,4757576
28,79	0,4757576
28,81	0,4757576
28,84	0,4757576
28,88	0,4757576
28,89	0,4757576
28,9	0,4757576
28,94	0,4757576
28,96	0,4757576
29,01	0,4757576
29,03	0,4757576
29,07	0,4757576
29,08	0,4757576
29,11	0,4757576
29,15	0,4757576
29,17	0,4757576
29,23	0,4757576
29,27	0,4757576
29,3	0,4757576
29,33	0,4757576
29,36	0,4757576
29,41	0,4757576
29,44	0,4757576
29,5	0,4757576
29,52	0,4757576
29,55	0,4757576
29,57	0,4757576
29,6	0,4757576
29,62	0,4757576
29,65	0,4757576
29,68	0,4757576
29,71	0,4757576
29,73	0,4757576
29,75	0,4757576
29,8	0,4757576
29,82	0,4757576
29,86	0,4757576
29,88	0,4757576
29,93	0,4757576
29,95	0,4757576
30	0,4757576
30,02	0,4757576
30,06	0,4757576
30,09	0,4757576
30,13	0,4757576
30,15	0,4757576
30,2	0,4757576
30,22	0,4757576
30,27	0,4757576
30,29	0,4757576
30,37	0,4757576
30,42	0,4757576
30,46	0,4757576
30,48	0,4757576
30,52	0,4757576
30,55	0,4757576
30,59	0,4757576
30,62	0,4757576
30,64	0,4757576
30,66	0,4757576
30,67	0,4757576
30,68	0,4757576
30,72	0,4757576
30,74	0,4757576
30,78	0,4757576
30,8	0,4757576
30,85	0,4757576
30,89	0,4757576
30,91	0,4757576
30,92	0,4757576
30,94	0,4757576
30,95	0,4757576
31	0,4757576
31,01	0,4757576
31,05	0,4757576
31,08	0,4757576
31,13	0,4757576
31,15	0,4757576
31,19	0,4757576
31,21	0,4757576
31,26	0,4757576
31,28	0,4757576
31,33	0,4757576
31,36	0,4757576
31,4	0,4757576
31,42	0,4757576
31,47	0,4757576
31,49	0,4757576
31,54	0,4757576
31,56	0,4757576
31,61	0,4757576
31,64	0,4757576
31,68	0,4757576
31,7	0,4757576
31,71	0,4757576
31,73	0,4757576
31,74	0,4757576
31,75	0,4757576
31,76	0,4757576
31,81	0,4757576
31,83	0,4757576
31,85	0,4757576
31,9	0,4757576
31,92	0,4757576
31,93	0,4757576
31,94	0,4757576
31,97	0,4757576
31,99	0,4757576
32,01	0,4757576
32,03	0,4757576
32,07	0,4757576
32,08	0,4757576
32,11	0,4757576
32,14	0,4757576
32,15	0,4757576
32,16	0,4757576
32,18	0,4757576
32,21	0,4757576
32,22	0,4757576
32,25	0,4757576
32,29	0,4757576
32,3	0,4757576
32,31	0,4757576
32,33	0,4757576
32,36	0,4757576
32,37	0,4757576
32,4	0,4757576
32,41	0,4757576
32,43	0,4757576
32,47	0,4757576
32,49	0,4757576
32,54	0,4757576
32,57	0,4757576
32,61	0,4757576
32,64	0,4757576
32,68	0,4757576
32,7	0,4757576
32,75	0,4757576
32,77	0,4757576
32,82	0,4757576
32,85	0,4757576
32,89	0,4757576
32,92	0,4757576
32,96	0,4757576
32,98	0,4757576
33,02	0,4757576
33,03	0,4757576
33,04	0,4757576
33,05	0,4757576
33,06	0,4757576
33,09	0,4757576
33,11	0,4757576
33,16	0,4757576
33,18	0,4757576
33,23	0,4757576
33,25	0,4757576
33,29	0,4757576
33,32	0,4757576
33,37	0,4757576
33,39	0,4757576
33,41	0,4757576
33,43	0,4757576
33,45	0,4757576
33,51	0,4757576
33,54	0,4757576
33,58	0,4757576
33,61	0,4757576
33,65	0,4757576
33,66	0,4757576
33,67	0,4757576
33,71	0,4757576
33,73	0,4757576
33,77	0,4757576
33,78	0,4757576
33,8	0,4757576
33,82	0,4757576
33,85	0,4757576
33,87	0,4757576
33,94	0,4757576
33,99	0,4757576
34,01	0,4757576
34,05	0,4757576
34,06	0,4757576
34,08	0,4757576
34,13	0,4757576
34,15	0,4757576
34,18	0,4757576
34,19	0,4757576
34,2	0,4757576
34,21	0,4757576
34,22	0,4757576
34,23	0,4757576
34,24	0,4757576
34,25	0,4757576
34,26	0,4757576
34,29	0,4757576
34,31	0,4757576
34,33	0,4757576
34,35	0,4757576
34,36	0,4757576
34,37	0,4757576
34,39	0,4757576
34,45	0,4757576
34,49	0,4757576
34,53	0,4757576
34,58	0,4757576
34,61	0,4757576
34,66	0,4757576
34,69	0,4757576
34,73	0,4757576
34,76	0,4757576
34,8	0,4757576
34,82	0,4757576
34,86	0,4757576
34,89	0,4757576
34,93	0,4757576
34,96	0,4757576
35	0,4757576
35,02	0,4757576
35,06	0,4757576
35,09	0,4757576
35,13	0,4757576
35,15	0,4757576
35,19	0,4757576
35,21	0,4757576
35,25	0,4757576
35,32	0,4757576
35,36	0,4757576
35,4	0,4757576
35,42	0,4757576
35,47	0,4757576
35,49	0,4757576
35,53	0,4757576
35,56	0,4757576
35,6	0,4757576
35,62	0,4757576
35,66	0,4757576
35,68	0,4757576
35,73	0,4757576
35,75	0,4757576
35,79	0,4757576
35,82	0,4757576
35,86	0,4757576
35,88	0,4757576
35,93	0,4757576
35,95	0,4757576
35,99	0,4757576
36,02	0,4757576
36,06	0,4757576
36,08	0,4757576
36,11	0,4757576
36,13	0,4757576
36,16	0,4757576
36,22	0,4757576
36,27	0,4757576
36,3	0,4757576
36,35	0,4757576
36,37	0,4757576
36,42	0,4757576
36,44	0,4757576
36,48	0,4757576
36,5	0,4757576
36,54	0,4757576
36,56	0,4757576
36,61	0,4757576
36,63	0,4757576
36,68	0,4757576
36,7	0,4757576
36,74	0,4757576
36,76	0,4757576
36,81	0,4757576
36,83	0,4757576
36,86	0,4757576
36,88	0,4757576
36,9	0,4757576
36,95	0,4757576
36,97	0,4757576
37,01	0,4757576
37,02	0,4757576
37,04	0,4757576
37,08	0,4757576
37,1	0,4757576
37,14	0,4757576
37,16	0,4757576
37,21	0,4757576
37,23	0,4757576
37,29	0,4757576
37,31	0,4757576
37,32	0,4757576
37,34	0,4757576
37,37	0,4757576
37,42	0,4757576
37,45	0,4757576
37,5	0,4757576
37,53	0,4757576
37,57	0,4757576
37,58	0,4757576
37,61	0,4757576
37,63	0,4757576
37,64	0,4757576
37,67	0,4757576
37,71	0,4757576
37,73	0,4757576
37,77	0,4757576
37,79	0,4757576
37,84	0,4757576
37,86	0,4757576
37,9	0,4757576
37,92	0,4757576
37,96	0,4757576
37,98	0,4757576
38,02	0,4757576
38,05	0,4757576
38,09	0,4757576
38,11	0,4757576
38,15	0,4757576
38,17	0,4757576
38,2	0,4757576
38,22	0,4757576
38,25	0,4757576
38,29	0,4757576
38,3	0,4757576
38,31	0,4757576
38,33	0,4757576
38,34	0,4757576
38,35	0,4757576
38,37	0,4757576
38,4	0,4757576
38,41	0,4757576
38,42	0,4757576
38,44	0,4757576
38,49	0,4757576
38,52	0,4757576
38,55	0,4757576
38,57	0,4757576
38,59	0,4757576
38,64	0,4757576
38,67	0,4757576
38,71	0,4757576
38,72	0,4757576
38,74	0,4757576
38,79	0,4757576
38,81	0,4757576
38,85	0,4757576
38,87	0,4757576
38,92	0,4757576
38,94	0,4757576
38,98	0,4757576
39	0,4757576
39,04	0,4757576
39,06	0,4757576
39,11	0,4757576
39,12	0,4757576
39,17	0,4757576
39,19	0,4757576
39,23	0,4757576
39,26	0,4757576
39,3	0,4757576
39,32	0,4757576
39,36	0,4757576
39,38	0,4757576
39,42	0,4757576
39,44	0,4757576
39,48	0,4757576
39,5	0,4757576
39,55	0,4757576
39,57	0,4757576
39,62	0,4757576
39,64	0,4757576
39,68	0,4757576
39,71	0,4757576
39,75	0,4757576
39,77	0,4757576
39,82	0,4757576
39,84	0,4757576
39,88	0,4757576
39,91	0,4757576
39,96	0,4757576
39,98	0,4757576
40,02	0,4757576
40,04	0,4757576
40,05	0,4757576
40,07	0,4757576
40,09	0,4757576
40,11	0,4757576
40,15	0,4757576
40,18	0,4757576
40,22	0,4757576
40,24	0,4757576
40,26	0,4757576
40,27	0,4757576
40,28	0,4757576
40,3	0,4757576
40,34	0,4757576
40,36	0,4757576
40,41	0,4757576
40,43	0,4757576
40,47	0,4757576
40,49	0,4757576
40,54	0,4757576
40,56	0,4757576
40,62	0,4757576
40,66	0,4757576
40,68	0,4757576
40,73	0,4757576
40,74	0,4757576
40,78	0,4757576
40,8	0,4757576
40,84	0,4757576
40,86	0,4757576
40,89	0,4757576
40,91	0,4757576
40,93	0,4757576
40,95	0,4757576
40,97	0,4757576
40,98	0,4757576
41	0,4757576
41,03	0,4757576
41,05	0,4757576
41,07	0,4757576
41,09	0,4757576
41,11	0,4757576
41,13	0,4757576
41,18	0,4757576
41,2	0,4757576
41,24	0,4757576
41,26	0,4757576
41,3	0,4757576
41,32	0,4757576
41,37	0,4757576
41,39	0,4757576
41,44	0,4757576
41,46	0,4757576
41,5	0,4757576
41,53	0,4757576
41,57	0,4757576
41,59	0,4757576
41,64	0,4757576
41,66	0,4757576
41,71	0,4757576
41,73	0,4757576
41,77	0,4757576
41,79	0,4757576
41,83	0,4757576
41,85	0,4757576
41,9	0,4757576
41,92	0,4757576
42	0,4757576
42,05	0,4757576
42,07	0,4757576
42,11	0,4757576
42,13	0,4757576
42,18	0,4757576
42,21	0,4757576
42,25	0,4757576
42,28	0,4757576
42,32	0,4757576
42,34	0,4757576
42,39	0,4757576
42,41	0,4757576
42,45	0,4757576
42,47	0,4757576
42,51	0,4757576
42,54	0,4757576
42,59	0,4757576
42,62	0,4757576
42,66	0,4757576
42,68	0,4757576
42,73	0,4757576
42,75	0,4757576
42,79	0,4757576
42,81	0,4757576
42,86	0,4757576
42,88	0,4757576
42,92	0,4757576
42,94	0,4757576
42,98	0,4757576
43	0,4757576
43,05	0,4757576
43,07	0,4757576
43,11	0,4757576
43,14	0,4757576
43,19	0,4757576
43,21	0,4757576
43,24	0,4757576
43,25	0,4757576
43,26	0,4757576
43,3	0,4757576
43,35	0,4757576
43,38	0,4757576
43,4	0,4757576
43,42	0,4757576
43,44	0,4757576
43,49	0,4757576
43,51	0,4757576
43,56	0,4757576
43,59	0,4757576
43,63	0,4757576
43,66	0,4757576
43,7	0,4757576
43,73	0,4757576
43,78	0,4757576
43,8	0,4757576
43,82	0,4757576
43,85	0,4757576
43,87	0,4757576
43,92	0,4757576
43,94	0,4757576
43,98	0,4757576
44	0,4757576
44,04	0,4757576
44,07	0,4757576
44,11	0,4757576
44,13	0,4757576
44,18	0,4757576
44,2	0,4757576
44,26	0,4757576
44,3	0,4757576
44,32	0,4757576
44,36	0,4757576
44,38	0,4757576
44,42	0,4757576
44,45	0,4757576
44,49	0,4757576
44,51	0,4757576
44,56	0,4757576
44,58	0,4757576
44,63	0,4757576
44,65	0,4757576
44,69	0,4757576
44,71	0,4757576
44,75	0,4757576
44,77	0,4757576
44,82	0,4757576
44,84	0,4757576
44,88	0,4757576
44,91	0,4757576
44,95	0,4757576
44,97	0,4757576
44,98	0,4757576
45,02	0,4757576
45,03	0,4757576
45,05	0,4757576
45,1	0,4757576
45,11	0,4757576
45,14	0,4757576
45,16	0,4757576
45,18	0,4757576
45,22	0,4757576
45,24	0,4757576
45,26	0,4757576
45,28	0,4757576
45,3	0,4757576
45,33	0,4757576
45,35	0,4757576
45,36	0,4757576
45,4	0,4757576
45,42	0,4757576
45,47	0,4757576
45,49	0,4757576
45,54	0,4757576
45,57	0,4757576
45,63	0,4757576
45,67	0,4757576
45,69	0,4757576
45,73	0,4757576
45,75	0,4757576
45,8	0,4757576
45,82	0,4757576
45,86	0,4757576
45,88	0,4757576
45,92	0,4757576
45,94	0,4757576
45,98	0,4757576
46	0,4757576
46,04	0,4757576
46,06	0,4757576
46,1	0,4757576
46,12	0,4757576
46,17	0,4757576
46,19	0,4757576
46,23	0,4757576
46,25	0,4757576
46,29	0,4757576
46,31	0,4757576
46,36	0,4757576
46,38	0,4757576
46,42	0,4757576
46,44	0,4757576
46,49	0,4757576
46,5	0,4757576
46,56	0,4757576
46,61	0,4757576
46,64	0,4757576
46,69	0,4757576
46,71	0,4757576
46,76	0,4757576
46,78	0,4757576
46,83	0,4757576
46,85	0,4757576
46,89	0,4757576
46,92	0,4757576
46,97	0,4757576
47,01	0,4757576
47,03	0,4757576
47,13	0,4757576
47,18	0,4757576
47,2	0,4757576
47,25	0,4757576
47,27	0,4757576
47,3	0,4757576
47,32	0,4757576
47,34	0,4757576
47,38	0,4757576
47,41	0,4757576
47,45	0,4757576
47,46	0,4757576
47,48	0,4757576
47,52	0,4757576
47,55	0,4757576
47,6	0,4757576
47,62	0,4757576
47,67	0,4757576
47,69	0,4757576
47,74	0,4757576
47,76	0,4757576
47,8	0,4757576
47,82	0,4757576
47,87	0,4757576
47,89	0,4757576
47,91	0,4757576
47,92	0,4757576
47,93	0,4757576
47,94	0,4757576
47,98	0,4757576
48	0,4757576
48,01	0,4757576
48,04	0,4757576
48,08	0,4757576
48,11	0,4757576
48,16	0,4757576
48,19	0,4757576
48,24	0,4757576
48,28	0,4757576
48,32	0,4757576
48,33	0,4757576
48,37	0,4757576
48,4	0,4757576
48,44	0,4757576
48,46	0,4757576
48,49	0,4757576
48,5	0,4757576
48,51	0,4757576
48,54	0,4757576
48,56	0,4757576
48,58	0,4757576
48,61	0,4757576
48,65	0,4757576
48,67	0,4757576
48,72	0,4757576
48,73	0,4757576
48,78	0,4757576
48,79	0,4757576
48,81	0,4757576
48,85	0,4757576
48,86	0,4757576
48,87	0,4757576
48,88	0,4757576
48,89	0,4757576
48,9	0,4757576
48,91	0,4757576
48,92	0,4757576
48,93	0,4757576
48,94	0,4757576
48,97	0,4757576
48,99	0,4757576
49,04	0,4757576
49,06	0,4757576
49,12	0,4757576
49,14	0,4757576
49,15	0,4757576
49,16	0,4757576
49,18	0,4757576
49,23	0,4757576
49,24	0,4757576
49,25	0,4757576
49,29	0,4757576
49,3	0,4757576
49,35	0,4757576
49,37	0,4757576
49,41	0,4757576
49,43	0,4757576
49,47	0,4757576
49,49	0,4757576
49,54	0,4757576
49,56	0,4757576
49,62	0,4757576
49,66	0,4757576
49,69	0,4757576
49,73	0,4757576
49,75	0,4757576
49,8	0,4757576
49,82	0,4757576
49,86	0,4757576
49,9	0,4757576
49,93	0,4757576
49,95	0,4757576
49,97	0,4757576
50,02	0,4757576
50,05	0,4757576
50,1	0,4757576
50,13	0,4757576
50,18	0,4757576
50,2	0,4757576
50,24	0,4757576
50,26	0,4757576
50,3	0,4757576
50,32	0,4757576
50,35	0,4757576
50,37	0,4757576
50,39	0,4757576
50,44	0,4757576
50,46	0,4757576
50,5	0,4757576
50,53	0,4757576
50,57	0,4757576
50,6	0,4757576
50,64	0,4757576
50,66	0,4757576
50,7	0,4757576
50,72	0,4757576
50,77	0,4757576
50,79	0,4757576
50,83	0,4757576
50,85	0,4757576
50,89	0,4757576
50,91	0,4757576
50,96	0,4757576
50,98	0,4757576
51,02	0,4757576
51,04	0,4757576
51,09	0,4757576
51,12	0,4757576
51,14	0,4757576
51,16	0,4757576
51,18	0,4757576
51,22	0,4757576
51,24	0,4757576
51,29	0,4757576
51,31	0,4757576
51,35	0,4757576
51,37	0,4757576
51,42	0,4757576
51,44	0,4757576
51,49	0,4757576
51,5	0,4757576
51,52	0,4757576
51,53	0,4757576
51,56	0,4757576
51,58	0,4757576
51,61	0,4757576
51,62	0,4757576
51,64	0,4757576
51,65	0,4757576
51,66	0,4757576
51,68	0,4757576
51,7	0,4757576
51,74	0,4757576
51,77	0,4757576
51,79	0,4757576
51,8	0,4757576
51,82	0,4757576
51,84	0,4757576
51,88	0,4757576
51,9	0,4757576
51,94	0,4757576
51,96	0,4757576
52,01	0,4757576
52,04	0,4757576
52,13	0,4757576
52,18	0,4757576
52,2	0,4757576
52,25	0,4757576
52,28	0,4757576
52,33	0,4757576
52,34	0,4757576
52,36	0,4757576
52,38	0,4757576
52,4	0,4757576
52,44	0,4757576
52,46	0,4757576
52,5	0,4757576
52,52	0,4757576
52,57	0,4757576
52,59	0,4757576
52,63	0,4757576
52,66	0,4757576
52,7	0,4757576
52,73	0,4757576
52,77	0,4757576
52,79	0,4757576
52,83	0,4757576
52,84	0,4757576
52,86	0,4757576
52,9	0,4757576
52,92	0,4757576
52,96	0,4757576
52,97	0,4757576
52,99	0,4757576
53,03	0,4757576
53,04	0,4757576
53,06	0,4757576
53,08	0,4757576
53,12	0,4757576
53,16	0,4757576
53,19	0,4757576
53,23	0,4757576
53,25	0,4757576
53,29	0,4757576
53,32	0,4757576
53,36	0,4757576
53,38	0,4757576
53,43	0,4757576
53,45	0,4757576
53,49	0,4757576
53,5	0,4757576
53,51	0,4757576
53,55	0,4757576
53,57	0,4757576
53,61	0,4757576
53,62	0,4757576
53,64	0,4757576
53,68	0,4757576
53,7	0,4757576
53,73	0,4757576
53,75	0,4757576
53,78	0,4757576
53,81	0,4757576
53,83	0,4757576
53,86	0,4757576
53,9	0,4757576
53,92	0,4757576
53,96	0,4757576
53,98	0,4757576
54,02	0,4757576
54,04	0,4757576
54,08	0,4757576
54,1	0,4757576
54,15	0,4757576
54,17	0,4757576
54,21	0,4757576
54,23	0,4757576
54,27	0,4757576
54,29	0,4757576
54,33	0,4757576
54,36	0,4757576
54,4	0,4757576
54,42	0,4757576
54,46	0,4757576
54,49	0,4757576
54,53	0,4757576
54,57	0,4757576
54,61	0,4757576
54,63	0,4757576
54,67	0,4757576
54,7	0,4757576
54,74	0,4757576
54,76	0,4757576
54,8	0,4757576
54,83	0,4757576
54,87	0,4757576
54,9	0,4757576
54,94	0,4757576
54,97	0,4757576
55,01	0,4757576
55,04	0,4757576
55,08	0,4757576
55,1	0,4757576
55,15	0,4757576
55,17	0,4757576
55,22	0,4757576
55,25	0,4757576
55,3	0,4757576
55,32	0,4757576
55,36	0,4757576
55,38	0,4757576
55,43	0,4757576
55,45	0,4757576
55,49	0,4757576
55,51	0,4757576
55,56	0,4757576
55,58	0,4757576
55,62	0,4757576
55,65	0,4757576
55,68	0,4757576
55,71	0,4757576
55,74	0,4757576
55,77	0,4757576
55,81	0,4757576
55,83	0,4757576
55,87	0,4757576
55,89	0,4757576
55,93	0,4757576
55,96	0,4757576
56	0,4757576
56,02	0,4757576
56,06	0,4757576
56,08	0,4757576
56,13	0,4757576
56,15	0,4757576
56,19	0,4757576
56,22	0,4757576
56,26	0,4757576
56,28	0,4757576
56,33	0,4757576
56,35	0,4757576
56,39	0,4757576
56,42	0,4757576
56,44	0,4757576
56,45	0,4757576
56,46	0,4757576
56,47	0,4757576
56,48	0,4757576
56,52	0,4757576
56,53	0,4757576
56,54	0,4757576
56,55	0,4757576
56,58	0,4757576
56,6	0,4757576
56,64	0,4757576
56,67	0,4757576
56,71	0,4757576
56,73	0,4757576
56,77	0,4757576
56,79	0,4757576
56,84	0,4757576
56,86	0,4757576
56,9	0,4757576
56,92	0,4757576
56,96	0,4757576
56,98	0,4757576
57,03	0,4757576
57,05	0,4757576
57,09	0,4757576
57,11	0,4757576
57,17	0,4757576
57,25	0,4757576
57,29	0,4757576
57,32	0,4757576
57,37	0,4757576
57,39	0,4757576
57,43	0,4757576
57,46	0,4757576
57,5	0,4757576
57,52	0,4757576
57,57	0,4757576
57,59	0,4757576
57,63	0,4757576
57,65	0,4757576
57,69	0,4757576
57,71	0,4757576
57,76	0,4757576
57,78	0,4757576
57,82	0,4757576
57,85	0,4757576
57,89	0,4757576
57,91	0,4757576
57,95	0,4757576
57,97	0,4757576
58,02	0,4757576
58,04	0,4757576
58,08	0,4757576
58,11	0,4757576
58,15	0,4757576
58,17	0,4757576
58,22	0,4757576
58,24	0,4757576
58,28	0,4757576
58,3	0,4757576
58,34	0,4757576
58,37	0,4757576
58,41	0,4757576
58,44	0,4757576
58,48	0,4757576
58,5	0,4757576
58,54	0,4757576
58,57	0,4757576
58,61	0,4757576
58,64	0,4757576
58,68	0,4757576
58,71	0,4757576
58,76	0,4757576
58,78	0,4757576
58,81	0,4757576
58,83	0,4757576
58,84	0,4757576
58,85	0,4757576
58,88	0,4757576
58,9	0,4757576
58,95	0,4757576
58,96	0,4757576
58,97	0,4757576
58,98	0,4757576
59	0,4757576
59,02	0,4757576
59,05	0,4757576
59,06	0,4757576
59,07	0,4757576
59,08	0,4757576
59,13	0,4757576
59,15	0,4757576
59,2	0,4757576
59,23	0,4757576
59,28	0,4757576
59,31	0,4757576
59,35	0,4757576
59,37	0,4757576
59,42	0,4757576
59,43	0,4757576
59,44	0,4757576
59,45	0,4757576
59,48	0,4757576
59,5	0,4757576
59,54	0,4757576
59,58	0,4757576
59,6	0,4757576
59,61	0,4757576
59,62	0,4757576
59,63	0,4757576
59,66	0,4757576
59,7	0,4757576
59,72	0,4757576
59,76	0,4757576
59,78	0,4757576
59,82	0,4757576
59,84	0,4757576
59,9	0,4757576
59,94	0,4757576
59,96	0,4757576
60,01	0,4757576
60,03	0,4757576
60,08	0,4757576
60,1	0,4757576
60,14	0,4757576
60,15	0,4757576
60,18	0,4757576
60,22	0,4757576
60,24	0,4757576
60,28	0,4757576
60,3	0,4757576
60,34	0,4757576
60,37	0,4757576
60,41	0,4757576
60,43	0,4757576
60,47	0,4757576
60,49	0,4757576
60,54	0,4757576
60,56	0,4757576
60,61	0,4757576
60,63	0,4757576
60,66	0,4757576
60,69	0,4757576
60,73	0,4757576
60,75	0,4757576
60,79	0,4757576
60,82	0,4757576
60,87	0,4757576
60,9	0,4757576
60,94	0,4757576
60,96	0,4757576
61	0,4757576
61,02	0,4757576
61,06	0,4757576
61,08	0,4757576
61,12	0,4757576
61,14	0,4757576
61,18	0,4757576
61,2	0,4757576
61,24	0,4757576
61,27	0,4757576
61,31	0,4757576
61,33	0,4757576
61,37	0,4757576
61,4	0,4757576
61,44	0,4757576
61,46	0,4757576
61,5	0,4757576
61,52	0,4757576
61,57	0,4757576
61,59	0,4757576
61,64	0,4757576
61,66	0,4757576
61,7	0,4757576
61,72	0,4757576
61,77	0,4757576
61,79	0,4757576
61,84	0,4757576
61,86	0,4757576
61,9	0,4757576
61,93	0,4757576
61,97	0,4757576
61,98	0,4757576
61,99	0,4757576
62	0,4757576
62,02	0,4757576
62,04	0,4757576
62,07	0,4757576
62,12	0,4757576
62,14	0,4757576
62,19	0,4757576
62,22	0,4757576
62,25	0,4757576
62,27	0,4757576
62,3	0,4757576
62,35	0,4757576
62,38	0,4757576
62,44	0,4757576
62,49	0,4757576
62,51	0,4757576
62,57	0,4757576
62,61	0,4757576
62,63	0,4757576
62,67	0,4757576
62,7	0,4757576
62,74	0,4757576
62,76	0,4757576
62,8	0,4757576
62,82	0,4757576
62,86	0,4757576
62,88	0,4757576
62,92	0,4757576
62,95	0,4757576
62,99	0,4757576
63,01	0,4757576
63,05	0,4757576
63,07	0,4757576
63,12	0,4757576
63,14	0,4757576
63,18	0,4757576
63,2	0,4757576
63,24	0,4757576
63,26	0,4757576
63,3	0,4757576
63,32	0,4757576
63,36	0,4757576
63,38	0,4757576
63,42	0,4757576
63,45	0,4757576
63,49	0,4757576
63,51	0,4757576
63,56	0,4757576
63,58	0,4757576
63,62	0,4757576
63,65	0,4757576
63,69	0,4757576
63,71	0,4757576
63,76	0,4757576
63,78	0,4757576
63,82	0,4757576
63,84	0,4757576
63,88	0,4757576
63,9	0,4757576
63,94	0,4757576
63,96	0,4757576
64,01	0,4757576
64,03	0,4757576
64,07	0,4757576
64,1	0,4757576
64,14	0,4757576
64,16	0,4757576
64,21	0,4757576
64,23	0,4757576
64,27	0,4757576
64,29	0,4757576
64,34	0,4757576
64,36	0,4757576
64,42	0,4757576
64,47	0,4757576
64,49	0,4757576
64,53	0,4757576
64,56	0,4757576
64,61	0,4757576
64,63	0,4757576
64,68	0,4757576
64,7	0,4757576
64,74	0,4757576
64,76	0,4757576
64,81	0,4757576
64,83	0,4757576
64,87	0,4757576
64,89	0,4757576
64,94	0,4757576
64,98	0,4757576
65,02	0,4757576
65,04	0,4757576
65,08	0,4757576
65,11	0,4757576
65,15	0,4757576
65,17	0,4757576
65,21	0,4757576
65,24	0,4757576
65,28	0,4757576
65,29	0,4757576
65,31	0,4757576
65,37	0,4757576
65,42	0,4757576
65,44	0,4757576
65,5	0,4757576
65,54	0,4757576
65,58	0,4757576
65,62	0,4757576
65,64	0,4757576
65,68	0,4757576
65,71	0,4757576
65,75	0,4757576
65,78	0,4757576
65,82	0,4757576
65,84	0,4757576
65,88	0,4757576
65,9	0,4757576
65,95	0,4757576
65,97	0,4757576
66,01	0,4757576
66,03	0,4757576
66,07	0,4757576
66,11	0,4757576
66,15	0,4757576
66,16	0,4757576
66,18	0,4757576
66,22	0,4757576
66,24	0,4757576
66,29	0,4757576
66,31	0,4757576
66,36	0,4757576
66,38	0,4757576
66,42	0,4757576
66,45	0,4757576
66,49	0,4757576
66,51	0,4757576
66,55	0,4757576
66,57	0,4757576
66,62	0,4757576
66,64	0,4757576
66,68	0,4757576
66,7	0,4757576
66,72	0,4757576
66,75	0,4757576
66,78	0,4757576
66,82	0,4757576
66,83	0,4757576
66,85	0,4757576
66,89	0,4757576
66,91	0,4757576
66,95	0,4757576
66,97	0,4757576
67,01	0,4757576
67,03	0,4757576
67,07	0,4757576
67,1	0,4757576
67,14	0,4757576
67,16	0,4757576
67,2	0,4757576
67,22	0,4757576
67,26	0,4757576
67,28	0,4757576
67,33	0,4757576
67,35	0,4757576
67,39	0,4757576
67,42	0,4757576
67,49	0,4757576
67,54	0,4757576
67,56	0,4757576
67,6	0,4757576
67,62	0,4757576
67,66	0,4757576
67,68	0,4757576
67,73	0,4757576
67,76	0,4757576
67,8	0,4757576
67,83	0,4757576
67,87	0,4757576
67,89	0,4757576
67,93	0,4757576
67,95	0,4757576
67,99	0,4757576
68,01	0,4757576
68,05	0,4757576
68,06	0,4757576
68,08	0,4757576
68,11	0,4757576
68,13	0,4757576
68,16	0,4757576
68,2	0,4757576
68,23	0,4757576
68,27	0,4757576
68,29	0,4757576
68,33	0,4757576
68,35	0,4757576
68,39	0,4757576
68,41	0,4757576
68,45	0,4757576
68,47	0,4757576
68,51	0,4757576
68,54	0,4757576
68,58	0,4757576
68,6	0,4757576
68,65	0,4757576
68,67	0,4757576
68,71	0,4757576
68,73	0,4757576
68,77	0,4757576
68,79	0,4757576
68,83	0,4757576
68,85	0,4757576
68,89	0,4757576
68,91	0,4757576
68,95	0,4757576
68,97	0,4757576
69,01	0,4757576
69,03	0,4757576
69,08	0,4757576
69,1	0,4757576
69,14	0,4757576
69,16	0,4757576
69,2	0,4757576
69,21	0,4757576
69,24	0,4757576
69,28	0,4757576
69,3	0,4757576
69,35	0,4757576
69,37	0,4757576
69,41	0,4757576
69,43	0,4757576
69,47	0,4757576
69,5	0,4757576
69,55	0,4757576
69,57	0,4757576
69,61	0,4757576
69,63	0,4757576
69,7	0,4757576
69,74	0,4757576
69,76	0,4757576
69,81	0,4757576
69,84	0,4757576
69,88	0,4757576
69,9	0,4757576
69,94	0,4757576
69,97	0,4757576
70,02	0,4757576
70,04	0,4757576
70,08	0,4757576
70,1	0,4757576
70,15	0,4757576
70,17	0,4757576
70,21	0,4757576
70,23	0,4757576
70,27	0,4757576
70,3	0,4757576
70,34	0,4757576
70,37	0,4757576
70,41	0,4757576
70,43	0,4757576
70,47	0,4757576
70,49	0,4757576
70,56	0,4757576
70,61	0,4757576
70,62	0,4757576
70,65	0,4757576
70,66	0,4757576
70,68	0,4757576
70,69	0,4757576
70,7	0,4757576
70,72	0,4757576
70,74	0,4757576
70,79	0,4757576
70,81	0,4757576
70,85	0,4757576
70,88	0,4757576
70,92	0,4757576
70,95	0,4757576
70,99	0,4757576
71	0,4757576
71,02	0,4757576
71,07	0,4757576
71,09	0,4757576
71,14	0,4757576
71,17	0,4757576
71,23	0,4757576
71,28	0,4757576
71,3	0,4757576
71,33	0,4757576
71,35	0,4757576
71,38	0,4757576
71,42	0,4757576
71,44	0,4757576
71,5	0,4757576
71,53	0,4757576
71,56	0,4757576
71,6	0,4757576
71,62	0,4757576
71,68	0,4757576
71,73	0,4757576
71,75	0,4757576
71,78	0,4757576
71,8	0,4757576
71,83	0,4757576
71,87	0,4757576
71,89	0,4757576
71,93	0,4757576
71,96	0,4757576
72	0,4757576
72,03	0,4757576
72,07	0,4757576
72,09	0,4757576
72,14	0,4757576
72,16	0,4757576
72,2	0,4757576
72,23	0,4757576
72,27	0,4757576
72,3	0,4757576
72,34	0,4757576
72,37	0,4757576
72,41	0,4757576
72,43	0,4757576
72,53	0,4757576
72,58	0,4818182
72,6	0,4818182
72,64	0,4848485
72,66	0,4909091
72,71	0,4939394
72,72	0,4969697
72,74	0,5
72,77	0,5030303
72,79	0,5030303
72,84	0,5090909
72,86	0,5121212
72,9	0,5151515
72,93	0,5212121
72,95	0,5242424
72,98	0,5242424
73,01	0,530303
73,05	0,5393939
73,09	0,5515151
73,11	0,5575757
73,13	0,5575757
73,14	0,5636364
73,15	0,5666667
73,16	0,569697
73,19	0,5787879
73,2	0,5787879
73,21	0,5818182
73,24	0,5909091
73,25	0,5939394
73,26	0,5939394
73,27	0,5939394
73,28	0,6030303
73,31	0,6090909
73,33	0,6151515
73,38	0,6272727
73,4	0,630303
73,44	0,6424242
73,46	0,6454545
73,49	0,6545454
73,52	0,660606
73,57	0,6727272
73,6	0,6818181
73,61	0,6848484
73,63	0,6909091
73,64	0,6939394
73,65	0,6969697
73,67	0,7
73,7	0,7090909
73,72	0,7090909
73,73	0,7121212
73,75	0,7212121
73,77	0,7242424
73,78	0,7242424
73,79	0,730303
73,8	0,7333333
73,81	0,7333333
73,82	0,7363636
73,84	0,7424242
73,88	0,7484848
73,91	0,7575758
73,92	0,7575758
73,93	0,7636364
73,95	0,769697
73,98	0,7757576
74,02	0,7848485
74,03	0,7848485
74,04	0,7939394
74,09	0,8
74,1	0,8060606
74,13	0,8121212
74,16	0,8212122
74,2	0,8272728
74,22	0,8272728
74,27	0,8272728
74,29	0,8272728
74,32	0,839394
74,33	0,8454546
74,34	0,8484849
74,38	0,8575758
74,4	0,8575758
74,41	0,8575758
74,42	0,8575758
74,44	0,8575758
74,49	0,8575758
74,52	0,8575758
74,54	0,8575758
74,55	0,8575758
74,56	0,8575758
74,57	0,8575758
74,58	0,8575758
74,59	0,8575758
74,6	0,8575758
74,61	0,8575758
74,64	0,8575758
74,66	0,8575758
74,67	0,8575758
74,68	0,8575758
74,69	0,8575758
74,73	0,8575758
74,75	0,8575758
74,76	0,8575758
74,77	0,8575758
74,8	0,8575758
74,84	0,8575758
74,85	0,8575758
74,86	0,8575758
74,9	0,8575758
74,91	0,8575758
74,94	0,8575758
74,98	0,8575758
74,99	0,8575758
75	0,8575758
75,05	0,8575758
75,07	0,8575758
75,12	0,8575758
75,13	0,8575758
75,15	0,8575758
75,16	0,8575758
75,19	0,8575758
75,22	0,8575758
75,24	0,8575758
75,26	0,8575758
75,31	0,8575758
75,32	0,8575758
75,33	0,8575758
75,37	0,8575758
75,38	0,8575758
75,4	0,8575758
75,42	0,8575758
75,44	0,8575758
75,48	0,8575758
75,51	0,8575758
75,55	0,8575758
75,56	0,8575758
75,57	0,8575758
75,58	0,8575758
75,59	0,8575758
75,61	0,8575758
75,62	0,8575758
75,64	0,8575758
75,65	0,8575758
75,67	0,8575758
75,68	0,8575758
75,69	0,8575758
75,7	0,8575758
75,72	0,8575758
75,73	0,8575758
75,74	0,8575758
75,75	0,8575758
75,76	0,8575758
75,81	0,8575758
75,82	0,8575758
75,86	0,8575758
75,88	0,8575758
75,92	0,8575758
75,94	0,8575758
75,98	0,8575758
75,99	0,8575758
76	0,8575758
76,01	0,8575758
76,04	0,8575758
76,07	0,8575758
76,08	0,8575758
76,09	0,8575758
76,11	0,8575758
76,13	0,8575758
76,15	0,8575758
76,16	0,8575758
76,17	0,8575758
76,2	0,8575758
76,21	0,8575758
76,22	0,8575758
76,23	0,8575758
76,26	0,8575758
76,27	0,8575758
76,29	0,8575758
76,31	0,8575758
76,32	0,8575758
76,33	0,8575758
76,34	0,8575758
76,35	0,8575758
76,36	0,8575758
76,37	0,8575758
76,38	0,8575758
76,4	0,8575758
76,41	0,8575758
76,42	0,8575758
76,45	0,8575758
76,5	0,8575758
76,52	0,8575758
76,57	0,8575758
76,6	0,8575758
76,64	0,8575758
76,66	0,8575758
76,7	0,8575758
76,72	0,8575758
76,76	0,8575758
76,77	0,8575758
76,8	0,8575758
76,84	0,8575758
76,85	0,8575758
76,86	0,8575758
76,91	0,8575758
76,93	0,8575758
76,99	0,8575758
77,05	0,8575758
77,08	0,8575758
77,12	0,8575758
77,15	0,8575758
77,16	0,8575758
77,2	0,8575758
77,23	0,8575758
77,24	0,8575758
77,25	0,8575758
77,28	0,8575758
77,31	0,8575758
77,32	0,8575758
77,33	0,8575758
77,36	0,8575758
77,39	0,8575758
77,4	0,8575758
77,41	0,8575758
77,42	0,8575758
77,43	0,8575758
77,45	0,8575758
77,47	0,8575758
77,49	0,8575758
77,5	0,8575758
77,51	0,8575758
77,54	0,8575758
77,55	0,8575758
77,57	0,8575758
77,58	0,8575758
77,61	0,8575758
77,64	0,8575758
77,65	0,8575758
77,66	0,8575758
77,67	0,8575758
77,69	0,8575758
77,7	0,8575758
77,71	0,8575758
77,72	0,8575758
77,73	0,8575758
77,74	0,8575758
77,75	0,8575758
77,78	0,8575758
77,8	0,8575758
77,85	0,8575758
77,86	0,8575758
77,9	0,8575758
77,92	0,8575758
77,96	0,8575758
77,98	0,8575758
78,02	0,8575758
78,04	0,8575758
78,08	0,8575758
78,1	0,8575758
78,11	0,8575758
78,12	0,8575758
78,13	0,8575758
78,16	0,8575758
78,2	0,8575758
78,22	0,8575758
78,26	0,8575758
78,28	0,8575758
78,31	0,8575758
78,34	0,8575758
78,38	0,8575758
78,4	0,8575758
78,44	0,8575758
78,45	0,8575758
78,47	0,8575758
78,52	0,8575758
78,53	0,8575758
78,58	0,8575758
78,6	0,8575758
78,65	0,8575758
78,67	0,8575758
78,7	0,8575758
78,71	0,8575758
78,72	0,8575758
78,78	0,8575758
78,81	0,8575758
78,85	0,8575758
78,87	0,8575758
78,92	0,8575758
78,94	0,8575758
78,99	0,8575758
79	0,8575758
79,01	0,8575758
79,02	0,8575758
79,03	0,8575758
79,04	0,8575758
79,05	0,8575758
79,06	0,8575758
79,07	0,8575758
79,08	0,8575758
79,09	0,8575758
79,1	0,8575758
79,11	0,8575758
79,14	0,8575758
79,16	0,8575758
79,18	0,8575758
79,22	0,8575758
79,24	0,8575758
79,29	0,8575758
79,31	0,8575758
79,35	0,8575758
79,37	0,8575758
79,41	0,8575758
79,44	0,8575758
79,48	0,8575758
79,51	0,8575758
79,57	0,8575758
79,62	0,8575758
79,65	0,8575758
79,7	0,8575758
79,72	0,8575758
79,77	0,8575758
79,78	0,8575758
79,83	0,8575758
79,85	0,8575758
79,9	0,8575758
79,93	0,8575758
79,99	0,8575758
80,04	0,8575758
80,07	0,8575758
80,1	0,8575758
80,11	0,8575758
80,12	0,8575758
80,13	0,8575758
80,18	0,8575758
80,2	0,8575758
80,21	0,8575758
80,22	0,8575758
80,25	0,8575758
80,28	0,8575758
80,29	0,8575758
80,3	0,8575758
80,32	0,8575758
80,34	0,8575758
80,39	0,8575758
80,42	0,8575758
80,46	0,8575758
80,48	0,8575758
80,52	0,8575758
80,55	0,8575758
80,6	0,8575758
80,62	0,8575758
80,66	0,8575758
80,68	0,8575758
80,73	0,8575758
80,75	0,8575758
80,79	0,8575758
80,81	0,8575758
80,86	0,8575758
80,88	0,8575758
80,92	0,8575758
80,94	0,8575758
80,98	0,8575758
81	0,8575758
81,04	0,8575758
81,06	0,8575758
81,11	0,8575758
81,13	0,8575758
81,18	0,8575758
81,2	0,8575758
81,24	0,8575758
81,26	0,8575758
81,3	0,8575758
81,32	0,8575758
81,37	0,8575758
81,39	0,8575758
81,43	0,8575758
81,45	0,8575758
81,5	0,8575758
81,52	0,8575758
81,57	0,8575758
81,59	0,8575758
81,63	0,8575758
81,65	0,8575758
81,69	0,8575758
81,71	0,8575758
81,8	0,8575758
81,85	0,8575758
81,88	0,8575758
81,91	0,8575758
81,94	0,8575758
81,98	0,8575758
82	0,8575758
82,04	0,8575758
82,06	0,8575758
82,1	0,8575758
82,13	0,8575758
82,17	0,8575758
82,19	0,8575758
82,24	0,8575758
82,26	0,8575758
82,3	0,8575758
82,32	0,8575758
82,36	0,8575758
82,39	0,8575758
82,43	0,8575758
82,45	0,8575758
82,49	0,8575758
82,52	0,8575758
82,57	0,8575758
82,59	0,8575758
82,63	0,8575758
82,65	0,8575758
82,69	0,8575758
82,71	0,8575758
82,76	0,8575758
82,78	0,8575758
82,82	0,8575758
82,84	0,8575758
82,89	0,8575758
82,91	0,8575758
82,95	0,8575758
82,97	0,8575758
83,01	0,8575758
83,03	0,8575758
83,08	0,8575758
83,1	0,8575758
83,14	0,8575758
83,17	0,8575758
83,21	0,8575758
83,23	0,8575758
83,27	0,8575758
83,29	0,8575758
83,33	0,8575758
83,36	0,8575758
83,4	0,8575758
83,42	0,8575758
83,47	0,8575758
83,49	0,8575758
83,53	0,8575758
83,56	0,8575758
83,6	0,8575758
83,63	0,8575758
83,67	0,8575758
83,69	0,8575758
83,73	0,8575758
83,75	0,8575758
83,79	0,8575758
83,82	0,8575758
83,87	0,8575758
83,88	0,8575758
83,93	0,8575758
83,95	0,8575758
83,99	0,8575758
84,01	0,8575758
84,06	0,8575758
84,08	0,8575758
84,13	0,8575758
84,15	0,8575758
84,19	0,8575758
84,2	0,8575758
84,21	0,8575758
84,25	0,8575758
84,27	0,8575758
84,29	0,8575758
84,3	0,8575758
84,31	0,8575758
84,33	0,8575758
84,34	0,8575758
84,35	0,8575758
84,36	0,8575758
84,38	0,8575758
84,4	0,8575758
84,44	0,8575758
84,46	0,8575758
84,5	0,8575758
84,53	0,8575758
84,57	0,8575758
84,58	0,8575758
84,6	0,8575758
84,64	0,8575758
84,67	0,8575758
84,71	0,8575758
84,75	0,8575758
84,8	0,8575758
84,84	0,8575758
84,89	0,8575758
84,91	0,8575758
84,95	0,8575758
84,97	0,8575758
85,01	0,8575758
85,03	0,8575758
85,07	0,8575758
85,09	0,8575758
85,13	0,8575758
85,15	0,8575758
85,2	0,8575758
85,22	0,8575758
85,26	0,8575758
85,28	0,8575758
85,32	0,8575758
85,34	0,8575758
85,38	0,8575758
85,41	0,8575758
85,45	0,8575758
85,48	0,8575758
85,52	0,8575758
85,55	0,8575758
85,59	0,8575758
85,61	0,8575758
85,66	0,8575758
85,68	0,8575758
85,72	0,8575758
85,74	0,8575758
85,79	0,8575758
85,81	0,8575758
85,86	0,8575758
85,89	0,8575758
85,93	0,8575758
85,95	0,8575758
85,99	0,8575758
86,01	0,8575758
86,06	0,8575758
86,08	0,8575758
86,11	0,8575758
86,15	0,8575758
86,19	0,8575758
86,22	0,8575758
86,26	0,8575758
86,28	0,8575758
86,32	0,8575758
86,35	0,8575758
86,39	0,8575758
86,41	0,8575758
86,45	0,8575758
86,46	0,8575758
86,47	0,8575758
86,49	0,8575758
86,51	0,8575758
86,52	0,8575758
86,53	0,8575758
86,54	0,8575758
86,59	0,8575758
86,62	0,8575758
86,66	0,8575758
86,69	0,8575758
86,72	0,8575758
86,73	0,8575758
86,75	0,8575758
86,79	0,8575758
86,81	0,8575758
86,87	0,8575758
86,96	0,8575758
87	0,8575758
87,02	0,8575758
87,07	0,8575758
87,1	0,8575758
87,14	0,8575758
87,16	0,8575758
87,2	0,8575758
87,22	0,8575758
87,26	0,8575758
87,29	0,8575758
87,33	0,8575758
87,35	0,8575758
87,39	0,8575758
87,42	0,8575758
87,46	0,8575758
87,48	0,8575758
87,53	0,8575758
87,56	0,8575758
87,61	0,8575758
87,63	0,8575758
87,67	0,8575758
87,69	0,8575758
87,71	0,8575758
87,72	0,8575758
87,74	0,8575758
87,76	0,8575758
87,77	0,8575758
87,79	0,8575758
87,81	0,8575758
87,82	0,8575758
87,86	0,8575758
87,88	0,8575758
87,93	0,8575758
87,96	0,8575758
88	0,8575758
88,02	0,8575758
88,06	0,8575758
88,08	0,8575758
88,13	0,8575758
88,15	0,8575758
88,19	0,8575758
88,22	0,8575758
88,26	0,8575758
88,28	0,8575758
88,33	0,8575758
88,34	0,8575758
88,39	0,8575758
88,41	0,8575758
88,46	0,8575758
88,48	0,8575758
88,52	0,8575758
88,55	0,8575758
88,59	0,8575758
88,61	0,8575758
88,66	0,8575758
88,68	0,8575758
88,72	0,8575758
88,74	0,8575758
88,78	0,8575758
88,8	0,8575758
88,85	0,8575758
88,88	0,8575758
88,92	0,8575758
88,95	0,8575758
88,99	0,8575758
89,01	0,8575758
89,04	0,8575758
89,06	0,8575758
89,08	0,8575758
89,13	0,8575758
89,18	0,8575758
89,22	0,8575758
89,24	0,8575758
89,29	0,8575758
89,31	0,8575758
89,36	0,8575758
89,38	0,8575758
89,42	0,8575758
89,44	0,8575758
89,49	0,8575758
89,51	0,8575758
89,56	0,8575758
89,58	0,8575758
89,62	0,8575758
89,64	0,8575758
89,68	0,8575758
89,71	0,8575758
89,75	0,8575758
89,77	0,8575758
89,81	0,8575758
89,84	0,8575758
89,88	0,8575758
89,9	0,8575758
89,94	0,8575758
89,96	0,8575758
90,01	0,8575758
90,03	0,8575758
90,07	0,8575758
90,09	0,8575758
90,13	0,8575758
90,14	0,8575758
90,17	0,8575758
90,21	0,8575758
90,23	0,8575758
90,27	0,8575758
90,29	0,8575758
90,34	0,8575758
90,36	0,8575758
90,39	0,8575758
90,41	0,8575758
90,47	0,8575758
90,48	0,8575758
90,5	0,8575758
90,52	0,8575758
90,54	0,8575758
90,58	0,8575758
90,6	0,8575758
90,64	0,8575758
90,66	0,8575758
90,7	0,8575758
90,72	0,8575758
90,76	0,8575758
90,78	0,8575758
90,81	0,8575758
90,83	0,8575758
90,85	0,8575758
90,88	0,8575758
90,9	0,8575758
90,91	0,8575758
90,94	0,8575758
90,95	0,8575758
90,97	0,8575758
90,99	0,8575758
91	0,8575758
91,02	0,8575758
91,04	0,8575758
91,06	0,8575758
91,08	0,8575758
91,1	0,8575758
91,12	0,8575758
91,14	0,8575758
91,15	0,8575758
91,17	0,8575758
91,21	0,8575758
91,23	0,8575758
91,27	0,8575758
91,28	0,8575758
91,3	0,8575758
91,34	0,8575758
91,36	0,8575758
91,4	0,8575758
91,42	0,8575758
91,46	0,8575758
91,48	0,8575758
91,52	0,8575758
91,56	0,8575758
91,6	0,8575758
91,62	0,8575758
91,67	0,8575758
91,69	0,8575758
91,73	0,8575758
91,76	0,8575758
91,8	0,8575758
91,82	0,8575758
91,92	0,8575758
91,97	0,8575758
91,99	0,8575758
92,03	0,8575758
92,05	0,8575758
92,09	0,8575758
92,12	0,8575758
92,16	0,8575758
92,18	0,8575758
92,22	0,8575758
92,24	0,8575758
92,28	0,8575758
92,3	0,8575758
92,34	0,8575758
92,37	0,8575758
92,41	0,8575758
92,43	0,8575758
92,47	0,8575758
92,49	0,8575758
92,53	0,8575758
92,56	0,8575758
92,6	0,8575758
92,62	0,8575758
92,67	0,8575758
92,69	0,8575758
92,73	0,8575758
92,75	0,8575758
92,8	0,8575758
92,82	0,8575758
92,86	0,8575758
92,88	0,8575758
92,93	0,8575758
92,95	0,8575758
93	0,8575758
93,02	0,8575758
93,06	0,8575758
93,09	0,8575758
93,15	0,8575758
93,2	0,8575758
93,22	0,8575758
93,27	0,8575758
93,29	0,8575758
93,32	0,8575758
93,36	0,8575758
93,4	0,8575758
93,43	0,8575758
93,48	0,8575758
93,51	0,8575758
93,56	0,8575758
93,58	0,8575758
93,63	0,8575758
93,65	0,8575758
93,7	0,8575758
93,72	0,8575758
93,77	0,8575758
93,79	0,8575758
93,82	0,8575758
93,83	0,8575758
93,84	0,8575758
93,86	0,8575758
93,88	0,8575758
93,91	0,8575758
93,93	0,8575758
93,98	0,8575758
93,99	0,8575758
94,04	0,8575758
94,06	0,8575758
94,1	0,8575758
94,12	0,8575758
94,17	0,8575758
94,19	0,8575758
94,23	0,8575758
94,25	0,8575758
94,3	0,8575758
94,32	0,8575758
94,36	0,8575758
94,39	0,8575758
94,43	0,8575758
94,45	0,8575758
94,49	0,8575758
94,52	0,8575758
94,56	0,8575758
94,58	0,8575758
94,63	0,8575758
94,65	0,8575758
94,69	0,8575758
94,71	0,8575758
94,76	0,8575758
94,77	0,8575758
94,82	0,8575758
94,84	0,8575758
94,88	0,8575758
94,9	0,8575758
94,95	0,8575758
94,97	0,8575758
95,02	0,8575758
95,03	0,8575758
95,08	0,8575758
95,11	0,8575758
95,15	0,8575758
95,18	0,8575758
95,22	0,8575758
95,24	0,8575758
95,28	0,8575758
95,31	0,8575758
95,34	0,8575758
95,35	0,8575758
95,36	0,8575758
95,38	0,8575758
95,42	0,8575758
95,45	0,8575758
95,49	0,8575758
95,52	0,8575758
95,57	0,8575758
95,59	0,8575758
95,63	0,8575758
95,65	0,8575758
95,7	0,8575758
95,72	0,8575758
95,76	0,8575758
95,78	0,8575758
95,83	0,8575758
95,85	0,8575758
95,89	0,8575758
95,91	0,8575758
95,96	0,8575758
95,98	0,8575758
96,02	0,8575758
96,04	0,8575758
96,08	0,8575758
96,11	0,8575758
96,15	0,8575758
96,17	0,8575758
96,21	0,8575758
96,24	0,8575758
96,28	0,8575758
96,3	0,8575758
96,34	0,8575758
96,37	0,8575758
96,41	0,8575758
96,43	0,8575758
96,48	0,8575758
96,5	0,8575758
96,54	0,8575758
96,57	0,8575758
96,62	0,8575758
96,64	0,8575758
96,68	0,8575758
96,7	0,8575758
96,74	0,8575758
96,76	0,8575758
96,81	0,8575758
96,83	0,8575758
96,87	0,8575758
96,89	0,8575758
96,93	0,8575758
96,95	0,8575758
96,98	0,8575758
97,01	0,8575758
97,1	0,8575758
97,15	0,8575758
97,17	0,8575758
97,21	0,8575758
97,23	0,8575758
97,27	0,8575758
97,3	0,8575758
97,34	0,8575758
97,36	0,8575758
97,38	0,8575758
97,4	0,8575758
97,43	0,8575758
97,48	0,8575758
97,52	0,8575758
97,58	0,8575758
97,62	0,8575758
97,65	0,8575758
97,68	0,8575758
97,71	0,8575758
97,73	0,8575758
97,76	0,8575758
97,77	0,8575758
97,78	0,8575758
97,79	0,8575758
97,8	0,8575758
97,84	0,8575758
97,88	0,8575758
97,91	0,8575758
97,93	0,8575758
97,94	0,8575758
97,96	0,8575758
97,99	0,8575758
98,05	0,8575758
98,11	0,8575758
98,15	0,8575758
98,16	0,8575758
98,19	0,8575758
98,24	0,8575758
98,26	0,8575758
98,3	0,8575758
98,32	0,8575758
98,36	0,8575758
98,38	0,8575758
98,42	0,8575758
98,44	0,8575758
98,45	0,8575758
98,47	0,8575758
98,5	0,8575758
98,54	0,8575758
98,55	0,8575758
98,58	0,8575758
98,63	0,8575758
98,66	0,8575758
98,7	0,8575758
98,72	0,8575758
98,76	0,8575758
98,79	0,8575758
98,83	0,8575758
98,85	0,8575758
98,89	0,8575758
98,92	0,8575758
98,96	0,8575758
98,98	0,8575758
99,02	0,8575758
99,03	0,8575758
99,06	0,8575758
99,1	0,8575758
99,12	0,8575758
99,17	0,8575758
99,18	0,8575758
99,21	0,8575758
99,23	0,8575758
99,25	0,8575758
99,29	0,8575758
99,31	0,8575758
99,36	0,8575758
99,38	0,8575758
99,42	0,8575758
99,44	0,8575758
99,48	0,8575758
99,51	0,8575758
99,56	0,8575758
99,59	0,8575758
99,65	0,8575758
99,69	0,8575758
99,71	0,8575758
99,76	0,8575758
99,78	0,8575758
99,82	0,8575758
99,84	0,8575758
99,88	0,8575758
99,91	0,8575758
99,96	0,8575758
99,98	0,8575758
100,02	0,8575758
100,04	0,8575758
100,1	0,8575758
100,15	0,8575758
100,17	0,8575758
100,22	0,8575758
100,24	0,8575758
100,29	0,8575758
100,31	0,8575758
100,35	0,8575758
100,38	0,8575758
100,42	0,8575758
100,44	0,8575758
100,46	0,8575758
100,5	0,8575758
100,52	0,8575758
100,57	0,8575758
100,59	0,8575758
100,63	0,8575758
100,65	0,8575758
100,69	0,8575758
100,7	0,8575758
100,71	0,8575758
100,76	0,8575758
100,78	0,8575758
100,82	0,8575758
100,85	0,8575758
100,9	0,8575758
100,91	0,8575758
100,95	0,8575758
100,98	0,8575758
101,02	0,8575758
101,05	0,8575758
101,09	0,8575758
101,11	0,8575758
101,16	0,8575758
101,18	0,8575758
101,23	0,8575758
101,25	0,8575758
101,28	0,8575758
101,29	0,8575758
101,3	0,8575758
101,33	0,8575758
101,38	0,8575758
101,41	0,8575758
101,45	0,8575758
101,47	0,8575758
101,52	0,8575758
101,55	0,8575758
101,6	0,8575758
101,62	0,8575758
101,67	0,8575758
101,69	0,8575758
101,73	0,8575758
101,76	0,8575758
101,8	0,8575758
101,82	0,8575758
101,86	0,8575758
101,88	0,8575758
101,93	0,8575758
101,95	0,8575758
101,99	0,8575758
102,02	0,8575758
102,07	0,8575758
102,09	0,8575758
102,12	0,8575758
102,14	0,8575758
102,16	0,8575758
102,18	0,8575758
102,22	0,8575758
102,28	0,8575758
102,33	0,8575758
102,35	0,8575758
102,39	0,8575758
102,41	0,8575758
102,45	0,8575758
102,47	0,8575758
102,52	0,8575758
102,56	0,8575758
102,58	0,8575758
102,6	0,8575758
102,64	0,8575758
102,66	0,8575758
102,7	0,8575758
102,74	0,8575758
102,76	0,8575758
102,8	0,8575758
102,82	0,8575758
102,86	0,8575758
102,89	0,8575758
102,93	0,8575758
102,95	0,8575758
103	0,8575758
103,02	0,8575758
103,06	0,8575758
103,08	0,8575758
103,12	0,8575758
103,14	0,8575758
103,16	0,8575758
103,19	0,8575758
103,21	0,8575758
103,25	0,8575758
103,27	0,8575758
103,31	0,8575758
103,32	0,8575758
103,34	0,8575758
103,39	0,8575758
103,41	0,8575758
103,45	0,8575758
103,47	0,8575758
103,52	0,8575758
103,55	0,8575758
103,59	0,8575758
103,61	0,8575758
103,65	0,8575758
103,67	0,8575758
103,71	0,8575758
103,73	0,8575758
103,77	0,8575758
103,8	0,8575758
103,85	0,8575758
103,87	0,8575758
103,91	0,8575758
103,94	0,8575758
103,98	0,8575758
104,01	0,8575758
104,05	0,8575758
104,06	0,8575758
104,09	0,8575758
104,14	0,8575758
104,16	0,8575758
104,2	0,8575758
104,23	0,8575758
104,27	0,8575758
104,3	0,8575758
104,35	0,8575758
104,37	0,8575758
104,41	0,8575758
104,43	0,8575758
104,47	0,8575758
104,5	0,8575758
104,55	0,8575758
104,58	0,8575758
104,62	0,8575758
104,64	0,8575758
104,68	0,8575758
104,7	0,8575758
104,74	0,8575758
104,77	0,8575758
104,81	0,8575758
104,83	0,8575758
104,88	0,8575758
104,9	0,8575758
104,94	0,8575758
104,96	0,8575758
105,01	0,8575758
105,02	0,8575758
105,06	0,8575758
105,07	0,8575758
105,08	0,8575758
105,11	0,8575758
105,12	0,8575758
105,13	0,8575758
105,14	0,8575758
105,18	0,8575758
105,2	0,8575758
105,22	0,8575758
105,23	0,8575758
105,24	0,8575758
105,26	0,8575758
105,29	0,8575758
105,32	0,8575758
105,37	0,8575758
105,39	0,8575758
105,43	0,8575758
105,45	0,8575758
105,5	0,8575758
105,51	0,8575758
105,56	0,8575758
105,57	0,8575758
105,61	0,8575758
105,62	0,8575758
105,63	0,8575758
105,68	0,8575758
105,69	0,8575758
105,72	0,8575758
105,73	0,8575758
105,76	0,8575758
105,79	0,8575758
105,8	0,8575758
105,81	0,8575758
105,85	0,8575758
105,89	0,8575758
105,92	0,8575758
105,96	0,8575758
105,99	0,8575758
106,02	0,8575758
106,04	0,8575758
106,08	0,8575758
106,13	0,8575758
106,14	0,8575758
106,15	0,8575758
106,16	0,8575758
106,19	0,8575758
106,21	0,8575758
106,23	0,8575758
106,26	0,8575758
106,28	0,8575758
106,33	0,8575758
106,36	0,8575758
106,4	0,8575758
106,43	0,8575758
106,48	0,8575758
106,51	0,8575758
106,53	0,8575758
106,55	0,8575758
106,56	0,8575758
106,58	0,8575758
106,63	0,8575758
106,65	0,8575758
106,7	0,8575758
106,72	0,8575758
106,77	0,8575758
106,8	0,8575758
106,84	0,8575758
106,87	0,8575758
106,92	0,8575758
106,96	0,8575758
106,99	0,8575758
107,03	0,8575758
107,05	0,8575758
107,1	0,8575758
107,13	0,8575758
107,17	0,8575758
107,19	0,8575758
107,23	0,8575758
107,25	0,8575758
107,3	0,8575758
107,32	0,8575758
107,37	0,8575758
107,39	0,8575758
107,44	0,8575758
107,46	0,8575758
107,5	0,8575758
107,53	0,8575758
107,58	0,8575758
107,6	0,8575758
107,69	0,8575758
107,73	0,8575758
107,76	0,8575758
107,78	0,8575758
107,79	0,8575758
107,8	0,8575758
107,82	0,8575758
107,87	0,8575758
107,89	0,8575758
107,93	0,8575758
107,95	0,8575758
107,96	0,8575758
107,97	0,8575758
108	0,8575758
108,02	0,8575758
108,05	0,8575758
108,08	0,8575758
108,11	0,8575758
108,14	0,8575758
108,17	0,8575758
108,19	0,8575758
108,23	0,8575758
108,25	0,8575758
108,27	0,8575758
108,28	0,8575758
108,3	0,8575758
108,34	0,8575758
108,36	0,8575758
108,39	0,8575758
108,41	0,8575758
108,42	0,8575758
108,47	0,8575758
108,49	0,8575758
108,53	0,8575758
108,58	0,8575758
108,63	0,8575758
108,66	0,8575758
108,7	0,8575758
108,72	0,8575758
108,76	0,8575758
108,78	0,8575758
108,82	0,8575758
108,84	0,8575758
108,88	0,8575758
108,91	0,8575758
108,95	0,8575758
108,97	0,8575758
109,01	0,8575758
109,04	0,8575758
109,08	0,8575758
109,11	0,8575758
109,16	0,8575758
109,18	0,8575758
109,22	0,8575758
109,24	0,8575758
109,28	0,8575758
109,31	0,8575758
109,35	0,8575758
109,37	0,8575758
109,41	0,8575758
109,43	0,8575758
109,47	0,8575758
109,5	0,8575758
109,55	0,8575758
109,58	0,8575758
109,61	0,8575758
109,62	0,8575758
109,64	0,8575758
109,68	0,8575758
109,69	0,8575758
109,72	0,8575758
109,76	0,8575758
109,8	0,8575758
109,85	0,8575758
109,86	0,8575758
109,9	0,8575758
109,92	0,8575758
109,97	0,8575758
109,99	0,8575758
110,03	0,8575758
110,05	0,8575758
110,09	0,8575758
110,11	0,8575758
110,15	0,8575758
110,18	0,8575758
110,22	0,8575758
110,24	0,8575758
110,28	0,8575758
110,3	0,8575758
110,34	0,8575758
110,36	0,8575758
110,41	0,8575758
110,43	0,8575758
110,47	0,8575758
110,5	0,8575758
110,55	0,8575758
110,57	0,8575758
110,61	0,8575758
110,63	0,8575758
110,68	0,8575758
110,7	0,8575758
110,74	0,8575758
110,76	0,8575758
110,81	0,8575758
110,83	0,8575758
110,87	0,8575758
110,89	0,8575758
110,93	0,8575758
110,95	0,8575758
110,99	0,8575758
111,02	0,8575758
111,06	0,8575758
111,08	0,8575758
111,13	0,8575758
111,15	0,8575758
111,19	0,8575758
111,21	0,8575758
111,25	0,8575758
111,27	0,8575758
111,32	0,8575758
111,34	0,8575758
111,39	0,8575758
111,41	0,8575758
111,46	0,8575758
111,48	0,8575758
111,52	0,8575758
111,55	0,8575758
111,6	0,8575758
111,62	0,8575758
111,66	0,8575758
111,69	0,8575758
111,73	0,8575758
111,74	0,8575758
111,76	0,8575758
111,79	0,8575758
111,8	0,8575758
111,81	0,8575758
111,83	0,8575758
111,87	0,8575758
111,9	0,8575758
111,94	0,8575758
111,96	0,8575758
112	0,8575758
112,02	0,8575758
112,07	0,8575758
112,09	0,8575758
112,13	0,8575758
112,16	0,8575758
112,2	0,8575758
112,22	0,8575758
112,26	0,8575758
112,28	0,8575758
112,34	0,8575758
112,39	0,8575758
112,41	0,8575758
112,46	0,8575758
112,48	0,8575758
112,49	0,8575758
112,52	0,8575758
112,56	0,8575758
112,62	0,8575758
112,66	0,8575758
112,69	0,8575758
112,74	0,8575758
112,77	0,8575758
112,79	0,8575758
112,84	0,8575758
112,89	0,8575758
112,91	0,8575758
112,94	0,8575758
112,96	0,8575758
112,98	0,8575758
113,02	0,8575758
113,05	0,8575758
113,1	0,8575758
113,13	0,8575758
113,17	0,8575758
113,2	0,8575758
113,25	0,8575758
113,26	0,8575758
113,27	0,8575758
113,29	0,8575758
113,32	0,8575758
113,36	0,8575758
113,37	0,8575758
113,4	0,8575758
113,45	0,8575758
113,47	0,8575758
113,51	0,8575758
113,53	0,8575758
113,58	0,8575758
113,62	0,8575758
113,67	0,8575758
113,69	0,8575758
113,75	0,8575758
113,81	0,8575758
113,82	0,8575758
113,84	0,8575758
113,87	0,8575758
113,92	0,8575758
113,94	0,8575758
113,99	0,8575758
114,02	0,8575758
114,07	0,8575758
114,1	0,8575758
114,14	0,8575758
114,17	0,8575758
114,23	0,8575758
114,29	0,8575758
114,33	0,8575758
114,35	0,8575758
114,39	0,8575758
114,41	0,8575758
114,45	0,8575758
114,47	0,8575758
114,51	0,8575758
114,54	0,8575758
114,59	0,8575758
114,61	0,8575758
114,65	0,8575758
114,67	0,8575758
114,71	0,8575758
114,73	0,8575758
114,77	0,8575758
114,79	0,8575758
114,84	0,8575758
114,86	0,8575758
114,91	0,8575758
114,93	0,8575758
114,97	0,8575758
114,99	0,8575758
115,04	0,8575758
115,06	0,8575758
115,1	0,8575758
115,13	0,8575758
115,17	0,8575758
115,19	0,8575758
115,24	0,8575758
115,26	0,8575758
115,3	0,8575758
115,33	0,8575758
115,37	0,8575758
115,4	0,8575758
115,44	0,8575758
115,47	0,8575758
115,51	0,8575758
115,54	0,8575758
115,58	0,8575758
115,61	0,8575758
115,65	0,8575758
115,68	0,8575758
115,72	0,8575758
115,73	0,8575758
115,74	0,8575758
115,75	0,8575758
115,76	0,8575758
115,77	0,8575758
115,78	0,8575758
115,81	0,8575758
115,86	0,8575758
115,87	0,8575758
115,92	0,8575758
115,95	0,8575758
115,99	0,8575758
116,02	0,8575758
116,06	0,8575758
116,08	0,8575758
116,12	0,8575758
116,14	0,8575758
116,18	0,8575758
116,2	0,8575758
116,24	0,8575758
116,26	0,8575758
116,3	0,8575758
116,32	0,8575758
116,36	0,8575758
116,38	0,8575758
116,42	0,8575758
116,44	0,8575758
116,48	0,8575758
116,5	0,8575758
116,55	0,8575758
116,57	0,8575758
116,62	0,8575758
116,64	0,8575758
116,68	0,8575758
116,7	0,8575758
116,74	0,8575758
116,76	0,8575758
116,8	0,8575758
116,82	0,8575758
116,87	0,8575758
116,89	0,8575758
116,93	0,8575758
116,95	0,8575758
116,99	0,8575758
117,01	0,8575758
117,06	0,8575758
117,08	0,8575758
117,12	0,8575758
117,14	0,8575758
117,19	0,8575758
117,21	0,8575758
117,26	0,8575758
117,28	0,8575758
117,32	0,8575758
117,34	0,8575758
117,38	0,8575758
117,4	0,8575758
117,45	0,8575758
117,47	0,8575758
117,51	0,8575758
117,56	0,8575758
117,58	0,8575758
117,59	0,8575758
117,6	0,8575758
117,63	0,8575758
117,68	0,8575758
117,7	0,8575758
117,74	0,8575758
117,77	0,8575758
117,81	0,8575758
117,83	0,8575758
117,88	0,8575758
117,9	0,8575758
117,94	0,8575758
117,96	0,8575758
118,02	0,8575758
118,04	0,8575758
118,05	0,8575758
118,06	0,8575758
118,07	0,8575758
118,11	0,8575758
118,17	0,8575758
118,21	0,8575758
118,22	0,8575758
118,23	0,8575758
118,27	0,8575758
118,28	0,8575758
118,29	0,8575758
118,3	0,8575758
118,34	0,8575758
118,35	0,8575758
118,36	0,8575758
118,37	0,8575758
118,38	0,8575758
118,39	0,8575758
118,42	0,8575758
118,46	0,8575758
118,47	0,8575758
118,48	0,8575758
118,49	0,8575758
118,5	0,8575758
118,53	0,8575758
118,55	0,8575758
118,59	0,8575758
118,61	0,8575758
118,65	0,8575758
118,67	0,8575758
118,71	0,8575758
118,72	0,8575758
118,75	0,8575758
118,8	0,8575758
118,82	0,8575758
118,87	0,8575758
118,89	0,8575758
118,93	0,8575758
118,95	0,8575758
118,99	0,8575758
119,01	0,8575758
119,06	0,8575758
119,08	0,8575758
119,13	0,8575758
119,15	0,8575758
119,2	0,8575758
119,22	0,8575758
119,26	0,8575758
119,28	0,8575758
119,32	0,8575758
119,34	0,8575758
119,38	0,8575758
119,4	0,8575758
119,44	0,8575758
119,47	0,8575758
119,51	0,8575758
119,54	0,8575758
119,58	0,8575758
119,6	0,8575758
119,65	0,8575758
119,67	0,8575758
119,71	0,8575758
119,74	0,8575758
119,78	0,8575758
119,8	0,8575758
119,84	0,8575758
119,86	0,8575758
119,91	0,8575758
119,93	0,8575758
119,97	0,8575758
119,99	0,8575758
120,03	0,8575758
120,05	0,8575758
120,09	0,8575758
120,12	0,8575758
120,18	0,8575758
120,23	0,8575758
120,25	0,8575758
120,3	0,8575758
120,32	0,8575758
120,36	0,8575758
120,38	0,8575758
120,43	0,8575758
120,45	0,8575758
120,49	0,8575758
120,51	0,8575758
120,56	0,8575758
120,58	0,8575758
120,63	0,8575758
120,65	0,8575758
120,67	0,8575758
120,69	0,8575758
120,72	0,8575758
120,77	0,8575758
120,79	0,8575758
120,84	0,8575758
120,87	0,8575758
120,92	0,8575758
120,94	0,8575758
120,98	0,8575758
121,01	0,8575758
121,05	0,8575758
121,07	0,8575758
121,11	0,8575758
121,13	0,8575758
121,18	0,8575758
121,21	0,8575758
121,25	0,8575758
121,27	0,8575758
121,31	0,8575758
121,33	0,8575758
121,36	0,8575758
121,37	0,8575758
121,39	0,8575758
121,43	0,8575758
121,44	0,8575758
121,46	0,8575758
121,5	0,8575758
121,53	0,8575758
121,59	0,8575758
121,64	0,8575758
121,67	0,8575758
121,72	0,8575758
121,75	0,8575758
121,8	0,8575758
121,82	0,8575758
121,87	0,8575758
121,9	0,8575758
121,95	0,8575758
121,97	0,8575758
122,01	0,8575758
122,04	0,8575758
122,08	0,8575758
122,1	0,8575758
122,15	0,8575758
122,17	0,8575758
122,21	0,8575758
122,23	0,8575758
122,27	0,8575758
122,29	0,8575758
122,34	0,8575758
122,36	0,8575758
122,4	0,8575758
122,42	0,8575758
122,46	0,8575758
122,48	0,8575758
122,52	0,8575758
122,55	0,8575758
122,6	0,8575758
122,69	0,8575758
122,73	0,8575758
122,77	0,8575758
122,79	0,8575758
122,83	0,8575758
122,86	0,8575758
122,9	0,8575758
122,92	0,8575758
122,97	0,8575758
122,99	0,8575758
123,03	0,8575758
123,05	0,8575758
123,1	0,8575758
123,12	0,8575758
123,15	0,8575758
123,19	0,8575758
123,24	0,8575758
123,27	0,8575758
123,31	0,8575758
123,35	0,8575758
123,39	0,8575758
123,41	0,8575758
123,46	0,8575758
123,49	0,8575758
123,53	0,8575758
123,56	0,8575758
123,61	0,8575758
123,63	0,8575758
123,67	0,8575758
123,7	0,8575758
123,74	0,8575758
123,76	0,8575758
123,8	0,8575758
123,82	0,8575758
123,84	0,8575758
123,86	0,8575758
123,88	0,8575758
123,94	0,8575758
124	0,8575758
124,03	0,8575758
124,08	0,8575758
124,11	0,8575758
124,16	0,8575758
124,18	0,8575758
124,23	0,8575758
124,26	0,8575758
124,31	0,8575758
124,34	0,8575758
124,39	0,8575758
124,42	0,8575758
124,47	0,8575758
124,51	0,8575758
124,57	0,8575758
124,62	0,8575758
124,64	0,8575758
124,69	0,8575758
124,71	0,8575758
124,76	0,8575758
124,79	0,8575758
124,83	0,8575758
124,85	0,8575758
124,9	0,8575758
124,92	0,8575758
124,97	0,8575758
125	0,8575758
125,05	0,8575758
125,08	0,8575758
125,12	0,8575758
125,15	0,8575758
125,19	0,8575758
125,22	0,8575758
125,26	0,8575758
125,28	0,8575758
125,31	0,8575758
125,34	0,8575758
125,37	0,8575758
125,39	0,8575758
125,4	0,8575758
125,44	0,8575758
125,47	0,8575758
125,52	0,8575758
125,58	0,8575758
125,61	0,8575758
125,64	0,8575758
125,71	0,8575758
125,77	0,8575758
125,82	0,8575758
125,86	0,8575758
125,9	0,8575758
125,91	0,8575758
125,95	0,8575758
125,96	0,8575758
125,99	0,8575758
126,04	0,8575758
126,06	0,8575758
126,1	0,8575758
126,12	0,8575758
126,13	0,8575758
126,17	0,8575758
126,2	0,8575758
126,25	0,8575758
126,28	0,8575758
126,32	0,8575758
126,34	0,8575758
126,38	0,8575758
126,4	0,8575758
126,44	0,8575758
126,46	0,8575758
126,5	0,8575758
126,53	0,8575758
126,57	0,8575758
126,59	0,8575758
126,64	0,8575758
126,67	0,8575758
126,72	0,8575758
126,75	0,8575758
126,79	0,8575758
126,81	0,8575758
126,86	0,8575758
126,88	0,8575758
126,93	0,8575758
126,95	0,8575758
127	0,8575758
127,02	0,8575758
127,06	0,8575758
127,09	0,8575758
127,13	0,8575758
127,15	0,8575758
127,2	0,8575758
127,22	0,8575758
127,26	0,8575758
127,28	0,8575758
127,33	0,8575758
127,35	0,8575758
127,39	0,8575758
127,4	0,8575758
127,45	0,8575758
127,47	0,8575758
127,51	0,8575758
127,56	0,8575758
127,6	0,8575758
127,61	0,8575758
127,67	0,8575758
127,73	0,8575758
127,78	0,8575758
127,8	0,8575758
127,84	0,8575758
127,86	0,8575758
127,9	0,8575758
127,93	0,8575758
127,97	0,8575758
128	0,8575758
128,05	0,8575758
128,12	0,8575758
128,16	0,8575758
128,18	0,8575758
128,23	0,8575758
128,25	0,8575758
128,3	0,8575758
128,33	0,8575758
128,37	0,8575758
128,4	0,8575758
128,44	0,8575758
128,46	0,8575758
128,51	0,8575758
128,54	0,8575758
128,58	0,8575758
128,6	0,8575758
128,65	0,8575758
128,67	0,8575758
128,71	0,8575758
128,74	0,8575758
128,78	0,8575758
128,8	0,8575758
128,84	0,8575758
128,87	0,8575758
128,91	0,8575758
128,93	0,8575758
128,98	0,8575758
129	0,8575758
129,04	0,8575758
129,07	0,8575758
129,12	0,8575758
129,15	0,8575758
129,19	0,8575758
129,21	0,8575758
129,25	0,8575758
129,27	0,8575758
129,32	0,8575758
129,34	0,8575758
129,38	0,8575758
129,4	0,8575758
129,45	0,8575758
129,47	0,8575758
129,51	0,8575758
129,54	0,8575758
129,58	0,8575758
129,6	0,8575758
129,65	0,8575758
129,68	0,8575758
129,72	0,8575758
129,74	0,8575758
129,78	0,8575758
129,81	0,8575758
129,85	0,8575758
129,88	0,8575758
129,92	0,8575758
129,94	0,8575758
129,99	0,8575758
130,01	0,8575758
130,05	0,8575758
130,09	0,8575758
130,13	0,8575758
130,16	0,8575758
130,2	0,8575758
130,22	0,8575758
130,26	0,8575758
130,28	0,8575758
130,32	0,8575758
130,34	0,8575758
130,35	0,8575758
130,4	0,8575758
130,42	0,8575758
130,47	0,8575758
130,5	0,8575758
130,54	0,8575758
130,58	0,8575758
130,63	0,8575758
130,64	0,8575758
130,65	0,8575758
130,69	0,8575758
130,71	0,8575758
130,76	0,8575758
130,78	0,8575758
130,82	0,8575758
130,85	0,8575758
130,9	0,8575758
130,91	0,8575758
130,96	0,8575758
130,98	0,8575758
131	0,8575758
131,02	0,8575758
131,04	0,8575758
131,07	0,8575758
131,12	0,8575758
131,16	0,8575758
131,19	0,8575758
131,23	0,8575758
131,24	0,8575758
131,25	0,8575758
131,3	0,8575758
131,34	0,8575758
131,39	0,8575758
131,42	0,8575758
131,47	0,8575758
131,49	0,8575758
131,55	0,8575758
131,57	0,8575758
131,62	0,8575758
131,65	0,8575758
131,69	0,8575758
131,71	0,8575758
131,75	0,8575758
131,77	0,8575758
131,82	0,8575758
131,83	0,8575758
131,84	0,8575758
131,88	0,8575758
131,92	0,8575758
131,96	0,8575758
131,97	0,8575758
132	0,8575758
132,05	0,8575758
132,1	0,8575758
132,13	0,8575758
132,17	0,8575758
132,2	0,8575758
132,26	0,8575758
132,29	0,8575758
132,34	0,8575758
132,39	0,8575758
132,44	0,8575758
132,49	0,8575758
132,51	0,8575758
132,56	0,8575758
132,58	0,8575758
132,62	0,8575758
132,64	0,8575758
132,69	0,8575758
132,71	0,8575758
132,74	0,8575758
132,77	0,8575758
132,82	0,8575758
132,84	0,8575758
132,88	0,8575758
132,91	0,8575758
132,95	0,8575758
132,97	0,8575758
133,02	0,8575758
133,04	0,8575758
133,08	0,8575758
133,11	0,8575758
133,15	0,8575758
133,16	0,8575758
133,17	0,8575758
133,2	0,8575758
133,22	0,8575758
133,24	0,8575758
133,29	0,8575758
133,37	0,8575758
133,43	0,8575758
133,48	0,8575758
133,5	0,8575758
133,56	0,8575758
133,61	0,8575758
133,63	0,8575758
133,67	0,8575758
133,7	0,8575758
133,74	0,8575758
133,77	0,8575758
133,81	0,8575758
133,84	0,8575758
133,88	0,8575758
133,91	0,8575758
133,95	0,8575758
133,97	0,8575758
134,01	0,8575758
134,03	0,8575758
134,08	0,8575758
134,1	0,8575758
134,14	0,8575758
134,17	0,8575758
134,21	0,8575758
134,24	0,8575758
134,28	0,8575758
134,31	0,8575758
134,35	0,8575758
134,37	0,8575758
134,42	0,8575758
134,45	0,8575758
134,49	0,8575758
134,51	0,8575758
134,56	0,8575758
134,58	0,8575758
134,62	0,8575758
134,65	0,8575758
134,69	0,8575758
134,71	0,8575758
134,75	0,8575758
134,77	0,8575758
134,78	0,8575758
134,79	0,8575758
134,82	0,8575758
134,85	0,8575758
134,9	0,8575758
134,93	0,8575758
134,97	0,8575758
134,99	0,8575758
135,01	0,8575758
135,03	0,8575758
135,04	0,8575758
135,06	0,8575758
135,09	0,8575758
135,12	0,8575758
135,15	0,8575758
135,16	0,8575758
135,17	0,8575758
135,18	0,8575758
135,19	0,8575758
135,24	0,8575758
135,25	0,8575758
135,3	0,8575758
135,34	0,8575758
135,38	0,8575758
135,41	0,8575758
135,45	0,8575758
135,46	0,8575758
135,48	0,8575758
135,54	0,8575758
135,58	0,8575758
135,61	0,8575758
135,64	0,8575758
135,67	0,8575758
135,68	0,8575758
135,71	0,8575758
135,75	0,8575758
135,77	0,8575758
135,82	0,8575758
135,85	0,8575758
135,88	0,8575758
135,9	0,8575758
135,95	0,8575758
135,98	0,8575758
136,02	0,8575758
136,05	0,8575758
136,08	0,8575758
136,12	0,8575758
136,17	0,8575758
136,2	0,8575758
136,24	0,8575758
136,27	0,8575758
136,32	0,8575758
136,37	0,8575758
136,4	0,8575758
136,44	0,8575758
136,46	0,8575758
136,49	0,8575758
136,51	0,8575758
136,53	0,8575758
136,57	0,8575758
136,61	0,8575758
136,63	0,8575758
136,65	0,8575758
136,66	0,8575758
136,67	0,8575758
136,7	0,8575758
136,73	0,8575758
136,75	0,8575758
136,8	0,8575758
136,81	0,8575758
136,83	0,8575758
136,88	0,8575758
136,9	0,8575758
136,95	0,8575758
136,97	0,8575758
136,99	0,8575758
137,02	0,8575758
137,04	0,8575758
137,06	0,8575758
137,09	0,8575758
137,11	0,8575758
137,14	0,8575758
137,17	0,8575758
137,19	0,8575758
137,23	0,8575758
137,26	0,8575758
137,31	0,8575758
137,36	0,8575758
137,38	0,8575758
137,42	0,8575758
137,44	0,8575758
137,45	0,8575758
137,5	0,8575758
137,52	0,8575758
137,58	0,8575758
137,61	0,8575758
137,64	0,8575758
137,68	0,8575758
137,7	0,8575758
137,73	0,8575758
137,76	0,8575758
137,8	0,8575758
137,82	0,8575758
137,86	0,8575758
137,88	0,8575758
137,92	0,8575758
137,95	0,8575758
137,98	0,8575758
138,01	0,8575758
138,05	0,8575758
138,07	0,8575758
138,11	0,8575758
138,13	0,8575758
138,17	0,8575758
138,19	0,8575758
138,22	0,8575758
138,25	0,8575758
138,3	0,8575758
138,31	0,8575758
138,32	0,8575758
138,36	0,8575758
138,39	0,8575758
138,43	0,8575758
138,46	0,8575758
138,55	0,8575758
138,61	0,8575758
138,63	0,8575758
138,68	0,8575758
138,71	0,8575758
138,76	0,8575758
138,77	0,8575758
138,78	0,8575758
138,79	0,8575758
138,82	0,8575758
138,85	0,8575758
138,89	0,8575758
138,91	0,8575758
138,96	0,8575758
138,97	0,8575758
138,98	0,8575758
138,99	0,8575758
139	0,8575758
139,01	0,8575758
139,04	0,8575758
139,09	0,8575758
139,12	0,8575758
139,18	0,8575758
139,22	0,8575758
139,26	0,8575758
139,32	0,8575758
139,36	0,8575758
139,39	0,8575758
139,44	0,8575758
139,46	0,8575758
139,52	0,8575758
139,56	0,8575758
139,62	0,8575758
139,67	0,8575758
139,69	0,8575758
139,73	0,8575758
139,75	0,8575758
139,78	0,8575758
139,82	0,8575758
139,85	0,8575758
139,91	0,8575758
139,93	0,8575758
139,98	0,8575758
140,03	0,8575758
140,05	0,8575758
140,1	0,8575758
140,12	0,8575758
140,17	0,8575758
140,19	0,8575758
140,24	0,8575758
140,26	0,8575758
140,31	0,8575758
140,33	0,8575758
140,37	0,8575758
140,39	0,8575758
140,41	0,8575758
140,42	0,8575758
140,45	0,8575758
140,46	0,8575758
140,47	0,8575758
140,48	0,8575758
140,49	0,8575758
140,5	0,8575758
140,51	0,8575758
140,52	0,8575758
140,53	0,8575758
140,54	0,8575758
140,55	0,8575758
140,56	0,8575758
140,58	0,8575758
140,63	0,8575758
140,65	0,8575758
140,69	0,8575758
140,71	0,8575758
140,74	0,8575758
140,78	0,8575758
140,82	0,8575758
140,84	0,8575758
140,89	0,8575758
140,91	0,8575758
140,92	0,8575758
140,94	0,8575758
140,97	0,8575758
141,02	0,8575758
141,04	0,8575758
141,09	0,8575758
141,12	0,8575758
141,17	0,8575758
141,19	0,8575758
141,23	0,8575758
141,26	0,8575758
141,29	0,8575758
141,3	0,8575758
141,31	0,8575758
141,32	0,8575758
141,35	0,8575758
141,37	0,8575758
141,39	0,8575758
141,4	0,8575758
141,43	0,8575758
141,45	0,8575758
141,5	0,8575758
141,53	0,8575758
141,56	0,8575758
141,58	0,8575758
141,6	0,8575758
141,64	0,8575758
141,66	0,8575758
141,68	0,8575758
141,69	0,8575758
141,7	0,8575758
141,71	0,8575758
141,72	0,8575758
141,74	0,8575758
141,78	0,8575758
141,81	0,8575758
141,86	0,8575758
141,88	0,8575758
141,92	0,8575758
141,93	0,8575758
141,95	0,8575758
142	0,8575758
142,02	0,8575758
142,05	0,8575758
142,08	0,8575758
142,12	0,8575758
142,14	0,8575758
142,18	0,8575758
142,2	0,8575758
142,24	0,8575758
142,27	0,8575758
142,31	0,8575758
142,34	0,8575758
142,38	0,8575758
142,4	0,8575758
142,44	0,8575758
142,46	0,8575758
142,5	0,8575758
142,53	0,8575758
142,58	0,8575758
142,6	0,8575758
142,65	0,8575758
142,67	0,8575758
142,71	0,8575758
142,73	0,8575758
142,78	0,8575758
142,8	0,8575758
142,85	0,8575758
142,87	0,8575758
142,91	0,8575758
142,95	0,8575758
143	0,8575758
143,05	0,8575758
143,07	0,8575758
143,11	0,8575758
143,13	0,8575758
143,17	0,8575758
143,19	0,8575758
143,23	0,8575758
143,26	0,8575758
143,3	0,8575758
143,32	0,8575758
143,37	0,8575758
143,39	0,8575758
143,43	0,8575758
143,45	0,8575758
143,49	0,8575758
143,51	0,8575758
143,57	0,8575758
143,66	0,8575758
143,7	0,8575758
143,72	0,8575758
143,76	0,8575758
143,78	0,8575758
143,82	0,8575758
143,85	0,8575758
143,89	0,8575758
143,91	0,8575758
143,95	0,8575758
143,97	0,8575758
144,02	0,8575758
144,04	0,8575758
144,08	0,8575758
144,1	0,8575758
144,14	0,8575758
144,17	0,8575758
144,21	0,8575758
144,23	0,8575758
144,28	0,8575758
144,3	0,8575758
144,32	0,8575758
144,33	0,8575758
144,36	0,8575758
144,39	0,8575758
144,41	0,8575758
144,43	0,8575758
144,47	0,8575758
144,5	0,8575758
144,53	0,8575758
144,55	0,8575758
144,59	0,8575758
144,62	0,8575758
144,63	0,8575758
144,64	0,8575758
144,65	0,8575758
144,66	0,8575758
144,71	0,8575758
144,75	0,8575758
144,78	0,8575758
144,82	0,8575758
144,83	0,8575758
144,84	0,8575758
144,85	0,8575758
144,86	0,8575758
144,87	0,8575758
144,88	0,8575758
144,89	0,8575758
144,9	0,8575758
144,91	0,8575758
144,92	0,8575758
144,93	0,8575758
144,94	0,8575758
144,95	0,8575758
145	0,8575758
145,02	0,8575758
145,06	0,8575758
145,09	0,8575758
145,13	0,8575758
145,15	0,8575758
145,19	0,8575758
145,22	0,8575758
145,26	0,8575758
145,29	0,8575758
145,33	0,8575758
145,35	0,8575758
145,39	0,8575758
145,41	0,8575758
145,46	0,8575758
145,48	0,8575758
145,51	0,8575758
145,52	0,8575758
145,54	0,8575758
145,58	0,8575758
145,61	0,8575758
145,66	0,8575758
145,69	0,8575758
145,71	0,8575758
145,73	0,8575758
145,74	0,8575758
145,76	0,8575758
145,78	0,8575758
145,79	0,8575758
145,81	0,8575758
145,84	0,8575758
145,88	0,8575758
145,9	0,8575758
145,94	0,8575758
145,97	0,8575758
146,02	0,8575758
146,03	0,8575758
146,04	0,8575758
146,05	0,8575758
146,06	0,8575758
146,09	0,8575758
146,14	0,8575758
146,16	0,8575758
146,2	0,8575758
146,23	0,8575758
146,27	0,8575758
146,29	0,8575758
146,33	0,8575758
146,36	0,8575758
146,4	0,8575758
146,43	0,8575758
146,47	0,8575758
146,48	0,8575758
146,5	0,8575758
146,54	0,8575758
146,58	0,8575758
146,61	0,8575758
146,63	0,8575758
146,65	0,8575758
146,68	0,8575758
146,69	0,8575758
146,72	0,8575758
146,73	0,8575758
146,75	0,8575758
146,78	0,8575758
146,79	0,8575758
146,8	0,8575758
146,83	0,8575758
146,87	0,8575758
146,89	0,8575758
146,93	0,8575758
146,94	0,8575758
146,96	0,8575758
147	0,8575758
147,03	0,8575758
147,07	0,8575758
147,09	0,8575758
147,14	0,8575758
147,16	0,8575758
147,2	0,8575758
147,22	0,8575758
147,27	0,8575758
147,29	0,8575758
147,34	0,8575758
147,36	0,8575758
147,4	0,8575758
147,42	0,8575758
147,47	0,8575758
147,49	0,8575758
147,53	0,8575758
147,56	0,8575758
147,61	0,8575758
147,64	0,8575758
147,68	0,8575758
147,7	0,8575758
147,75	0,8575758
147,77	0,8575758
147,81	0,8575758
147,83	0,8575758
147,87	0,8575758
147,89	0,8575758
147,94	0,8575758
147,97	0,8575758
148,01	0,8575758
148,03	0,8575758
148,08	0,8575758
148,1	0,8575758
148,15	0,8575758
148,17	0,8575758
148,22	0,8575758
148,24	0,8575758
148,27	0,8575758
148,3	0,8575758
148,34	0,8575758
148,36	0,8575758
148,4	0,8575758
148,42	0,8575758
148,46	0,8575758
148,49	0,8575758
148,53	0,8575758
148,59	0,8575758
148,65	0,8575758
148,69	0,8575758
148,72	0,8575758
148,75	0,8575758
148,78	0,8575758
148,82	0,8575758
148,84	0,8575758
148,88	0,8575758
148,89	0,8575758
148,92	0,8575758
148,94	0,8575758
148,97	0,8575758
149,02	0,8575758
149,03	0,8575758
149,07	0,8575758
149,09	0,8575758
149,14	0,8575758
149,16	0,8575758
149,19	0,8575758
149,22	0,8575758
149,26	0,8575758
149,28	0,8575758
149,3	0,8575758
149,33	0,8575758
149,35	0,8575758
149,38	0,8575758
149,39	0,8575758
149,41	0,8575758
149,45	0,8575758
149,47	0,8575758
149,5	0,8575758
149,52	0,8575758
149,55	0,8575758
149,59	0,8575758
149,61	0,8575758
149,65	0,8575758
149,67	0,8575758
149,7	0,8575758
149,72	0,8575758
149,74	0,8575758
149,76	0,8575758
149,78	0,8575758
149,8	0,8575758
149,81	0,8575758
149,86	0,8575758
149,88	0,8575758
149,92	0,8575758
149,94	0,8575758
149,99	0,8575758
150,02	0,8575758
150,06	0,8575758
150,1	0,8575758
150,13	0,8575758
150,16	0,8575758
150,18	0,8575758
150,19	0,8575758
150,21	0,8575758
150,23	0,8575758
150,27	0,8575758
150,28	0,8575758
150,3	0,8575758
150,32	0,8575758
150,33	0,8575758
150,36	0,8575758
150,37	0,8575758
150,38	0,8575758
150,41	0,8575758
150,44	0,8575758
150,47	0,8575758
150,5	0,8575758
150,51	0,8575758
150,54	0,8575758
150,57	0,8575758
150,59	0,8575758
150,61	0,8575758
150,63	0,8575758
150,69	0,8575758
150,71	0,8575758
150,73	0,8575758
150,75	0,8575758
150,76	0,8575758
150,78	0,8575758
150,8	0,8575758
150,81	0,8575758
150,82	0,8575758
150,85	0,8575758
150,86	0,8575758
150,89	0,8575758
150,91	0,8575758
150,92	0,8575758
150,93	0,8575758
150,97	0,8575758
150,99	0,8575758
151,03	0,8575758
151,06	0,8575758
151,1	0,8575758
151,12	0,8575758
151,16	0,8575758
151,18	0,8575758
151,22	0,8575758
151,25	0,8575758
151,29	0,8575758
151,31	0,8575758
151,36	0,8575758
151,38	0,8575758
151,41	0,8575758
151,43	0,8575758
151,45	0,8575758
151,5	0,8575758
151,54	0,8575758
151,58	0,8575758
151,59	0,8575758
151,6	0,8575758
151,64	0,8575758
151,66	0,8575758
151,69	0,8575758
151,7	0,8575758
151,71	0,8575758
151,74	0,8575758
151,8	0,8575758
151,83	0,8575758
151,85	0,8575758
151,88	0,8575758
151,91	0,8575758
151,92	0,8575758
151,94	0,8575758
151,99	0,8575758
152,02	0,8575758
152,05	0,8575758
152,07	0,8575758
152,09	0,8575758
152,14	0,8575758
152,15	0,8575758
152,21	0,8575758
152,26	0,8575758
152,28	0,8575758
152,31	0,8575758
152,33	0,8575758
152,34	0,8575758
152,36	0,8575758
152,37	0,8575758
152,41	0,8575758
152,43	0,8575758
152,44	0,8575758
152,45	0,8575758
152,47	0,8575758
152,52	0,8575758
152,56	0,8575758
152,6	0,8575758
152,62	0,8575758
152,64	0,8575758
152,65	0,8575758
152,66	0,8575758
152,67	0,8575758
152,68	0,8575758
152,71	0,8575758
152,72	0,8575758
152,73	0,8575758
152,74	0,8575758
152,75	0,8575758
152,76	0,8575758
152,78	0,8575758
152,79	0,8575758
152,8	0,8575758
152,81	0,8575758
152,82	0,8575758
152,83	0,8575758
152,84	0,8575758
152,85	0,8575758
152,9	0,8575758
152,92	0,8575758
152,94	0,8575758
152,96	0,8575758
153	0,8575758
153,02	0,8575758
153,06	0,8575758
153,08	0,8575758
153,12	0,8575758
153,14	0,8575758
153,18	0,8575758
153,2	0,8575758
153,22	0,8575758
153,23	0,8575758
153,24	0,8575758
153,26	0,8575758
153,29	0,8575758
153,31	0,8575758
153,33	0,8575758
153,42	0,8575758
153,44	0,8575758
153,46	0,8575758
153,48	0,8575758
153,53	0,8575758
153,55	0,8575758
153,59	0,8575758
153,61	0,8575758
153,63	0,8575758
153,66	0,8575758
153,68	0,8575758
153,73	0,8575758
153,75	0,8575758
153,79	0,8575758
153,81	0,8575758
153,85	0,8575758
153,86	0,8575758
153,9	0,8575758
153,92	0,8575758
153,94	0,8575758
153,96	0,8575758
153,99	0,8575758
154,01	0,8575758
154,05	0,8575758
154,07	0,8575758
154,08	0,8575758
154,09	0,8575758
154,1	0,8575758
154,11	0,8575758
154,12	0,8575758
154,13	0,8575758
154,14	0,8575758
154,15	0,8575758
154,17	0,8575758
154,2	0,8575758
154,24	0,8575758
154,26	0,8575758
154,3	0,8575758
154,33	0,8575758
154,36	0,8575758
154,38	0,8575758
154,41	0,8575758
154,46	0,8575758
154,5	0,8575758
154,51	0,8575758
154,53	0,8575758
154,54	0,8575758
154,55	0,8575758
154,56	0,8575758
154,61	0,8575758
154,62	0,8575758
154,64	0,8575758
154,67	0,8575758
154,69	0,8575758
154,72	0,8575758
154,74	0,8575758
154,76	0,8575758
154,8	0,8575758
154,83	0,8575758
154,86	0,8575758
154,88	0,8575758
154,89	0,8575758
154,9	0,8575758
154,91	0,8575758
154,93	0,8575758
154,95	0,8575758
155	0,8575758
155,01	0,8575758
155,04	0,8575758
155,06	0,8575758
155,08	0,8575758
155,1	0,8575758
155,13	0,8575758
155,16	0,8575758
155,2	0,8575758
155,22	0,8575758
155,26	0,8575758
155,28	0,8575758
155,31	0,8575758
155,32	0,8575758
155,34	0,8575758
155,36	0,8575758
155,37	0,8575758
155,38	0,8575758
155,39	0,8575758
155,41	0,8575758
155,43	0,8575758
155,44	0,8575758
155,45	0,8575758
155,46	0,8575758
155,47	0,8575758
155,48	0,8575758
155,49	0,8575758
155,5	0,8575758
155,52	0,8575758
155,55	0,8575758
155,56	0,8575758
155,57	0,8575758
155,58	0,8575758
155,59	0,8575758
155,62	0,8575758
155,64	0,8575758
155,68	0,8575758
155,71	0,8575758
155,75	0,8575758
155,77	0,8575758
155,82	0,8575758
155,83	0,8575758
155,87	0,8575758
155,88	0,8575758
155,91	0,8575758
155,93	0,8575758
155,96	0,8575758
155,97	0,8575758
155,99	0,8575758
156	0,8575758
156,01	0,8575758
156,03	0,8575758
156,08	0,8575758
156,1	0,8575758
156,14	0,8575758
156,17	0,8575758
156,19	0,8575758
156,2	0,8575758
156,21	0,8575758
156,22	0,8575758
156,23	0,8575758
156,24	0,8575758
156,25	0,8575758
156,28	0,8575758
156,3	0,8575758
156,31	0,8575758
156,32	0,8575758
156,33	0,8575758
156,34	0,8575758
156,35	0,8575758
156,36	0,8575758
156,41	0,8575758
156,43	0,8575758
156,48	0,8575758
156,5	0,8575758
156,53	0,8575758
156,54	0,8575758
156,55	0,8575758
156,56	0,8575758
156,57	0,8575758
156,58	0,8575758
156,6	0,8575758
156,62	0,8575758
156,65	0,8575758
156,66	0,8575758
156,67	0,8575758
156,7	0,8575758
156,73	0,8575758
156,74	0,8575758
156,76	0,8575758
156,8	0,8575758
156,81	0,8575758
156,82	0,8575758
156,85	0,8575758
156,87	0,8575758
156,88	0,8575758
156,89	0,8575758
156,9	0,8575758
156,91	0,8575758
156,92	0,8575758
156,95	0,8575758
156,98	0,8575758
156,99	0,8575758
157	0,8575758
157,02	0,8575758
157,06	0,8575758
157,07	0,8575758
157,08	0,8575758
157,09	0,8575758
157,12	0,8575758
157,14	0,8575758
157,15	0,8575758
157,16	0,8575758
157,17	0,8575758
157,21	0,8575758
157,22	0,8575758
157,23	0,8575758
157,24	0,8575758
157,25	0,8575758
157,26	0,8575758
157,29	0,8575758
157,32	0,8575758
157,33	0,8575758
157,36	0,8575758
157,39	0,8575758
157,41	0,8575758
157,43	0,8575758
157,44	0,8575758
157,45	0,8575758
157,47	0,8575758
157,48	0,8575758
157,49	0,8575758
157,5	0,8575758
157,51	0,8575758
157,53	0,8575758
157,55	0,8575758
157,56	0,8575758
157,58	0,8575758
157,59	0,8575758
157,6	0,8575758
157,62	0,8575758
157,63	0,8575758
157,64	0,8575758
157,65	0,8575758
157,66	0,8575758
157,67	0,8575758
157,68	0,8575758
157,72	0,8575758
157,75	0,8575758
157,79	0,8575758
157,81	0,8575758
157,85	0,8575758
157,88	0,8575758
157,89	0,8575758
157,91	0,8575758
157,92	0,8575758
157,93	0,8575758
157,94	0,8575758
157,95	0,8575758
157,96	0,8575758
157,97	0,8575758
157,98	0,8575758
157,99	0,8575758
158	0,8575758
158,03	0,8575758
158,06	0,8575758
158,1	0,8575758
158,12	0,8575758
158,17	0,8575758
158,19	0,8575758
158,24	0,8575758
158,26	0,8575758
158,31	0,8575758
158,35	0,8575758
158,39	0,8575758
158,4	0,8575758
158,41	0,8575758
158,45	0,8575758
158,47	0,8575758
158,5	0,8575758
158,51	0,8575758
158,54	0,8575758
158,57	0,8575758
158,58	0,8575758
158,59	0,8575758
158,6	0,8575758
158,61	0,8575758
158,62	0,8575758
158,65	0,8575758
158,67	0,8575758
158,7	0,8575758
158,71	0,8575758
158,72	0,8575758
158,75	0,8575758
158,79	0,8575758
158,81	0,8575758
158,84	0,8575758
158,87	0,8575758
158,91	0,8575758
158,94	0,8575758
158,98	0,8575758
158,99	0,8575758
159,01	0,8575758
159,05	0,8575758
159,07	0,8575758
159,1	0,8575758
159,11	0,8575758
159,14	0,8575758
159,16	0,8575758
159,17	0,8575758
159,18	0,8575758
159,21	0,8575758
159,24	0,8575758
159,26	0,8575758
159,29	0,8575758
159,33	0,8575758
159,35	0,8575758
159,39	0,8575758
159,41	0,8575758
159,42	0,8575758
159,43	0,8575758
159,45	0,8575758
159,47	0,8575758
159,49	0,8575758
159,5	0,8575758
159,51	0,8575758
159,52	0,8575758
159,53	0,8575758
159,54	0,8575758
159,55	0,8575758
159,57	0,8575758
159,58	0,8575758
159,6	0,8575758
159,61	0,8575758
159,62	0,8575758
159,63	0,8575758
159,64	0,8575758
159,67	0,8575758
159,71	0,8575758
159,74	0,8575758
159,79	0,8575758
159,81	0,8575758
159,85	0,8575758
159,87	0,8575758
159,91	0,8575758
159,92	0,8575758
159,95	0,8575758
159,99	0,8575758
160,01	0,8575758
160,06	0,8575758
160,08	0,8575758
160,13	0,8575758
160,15	0,8575758
160,19	0,8575758
160,21	0,8575758
160,23	0,8575758
160,25	0,8575758
160,27	0,8575758
160,31	0,8575758
160,33	0,8575758
160,37	0,8575758
160,4	0,8575758
160,44	0,8575758
160,46	0,8575758
160,51	0,8575758
160,52	0,8575758
160,54	0,8575758
160,57	0,8575758
160,58	0,8575758
160,61	0,8575758
160,62	0,8575758
160,64	0,8575758
160,69	0,8575758
160,72	0,8575758
160,76	0,8575758
160,78	0,8575758
160,83	0,8575758
160,85	0,8575758
160,89	0,8575758
160,91	0,8575758
160,95	0,8575758
160,97	0,8575758
161,01	0,8575758
161,03	0,8575758
161,04	0,8575758
161,07	0,8575758
161,08	0,8575758
161,11	0,8575758
161,15	0,8575758
161,17	0,8575758
161,22	0,8575758
161,24	0,8575758
161,26	0,8575758
161,29	0,8575758
161,31	0,8575758
161,35	0,8575758
161,37	0,8575758
161,41	0,8575758
161,43	0,8575758
161,44	0,8575758
161,49	0,8575758
161,51	0,8575758
161,55	0,8575758
161,56	0,8575758
161,59	0,8575758
161,61	0,8575758
161,63	0,8575758
161,64	0,8575758
161,67	0,8575758
161,72	0,8575758
161,74	0,8575758
161,78	0,8575758
161,8	0,8575758
161,84	0,8575758
161,86	0,8575758
161,9	0,8575758
161,92	0,8575758
161,97	0,8575758
161,99	0,8575758
162,03	0,8575758
162,05	0,8575758
162,09	0,8575758
162,11	0,8575758
162,15	0,8575758
162,17	0,8575758
162,22	0,8575758
162,24	0,8575758
162,28	0,8575758
162,3	0,8575758
162,34	0,8575758
162,37	0,8575758
162,41	0,8575758
162,43	0,8575758
162,47	0,8575758
162,5	0,8575758
162,58	0,8575758
162,61	0,8575758
162,63	0,8575758
162,65	0,8575758
162,69	0,8575758
162,71	0,8575758
162,75	0,8575758
162,77	0,8575758
162,82	0,8575758
162,84	0,8575758
162,88	0,8575758
162,91	0,8575758
162,95	0,8575758
162,97	0,8575758
163,02	0,8575758
163,04	0,8575758
163,09	0,8575758
163,12	0,8575758
163,15	0,8575758
163,18	0,8575758
163,22	0,8575758
163,25	0,8575758
163,3	0,8575758
163,32	0,8575758
163,36	0,8575758
163,38	0,8575758
163,42	0,8575758
163,43	0,8575758
163,45	0,8575758
163,49	0,8575758
163,52	0,8575758
163,55	0,8575758
163,57	0,8575758
163,6	0,8575758
163,64	0,8575758
163,66	0,8575758
163,7	0,8575758
163,72	0,8575758
163,77	0,8575758
163,8	0,8575758
163,88	0,8575758
163,92	0,8575758
163,95	0,8575758
163,99	0,8575758
164,01	0,8575758
164,06	0,8575758
164,08	0,8575758
164,13	0,8575758
164,15	0,8575758
164,19	0,8575758
164,22	0,8575758
164,26	0,8575758
164,29	0,8575758
164,33	0,8575758
164,36	0,8575758
164,4	0,8575758
164,42	0,8575758
164,46	0,8575758
164,48	0,8575758
164,53	0,8575758
164,56	0,8575758
164,61	0,8575758
164,63	0,8575758
164,67	0,8575758
164,7	0,8575758
164,74	0,8575758
164,76	0,8575758
164,8	0,8575758
164,82	0,8575758
164,87	0,8575758
164,89	0,8575758
164,93	0,8575758
164,96	0,8575758
165,01	0,8575758
165,03	0,8575758
165,07	0,8575758
165,09	0,8575758
165,14	0,8575758
165,17	0,8575758
165,2	0,8575758
165,21	0,8575758
165,24	0,8575758
165,29	0,8575758
165,31	0,8575758
165,35	0,8575758
165,38	0,8575758
165,42	0,8575758
165,44	0,8575758
165,48	0,8575758
165,5	0,8575758
165,56	0,8575758
165,59	0,8575758
165,61	0,8575758
165,63	0,8575758
165,66	0,8575758
165,67	0,8575758
165,68	0,8575758
165,69	0,8575758
165,7	0,8575758
165,73	0,8575758
165,75	0,8575758
165,78	0,8575758
165,81	0,8575758
165,82	0,8575758
165,84	0,8575758
165,87	0,8575758
165,91	0,8575758
165,93	0,8575758
165,97	0,8575758
165,99	0,8575758
166,04	0,8575758
166,06	0,8575758
166,1	0,8575758
166,12	0,8575758
166,17	0,8575758
166,19	0,8575758
166,23	0,8575758
166,25	0,8575758
166,29	0,8575758
166,31	0,8575758
166,37	0,8575758
166,41	0,8575758
166,43	0,8575758
166,48	0,8575758
166,51	0,8575758
166,56	0,8575758
166,59	0,8575758
166,63	0,8575758
166,66	0,8575758
166,7	0,8575758
166,72	0,8575758
166,77	0,8575758
166,79	0,8575758
166,84	0,8575758
166,86	0,8575758
166,9	0,8575758
166,92	0,8575758
166,97	0,8575758
166,99	0,8575758
167,03	0,8575758
167,06	0,8575758
167,1	0,8575758
167,13	0,8575758
167,17	0,8575758
167,2	0,8575758
167,25	0,8575758
167,27	0,8575758
167,31	0,8575758
167,32	0,8575758
167,33	0,8575758
167,38	0,8575758
167,42	0,8575758
167,47	0,8575758
167,49	0,8575758
167,54	0,8575758
167,57	0,8575758
167,62	0,8575758
167,64	0,8575758
167,69	0,8575758
167,72	0,8575758
167,78	0,8575758
167,83	0,8575758
167,86	0,8575758
167,92	0,8575758
167,97	0,8575758
167,98	0,8575758
168	0,8575758
168,03	0,8575758
168,05	0,8575758
168,09	0,8575758
168,11	0,8575758
168,16	0,8575758
168,18	0,8575758
168,23	0,8575758
168,24	0,8575758
168,29	0,8575758
168,31	0,8575758
168,36	0,8575758
168,38	0,8575758
168,43	0,8575758
168,45	0,8575758
168,49	0,8575758
168,52	0,8575758
168,57	0,8575758
168,59	0,8575758
168,64	0,8575758
168,66	0,8575758
168,71	0,8575758
168,73	0,8575758
168,78	0,8575758
168,8	0,8575758
168,84	0,8575758
168,85	0,8575758
168,87	0,8575758
168,92	0,8575758
168,94	0,8575758
168,99	0,8575758
169,01	0,8575758
169,05	0,8575758
169,07	0,8575758
169,12	0,8575758
169,14	0,8575758
169,18	0,8575758
169,2	0,8575758
169,24	0,8575758
169,26	0,8575758
169,3	0,8575758
169,32	0,8575758
169,37	0,8575758
169,39	0,8575758
169,44	0,8575758
169,46	0,8575758
169,5	0,8575758
169,53	0,8575758
169,57	0,8575758
169,59	0,8575758
169,64	0,8575758
169,66	0,8575758
169,71	0,8575758
169,73	0,8575758
169,77	0,8575758
169,8	0,8575758
169,84	0,8575758
169,87	0,8575758
169,91	0,8575758
169,93	0,8575758
169,98	0,8575758
170	0,8575758
170,04	0,8575758
170,07	0,8575758
170,11	0,8575758
170,13	0,8575758
170,18	0,8575758
170,21	0,8575758
170,25	0,8575758
170,27	0,8575758
170,32	0,8575758
170,35	0,8575758
170,39	0,8575758
170,42	0,8575758
170,43	0,8575758
170,44	0,8575758
170,47	0,8575758
170,49	0,8575758
170,53	0,8575758
170,56	0,8575758
170,61	0,8575758
170,62	0,8575758
170,66	0,8575758
170,67	0,8575758
170,7	0,8575758
170,71	0,8575758
170,72	0,8575758
170,73	0,8575758
170,76	0,8575758
170,77	0,8575758
170,79	0,8575758
170,83	0,8575758
170,84	0,8575758
170,85	0,8575758
170,87	0,8575758
170,89	0,8575758
170,9	0,8575758
170,91	0,8575758
170,92	0,8575758
170,93	0,8575758
170,94	0,8575758
170,95	0,8575758
170,96	0,8575758
170,97	0,8575758
171,03	0,8575758
171,04	0,8575758
171,06	0,8575758
171,08	0,8575758
171,1	0,8575758
171,12	0,8575758
171,14	0,8575758
171,16	0,8575758
171,2	0,8575758
171,22	0,8575758
171,25	0,8575758
171,26	0,8575758
171,27	0,8575758
171,3	0,8575758
171,32	0,8575758
171,35	0,8575758
171,36	0,8575758
171,37	0,8575758
171,39	0,8575758
171,41	0,8575758
171,42	0,8575758
171,43	0,8575758
171,44	0,8575758
171,46	0,8575758
171,48	0,8575758
171,52	0,8575758
171,54	0,8575758
171,57	0,8575758
171,58	0,8575758
171,59	0,8575758
171,61	0,8575758
171,65	0,8575758
171,68	0,8575758
171,69	0,8575758
171,7	0,8575758
171,72	0,8575758
171,73	0,8575758
171,74	0,8575758
171,75	0,8575758
171,76	0,8575758
171,77	0,8575758
171,78	0,8575758
171,82	0,8575758
171,85	0,8575758
171,86	0,8575758
171,87	0,8575758
171,88	0,8575758
171,9	0,8575758
171,91	0,8575758
171,92	0,8575758
171,93	0,8575758
171,95	0,8575758
171,97	0,8575758
172	0,8575758
172,01	0,8575758
172,02	0,8575758
172,04	0,8575758
172,05	0,8575758
172,07	0,8575758
172,09	0,8575758
172,1	0,8575758
172,12	0,8575758
172,14	0,8575758
172,18	0,8575758
172,19	0,8575758
172,22	0,8575758
172,23	0,8575758
172,24	0,8575758
172,25	0,8575758
172,26	0,8575758
172,29	0,8575758
172,32	0,8575758
172,33	0,8575758
172,34	0,8575758
172,35	0,8575758
172,38	0,8575758
172,39	0,8575758
172,4	0,8575758
172,41	0,8575758
172,42	0,8575758
172,43	0,8575758
172,44	0,8575758
172,45	0,8575758
172,46	0,8575758
172,47	0,8575758
172,48	0,8575758
172,5	0,8575758
172,53	0,8575758
172,58	0,8575758
172,61	0,8575758
172,65	0,8575758
172,66	0,8575758
172,69	0,8575758
172,7	0,8575758
172,71	0,8575758
172,73	0,8575758
172,75	0,8575758
172,76	0,8575758
172,77	0,8575758
172,78	0,8575758
172,8	0,8575758
172,82	0,8575758
172,85	0,8575758
172,86	0,8575758
172,87	0,8575758
172,88	0,8575758
172,89	0,8575758
172,9	0,8575758
172,91	0,8575758
172,92	0,8575758
172,94	0,8575758
172,99	0,8575758
173,01	0,8575758
173,05	0,8575758
173,08	0,8575758
173,09	0,8575758
173,1	0,8575758
173,11	0,8575758
173,14	0,8575758
173,18	0,8575758
173,21	0,8575758
173,22	0,8575758
173,23	0,8575758
173,24	0,8575758
173,25	0,8575758
173,26	0,8575758
173,27	0,8575758
173,28	0,8575758
173,29	0,8575758
173,3	0,8575758
173,31	0,8575758
173,34	0,8575758
173,35	0,8575758
173,36	0,8575758
173,37	0,8575758
173,38	0,8575758
173,39	0,8575758
173,4	0,8575758
173,41	0,8575758
173,42	0,8575758
173,43	0,8575758
173,44	0,8575758
173,45	0,8575758
173,46	0,8575758
173,47	0,8575758
173,48	0,8575758
173,49	0,8575758
173,5	0,8575758
173,51	0,8575758
173,52	0,8575758
173,53	0,8575758
173,54	0,8575758
173,55	0,8575758
173,56	0,8575758
173,57	0,8575758
173,58	0,8575758
173,59	0,8575758
173,6	0,8575758
173,61	0,8575758
173,62	0,8575758
173,63	0,8575758
173,64	0,8575758
173,65	0,8575758
173,66	0,8575758
173,67	0,8575758
173,68	0,8575758
173,69	0,8575758
173,7	0,8575758
173,71	0,8575758
173,72	0,8575758
173,73	0,8575758
173,74	0,8575758
173,75	0,8575758
173,76	0,8575758
173,77	0,8575758
173,78	0,8575758
173,79	0,8575758
173,8	0,8575758
173,81	0,8575758
173,82	0,8575758
173,83	0,8575758
173,84	0,8575758
173,85	0,8575758
173,86	0,8575758
173,87	0,8575758
173,89	0,8575758
173,9	0,8575758
173,91	0,8575758
173,92	0,8575758
173,93	0,8575758
