04/06/2014 11:35:52
id4
C:\Users\Annotations\Desktop\Annotation\Test_Data\G2\Islands.mp4
C:\Users\Annotations\Desktop\Annotation\Trace2011\Ratings\valence.jpg
Valence
-1,1
255,0,0	0,255,0	125,125,125
0
0,07	0
0,21	0
0,25	0
0,28	0
0,33	0
0,38	0
0,43	0
0,45	0
0,51	0
0,57	0
0,62	0
0,64	0
0,69	0
0,7	0
0,71	0
0,72	0
0,73	0
0,76	0
0,81	0
0,82	0
0,84	0
0,86	0
0,88	0
0,93	0
0,97	0
1,02	0
1,06	0
1,11	0
1,13	0
1,16	0
1,17	0
1,19	0
1,24	0
1,25	0
1,27	0
1,29	0
1,31	0
1,36	0
1,39	0
1,43	0
1,46	0
1,52	0
1,58	0
1,61	0
1,63	0
1,65	0
1,68	0
1,7	0
1,73	0
1,77	0
1,8	0
1,85	0
1,87	0
1,92	0
1,95	0
1,99	0
2,02	0
2,04	0
2,07	0
2,1	0
2,15	0
2,17	0
2,18	0
2,21	0
2,23	0
2,26	0
2,28	0
2,32	0
2,37	0
2,38	0
2,4	0
2,41	0
2,42	0
2,43	0
2,44	0
2,49	0
2,52	0
2,58	0
2,62	0
2,64	0
2,69	0
2,71	0
2,75	0
2,78	0
2,82	0
2,85	0
2,89	0
2,92	0
2,96	0
2,98	0
3,03	0
3,05	0
3,1	0
3,12	0
3,17	0
3,19	0
3,24	0
3,26	0
3,31	0
3,33	0
3,37	0
3,4	0
3,47	0
3,51	0
3,55	0
3,61	0
3,66	0
3,68	0
3,73	0
3,75	0
3,8	0
3,82	0
3,87	0
3,89	0
3,93	0
3,94	0
3,95	0
3,97	0
4,01	0
4,04	0
4,08	0
4,11	0
4,12	0
4,14	0
4,17	0
4,22	0
4,27	0
4,32	0
4,36	0
4,39	0
4,44	0
4,48	0
4,51	0
4,56	0
4,58	0
4,63	0
4,67	0
4,72	0
4,74	0
4,77	0
4,78	0
4,79	0
4,81	0
4,85	0
4,87	0
4,92	0
4,94	0
4,99	0
5,01	0
5,05	0
5,08	0
5,12	0
5,15	0
5,2	0
5,23	0
5,28	0
5,3	0
5,32	0
5,33	0
5,34	0
5,37	0
5,41	0
5,43	0
5,45	0
5,46	0
5,47	0
5,49	0
5,54	0
5,57	0
5,62	0
5,65	0
5,69	0
5,7	0
5,72	0
5,74	0
5,78	0
5,83	0
5,85	0
5,9	0
5,93	0
5,98	0
6	0
6,05	0
6,07	0
6,13	0
6,18	0
6,2	0
6,25	0
6,27	0
6,32	0
6,34	0
6,39	0
6,41	0
6,47	0
6,51	0
6,54	0
6,58	0
6,61	0
6,63	0
6,64	0
6,66	0
6,68	0
6,72	0
6,75	0
6,79	0
6,82	0
6,86	0
6,89	0
6,93	0
6,95	0
6,98	0
7	0
7,02	0
7,07	0
7,1	0
7,15	0
7,16	0
7,19	0
7,2	0
7,22	0
7,27	0
7,3	0
7,33	0
7,34	0
7,37	0
7,39	0
7,42	0
7,43	0
7,46	0
7,49	0
7,51	0
7,56	0
7,59	0
7,63	0
7,66	0
7,71	0
7,75	0
7,79	0
7,81	0
7,86	0
7,88	0
7,93	0
7,95	0
7,97	0
7,98	0
7,99	0
8,01	0
8,03	0
8,06	0
8,08	0
8,11	0
8,13	0
8,16	0
8,19	0
8,21	0
8,22	0
8,26	0
8,27	0
8,29	0
8,31	0
8,33	0
8,35	0
8,4	0
8,42	0
8,48	0
8,53	0
8,55	0
8,59	0
8,61	0
8,66	0
8,68	0
8,75	0
8,79	0
8,82	0
8,87	0
8,9	0
8,95	0
8,97	0
9,02	0
9,04	0
9,1	0
9,14	0
9,17	0
9,21	0
9,24	0
9,29	0
9,31	0
9,35	0
9,37	0
9,41	0
9,44	0
9,48	0
9,49	0
9,5	0
9,54	0
9,57	0
9,62	0
9,63	0
9,68	0
9,7	0
9,75	0
9,76	0
9,81	0
9,84	0
9,89	0
9,91	0
9,96	0
9,99	0
10,04	0
10,06	0
10,11	0
10,14	0
10,19	0
10,21	0
10,26	0
10,28	0
10,32	0
10,35	0
10,39	0
10,42	0
10,46	0
10,48	0
10,53	0
10,56	0
10,6	0
10,62	0
10,67	0
10,69	0
10,75	0
10,79	0
10,82	0
10,87	0
10,89	0
10,94	0
10,96	0
11	0
11,02	0
11,08	0
11,13	0
11,15	0
11,2	0
11,22	0
11,27	0
11,29	0
11,32	0
11,35	0
11,39	0
11,41	0
11,46	0
11,48	0
11,53	0
11,57	0
11,61	0
11,63	0
11,68	0
11,7	0
11,75	0
11,77	0
11,8	0
11,84	0
11,88	0
11,91	0
11,96	0
11,98	0
12,03	0
12,06	0
12,11	0
12,13	0
12,18	0
12,2	0
12,25	0
12,27	0
12,33	0
12,38	0
12,4	0
12,45	0
12,47	0
12,51	0
12,55	0
12,59	0
12,62	0
12,67	0
12,7	0
12,74	0
12,76	0
12,81	0
12,84	0
12,89	0
12,91	0
12,97	0
13,02	0
13,04	0
13,08	0
13,11	0
13,16	0
13,19	0
13,23	0
13,25	0
13,3	0
13,32	0
13,42	0
13,46	0
13,48	0
13,51	0
13,55	0
13,59	0
13,61	0
13,66	0
13,68	0
13,72	0
13,74	0
13,79	0
13,81	0
13,85	0
13,87	0
13,91	0
13,94	0
13,98	0
14,01	0
14,05	0
14,07	0
14,12	0
14,14	0
14,19	0
14,21	0
14,26	0
14,28	0
14,31	0
14,33	0
14,35	0
14,4	0
14,43	0
14,48	0
14,5	0
14,56	0
14,6	0
14,63	0
14,69	0
14,75	0
14,8	0
14,82	0
14,87	0
14,9	0
14,96	0
15,02	0
15,05	0
15,11	0
15,16	0
15,19	0
15,23	0
15,26	0
15,31	0
15,34	0
15,39	0
15,41	0
15,46	0
15,49	0
15,54	0
15,57	0
15,62	0
15,65	0
15,7	0
15,72	0
15,76	0
15,77	0
15,78	0
15,83	0
15,84	0
15,87	0
15,89	0
15,92	0
15,97	0
15,99	0
16,04	0
16,07	0
16,11	0
16,12	0
16,14	0
16,19	0
16,22	0
16,27	0
16,3	0
16,35	0
16,37	0
16,42	0
16,45	0
16,47	0
16,48	0
16,49	0
16,5	0
16,51	0
16,52	0
16,53	0
16,54	0
16,55	0
16,57	0
16,61	0
16,64	0
16,68	0
16,69	0
16,72	0
16,77	0
16,8	0
16,86	0
16,92	0
16,95	0
16,96	0
16,98	0
17,04	0
17,07	0
17,1	0
17,12	0
17,14	0
17,16	0
17,22	0
17,26	0
17,29	0
17,32	0
17,34	0
17,35	0
17,39	0
17,4	0
17,41	0
17,44	0
17,47	0
17,51	0
17,55	0
17,58	0
17,59	0
17,6	0
17,61	0
17,63	0
17,64	0
17,65	0
17,66	0
17,67	0
17,68	0
17,69	0
17,72	0
17,74	0
17,76	0
17,79	0
17,8	0
17,86	0
17,91	0
17,93	0
17,98	0
17,99	0
18	0
18,02	0
18,05	0
18,11	0
18,16	0
18,19	0
18,24	0
18,27	0
18,31	0
18,33	0
18,37	0
18,38	0
18,39	0
18,45	0
18,46	0
18,47	0
18,48	0
18,49	0
18,5	0
18,54	0
18,56	0
18,57	0
18,58	0
18,59	0
18,61	0
18,63	0
18,64	0
18,66	0
18,68	0
18,7	0
18,73	0
18,74	0
18,76	0
18,78	0
18,79	0
18,8	0
18,81	0
18,82	0
18,84	0
18,85	0
18,86	0
18,88	0
18,93	0
18,96	0
19	0
19,02	0
19,07	0
19,09	0
19,15	0
19,19	0
19,22	0
19,27	0
19,29	0
19,34	0
19,36	0
19,41	0
19,44	0
19,49	0
19,51	0
19,56	0
19,59	0
19,63	0
19,66	0
19,71	0
19,74	0
19,79	0
19,81	0
19,86	0
19,89	0
19,94	0
19,96	0
20	0
20,03	0
20,08	0
20,12	0
20,17	0
20,2	0
20,25	0
20,28	0
20,32	0
20,35	0
20,39	0
20,42	0
20,46	0
20,48	0
20,53	0
20,55	0
20,6	0
20,62	0
20,67	0
20,69	0
20,74	0
20,77	0
20,82	0
20,85	0
20,9	0
20,92	0
20,97	0
20,99	0
21,04	0
21,07	0
21,12	0
21,14	0
21,2	0
21,25	0
21,28	0
21,33	0
21,36	0
21,41	0
21,42	0
21,47	0
21,49	0
21,55	0
21,6	0
21,62	0
21,68	0
21,73	0
21,75	0
21,8	0
21,83	0
21,87	0
21,89	0
21,91	0
21,92	0
21,93	0
21,94	0
21,95	0
21,96	0
21,97	0
21,98	0
21,99	0
22,01	0
22,06	0
22,08	0
22,11	0
22,12	0
22,14	0
22,17	0
22,21	0
22,24	0
22,28	0
22,3	0
22,31	0
22,34	0
22,35	0
22,38	0
22,39	0
22,41	0
22,42	0
22,43	0
22,45	0
22,46	0
22,47	0
22,48	0
22,49	0
22,52	0
22,55	0
22,58	0
22,6	0
22,61	0
22,64	0
22,68	0
22,7	0
22,71	0
22,73	0
22,74	0
22,75	0
22,76	0
22,77	0
22,79	0
22,82	0
22,83	0
22,86	0
22,87	0
22,89	0
22,91	0
22,92	0
22,93	0
22,94	0
22,96	0
22,97	0
22,99	0
23,01	0
23,03	0
23,04	0
23,05	0
23,06	0
23,08	0
23,09	0
23,1	0
23,11	0
23,12	0
23,13	0
23,14	0
23,15	0
23,16	0
23,19	0
23,26	0
23,27	0
23,28	0
23,3	0
23,33	0
23,38	0
23,39	0
23,43	0
23,46	0
23,53	0
23,6	0
23,65	0
23,67	0
23,73	0
23,74	0
23,75	0
23,78	0
23,8	0
23,84	0
23,85	0
23,86	0
23,91	0
23,93	0
23,94	0
23,95	0
23,97	0
23,99	0
24,03	0
24,04	0
24,05	0
24,07	0
24,09	0
24,12	0
24,15	0
24,17	0
24,19	0
24,26	0
24,27	0
24,29	0
24,32	0
24,35	0
24,36	0
24,4	0
24,41	0
24,43	0
24,44	0
24,46	0
24,49	0
24,5	0
24,52	0
24,54	0
24,56	0
24,58	0
24,6	0
24,62	0
24,63	0
24,64	0
24,65	0
24,66	0
24,67	0
24,68	0
24,69	0
24,7	0
24,71	0
24,73	0
24,75	0
24,77	0
24,82	0
24,85	0
24,86	0
24,89	0
24,91	0
24,96	0
24,99	0
25	0
25,02	0
25,05	0
25,08	0
25,09	0
25,1	0
25,14	0
25,15	0
25,16	0
25,2	0
25,21	0
25,22	0
25,28	0
25,29	0
25,3	0
25,31	0
25,32	0
25,34	0
25,35	0
25,36	0
25,37	0
25,39	0
25,41	0
25,44	0
25,46	0
25,47	0
25,48	0
25,5	0
25,51	0
25,52	0
25,53	0
25,55	0
25,57	0
25,58	0
25,6	0
25,61	0
25,62	0
25,64	0
25,65	0
25,66	0
25,68	0
25,69	0
25,7	0
25,71	0
25,72	0
25,73	0
25,74	0
25,75	0
25,77	0
25,8	0
25,81	0
25,83	0
25,84	0
25,85	0
25,86	0
25,9	0
25,92	0
25,93	0
25,94	0
25,95	0
25,96	0
25,97	0
25,99	0
26,02	0
26,03	0
26,04	0
26,05	0
26,06	0
26,07	0
26,08	0
26,09	0
26,1	0
26,11	0
26,15	0
26,17	0
26,19	0
26,2	0
26,22	0
26,24	0
26,25	0
26,29	0
26,31	0
26,32	0
26,33	0
26,35	0
26,36	0
26,37	0
26,4	0
26,41	0
26,44	0
26,46	0
26,48	0
26,51	0
26,52	0
26,53	0
26,54	0
26,55	0
26,57	0
26,61	0
26,64	0
26,66	0
26,68	0
26,69	0
26,71	0
26,76	0
26,77	0
26,81	0
26,82	0
26,84	0
26,87	0
26,9	0
26,92	0
26,93	0
26,95	0
26,96	0
26,99	0
27	0
27,01	0
27,02	0
27,07	0
27,09	0
27,1	0
27,11	0
27,14	0
27,15	0
27,17	0
27,18	0
27,19	0
27,21	0
27,23	0
27,24	0
27,25	0
27,26	0
27,27	0
27,29	0
27,3	0
27,32	0
27,33	0
27,35	0
27,36	0
27,39	0
27,4	0
27,41	0
27,42	0
27,45	0
27,49	0
27,51	0
27,55	0
27,56	0
27,58	0
27,6	0
27,61	0
27,64	0
27,65	0
27,66	0
27,67	0
27,68	0
27,69	0
27,71	0
27,72	0
27,73	0
27,74	0
27,75	0
27,77	0
27,82	0
27,84	0
27,92	0
27,97	0
27,98	0
28,01	0
28,02	0
28,03	0
28,04	0
28,05	0
28,06	0
28,07	0
28,08	0
28,1	0
28,12	0
28,14	0
28,17	0
28,21	0,0030303
28,22	0,0030303
28,24	0,0060606
28,27	0,0090909
28,3	0,0121212
28,33	0,0151515
28,35	0,0181818
28,37	0,0212121
28,4	0,030303
28,41	0,0333333
28,43	0,0393939
28,44	0,0424242
28,46	0,0454545
28,47	0,0484848
28,49	0,0545454
28,54	0,06666672
28,55	0,06969702
28,57	0,07272732
28,59	0,07878792
28,6	0,08181822
28,62	0,08484852
28,65	0,09393942
28,66	0,09696972
28,68	0,1030303
28,7	0,1060606
28,71	0,1090909
28,73	0,1121212
28,74	0,1121212
28,76	0,1121212
28,77	0,1212121
28,78	0,1242424
28,8	0,130303
28,83	0,1333333
28,84	0,1333333
28,85	0,1333333
28,86	0,1333333
28,9	0,1363636
28,92	0,1454545
28,93	0,1454545
28,95	0,1484848
28,97	0,1545454
28,98	0,1575757
28,99	0,160606
29	0,1636363
29,01	0,1696969
29,02	0,1696969
29,04	0,1727272
29,05	0,1727272
29,06	0,1727272
29,07	0,1727272
29,08	0,1727272
29,09	0,1727272
29,11	0,1727272
29,13	0,1727272
29,15	0,1727272
29,16	0,1727272
29,17	0,1727272
29,21	0,1727272
29,22	0,1727272
29,24	0,1727272
29,25	0,1727272
29,26	0,1727272
29,28	0,1727272
29,3	0,1727272
29,36	0,1727272
29,39	0,1727272
29,4	0,1727272
29,41	0,1727272
29,42	0,1727272
29,44	0,1727272
29,45	0,1727272
29,46	0,1727272
29,47	0,1727272
29,48	0,1727272
29,52	0,1727272
29,53	0,1727272
29,55	0,1727272
29,57	0,1727272
29,58	0,1727272
29,61	0,1727272
29,64	0,1727272
29,65	0,1727272
29,66	0,1727272
29,68	0,1727272
29,7	0,1727272
29,71	0,1727272
29,72	0,1727272
29,74	0,1727272
29,77	0,1727272
29,78	0,1727272
29,79	0,1727272
29,8	0,1727272
29,82	0,1727272
29,84	0,1727272
29,85	0,1727272
29,86	0,1727272
29,89	0,1727272
29,9	0,1727272
29,91	0,1727272
29,93	0,1727272
29,94	0,1727272
29,95	0,1727272
29,96	0,1727272
29,98	0,1727272
29,99	0,1727272
30	0,1727272
30,02	0,1727272
30,03	0,1727272
30,06	0,1727272
30,08	0,1727272
30,09	0,1727272
30,1	0,1727272
30,11	0,1727272
30,14	0,1727272
30,15	0,1727272
30,16	0,1727272
30,17	0,1727272
30,19	0,1727272
30,21	0,1727272
30,23	0,1727272
30,26	0,1727272
30,3	0,1727272
30,31	0,1727272
30,33	0,1727272
30,34	0,1727272
30,35	0,1727272
30,36	0,1727272
30,37	0,1727272
30,38	0,1727272
30,43	0,1727272
30,44	0,1727272
30,47	0,1727272
30,48	0,1727272
30,5	0,1727272
30,51	0,1727272
30,52	0,1727272
30,56	0,1727272
30,57	0,1727272
30,58	0,1727272
30,6	0,1727272
30,61	0,1727272
30,62	0,1727272
30,63	0,1727272
30,64	0,1727272
30,65	0,1727272
30,66	0,1727272
30,67	0,1727272
30,68	0,1727272
30,69	0,1727272
30,7	0,1727272
30,71	0,1727272
30,74	0,1727272
30,77	0,1727272
30,83	0,1727272
30,86	0,1727272
30,89	0,1727272
30,94	0,1727272
30,97	0,1727272
31,02	0,1727272
31,03	0,1727272
31,06	0,1727272
31,08	0,1727272
31,09	0,1727272
31,11	0,1727272
31,14	0,1727272
31,17	0,1727272
31,2	0,1727272
31,21	0,1727272
31,22	0,1727272
31,23	0,1727272
31,25	0,1727272
31,26	0,1727272
31,29	0,1727272
31,3	0,1727272
31,31	0,1727272
31,33	0,1727272
31,34	0,1727272
31,37	0,1727272
31,39	0,1727272
31,4	0,1727272
31,43	0,1727272
31,44	0,1727272
31,45	0,1727272
31,46	0,1727272
31,47	0,1727272
31,5	0,1727272
31,51	0,1727272
31,52	0,1727272
31,54	0,1727272
31,55	0,1727272
31,56	0,1727272
31,59	0,1727272
31,61	0,1727272
31,62	0,1727272
31,63	0,1727272
31,64	0,1727272
31,65	0,1727272
31,68	0,1727272
31,7	0,1727272
31,71	0,1727272
31,72	0,1727272
31,73	0,1727272
31,75	0,1727272
31,76	0,1727272
31,78	0,1727272
31,8	0,1727272
31,81	0,1727272
31,82	0,1727272
31,84	0,1727272
31,86	0,1727272
31,87	0,1727272
31,88	0,1727272
31,89	0,1727272
31,9	0,1727272
31,91	0,1727272
31,93	0,1727272
31,94	0,1727272
31,95	0,1727272
31,96	0,1727272
31,97	0,1727272
32	0,1727272
32,01	0,1727272
32,02	0,1727272
32,03	0,1727272
32,05	0,1727272
32,06	0,1727272
32,08	0,1727272
32,1	0,1727272
32,12	0,1727272
32,13	0,1727272
32,14	0,1727272
32,16	0,1727272
32,18	0,1727272
32,19	0,1727272
32,2	0,1727272
32,22	0,1727272
32,23	0,1727272
32,24	0,1727272
32,25	0,1727272
32,27	0,1727272
32,28	0,1727272
32,29	0,1727272
32,3	0,1727272
32,31	0,1727272
32,32	0,1727272
32,33	0,1727272
32,34	0,1727272
32,35	0,1727272
32,36	0,1727272
32,37	0,1727272
32,39	0,1727272
32,42	0,1727272
32,47	0,1727272
32,49	0,1727272
32,5	0,1727272
32,53	0,1727272
32,56	0,1727272
32,58	0,1727272
32,6	0,1727272
32,62	0,1727272
32,68	0,1727272
32,69	0,1727272
32,71	0,1727272
32,72	0,1727272
32,73	0,1727272
32,75	0,1727272
32,76	0,1727272
32,77	0,1727272
32,78	0,1727272
32,8	0,1727272
32,81	0,1727272
32,83	0,1727272
32,84	0,1727272
32,86	0,1727272
32,87	0,1727272
32,9	0,1727272
32,91	0,1727272
32,93	0,1727272
32,97	0,1727272
32,98	0,1727272
32,99	0,1727272
33,01	0,1727272
33,02	0,1727272
33,03	0,1727272
33,04	0,1727272
33,05	0,1727272
33,06	0,1727272
33,07	0,1727272
33,08	0,1727272
33,09	0,1727272
33,13	0,1727272
33,15	0,1727272
33,16	0,1727272
33,18	0,1727272
33,2	0,1727272
33,24	0,1727272
33,25	0,1727272
33,27	0,1727272
33,29	0,1727272
33,3	0,1727272
33,33	0,1727272
33,36	0,1727272
33,38	0,1727272
33,39	0,1727272
33,42	0,1727272
33,43	0,1727272
33,45	0,1727272
33,48	0,1727272
33,49	0,1727272
33,5	0,1727272
33,51	0,1727272
33,52	0,1727272
33,53	0,1727272
33,55	0,1727272
33,56	0,1727272
33,57	0,1727272
33,59	0,1727272
33,6	0,1727272
33,61	0,1727272
33,62	0,1727272
33,64	0,1727272
33,65	0,1727272
33,66	0,1727272
33,68	0,1727272
33,71	0,1727272
33,73	0,1727272
33,74	0,1727272
33,75	0,1727272
33,76	0,1727272
33,77	0,1727272
33,78	0,1727272
33,8	0,1727272
33,81	0,1727272
33,82	0,1727272
33,83	0,1727272
33,84	0,1727272
33,85	0,1727272
33,86	0,1727272
33,87	0,1727272
33,88	0,1727272
33,9	0,1727272
33,91	0,1727272
33,92	0,1727272
33,93	0,1727272
33,96	0,1727272
33,98	0,1727272
34	0,1727272
34,02	0,1727272
34,03	0,1727272
34,04	0,1727272
34,05	0,1727272
34,07	0,1727272
34,08	0,1727272
34,11	0,1727272
34,14	0,1727272
34,15	0,1727272
34,17	0,1727272
34,18	0,1727272
34,19	0,1727272
34,2	0,1727272
34,21	0,1727272
34,22	0,1727272
34,23	0,1727272
34,24	0,1727272
34,26	0,1727272
34,27	0,1727272
34,28	0,1727272
34,29	0,1727272
34,3	0,1727272
34,31	0,1727272
34,32	0,1727272
34,34	0,1727272
34,36	0,1727272
34,37	0,1727272
34,38	0,1727272
34,41	0,1727272
34,44	0,1727272
34,47	0,1727272
34,48	0,1727272
34,49	0,1727272
34,51	0,1727272
34,54	0,1727272
34,55	0,1727272
34,56	0,1727272
34,57	0,1727272
34,58	0,1727272
34,59	0,1727272
34,62	0,1727272
34,64	0,1727272
34,66	0,1727272
34,68	0,1727272
34,7	0,1727272
34,74	0,1727272
34,75	0,1727272
34,77	0,1727272
34,79	0,1727272
34,8	0,1727272
34,81	0,1727272
34,82	0,1727272
34,83	0,1727272
34,86	0,1727272
34,87	0,1727272
34,89	0,1727272
34,91	0,1727272
34,92	0,1727272
34,93	0,1727272
34,94	0,1727272
34,95	0,1727272
34,97	0,1727272
34,98	0,1727272
34,99	0,1727272
35	0,1727272
35,01	0,1727272
35,02	0,1727272
35,03	0,1727272
35,04	0,1727272
35,05	0,1727272
35,06	0,1727272
35,07	0,1727272
35,08	0,1727272
35,09	0,1727272
35,1	0,1727272
35,11	0,1727272
35,12	0,1727272
35,13	0,1727272
35,14	0,1727272
35,15	0,1727272
35,16	0,1727272
35,17	0,1727272
35,18	0,1727272
35,19	0,1727272
35,2	0,1727272
35,21	0,1727272
35,22	0,1727272
35,23	0,1727272
35,24	0,1727272
35,28	0,1727272
35,29	0,1727272
35,3	0,1727272
35,31	0,1727272
35,32	0,1727272
35,34	0,1727272
35,35	0,1727272
35,36	0,1727272
35,37	0,1727272
35,38	0,1727272
35,39	0,1727272
35,4	0,1727272
35,41	0,1727272
35,42	0,1727272
35,43	0,1727272
35,44	0,1727272
35,46	0,1727272
35,47	0,1727272
35,49	0,1727272
35,52	0,1727272
35,54	0,1727272
35,55	0,1727272
35,57	0,1727272
35,58	0,1727272
35,59	0,1727272
35,6	0,1727272
35,63	0,1727272
35,64	0,1727272
35,65	0,1727272
35,66	0,1727272
35,67	0,1727272
35,68	0,1727272
35,69	0,1727272
35,7	0,1727272
35,71	0,1727272
35,72	0,1727272
35,73	0,1727272
35,74	0,1727272
35,76	0,1727272
35,77	0,1727272
35,79	0,1727272
35,8	0,1727272
35,81	0,1727272
35,82	0,1727272
35,83	0,1727272
35,84	0,1727272
35,85	0,1727272
35,86	0,1727272
35,87	0,1727272
35,88	0,1727272
35,89	0,1727272
35,9	0,1727272
35,91	0,1727272
35,92	0,1727272
35,93	0,1727272
35,94	0,1727272
35,95	0,1727272
35,96	0,1727272
35,97	0,1727272
35,98	0,1727272
35,99	0,1727272
36,02	0,1727272
36,04	0,1727272
36,08	0,1727272
36,1	0,1727272
36,13	0,1727272
36,15	0,1727272
36,18	0,1727272
36,23	0,1727272
36,24	0,1727272
36,25	0,1727272
36,27	0,1727272
36,29	0,1727272
36,3	0,1727272
36,33	0,1727272
36,34	0,1727272
36,37	0,1727272
36,41	0,1727272
36,42	0,1727272
36,43	0,1727272
36,44	0,1727272
36,47	0,1727272
36,48	0,1727272
36,5	0,1727272
36,52	0,1727272
36,53	0,1727272
36,54	0,1727272
36,55	0,1727272
36,56	0,1727272
36,57	0,1727272
36,6	0,1727272
36,65	0,1727272
36,67	0,1727272
36,68	0,1727272
36,7	0,1727272
36,72	0,1727272
36,73	0,1727272
36,74	0,1727272
36,75	0,1727272
36,76	0,1727272
36,77	0,1727272
36,78	0,1727272
36,79	0,1727272
36,8	0,1727272
36,81	0,1727272
36,82	0,1727272
36,85	0,1727272
36,89	0,1727272
36,91	0,1727272
36,93	0,1727272
36,94	0,1727272
36,95	0,1727272
36,97	0,1727272
37,02	0,1727272
37,05	0,1727272
37,07	0,1727272
37,09	0,1727272
37,1	0,1727272
37,11	0,1727272
37,14	0,1727272
37,15	0,1727272
37,18	0,1727272
37,22	0,1727272
37,23	0,1727272
37,24	0,1727272
37,29	0,1727272
37,3	0,1727272
37,31	0,1727272
37,32	0,1727272
37,35	0,1727272
37,37	0,1727272
37,39	0,1727272
37,42	0,1727272
37,44	0,1727272
37,46	0,1727272
37,49	0,1727272
37,5	0,1727272
37,56	0,1727272
37,57	0,1727272
37,59	0,1727272
37,6	0,1727272
37,61	0,1727272
37,62	0,1727272
37,63	0,1727272
37,67	0,1727272
37,69	0,1727272
37,7	0,1727272
37,71	0,1727272
37,73	0,1727272
37,74	0,1727272
37,75	0,1727272
37,78	0,1727272
37,79	0,1727272
37,8	0,1727272
37,83	0,1727272
37,86	0,1727272
37,87	0,1727272
37,88	0,1727272
37,9	0,1727272
37,91	0,1727272
37,92	0,1727272
37,94	0,1727272
37,95	0,1727272
37,97	0,1727272
37,99	0,1727272
38	0,1727272
38,02	0,1727272
38,03	0,1727272
38,08	0,1727272
38,1	0,1727272
38,12	0,1727272
38,14	0,1727272
38,16	0,1727272
38,19	0,1727272
38,2	0,1727272
38,22	0,1727272
38,24	0,1727272
38,25	0,1727272
38,26	0,1727272
38,27	0,1727272
38,28	0,1727272
38,29	0,1727272
38,3	0,1727272
38,31	0,1727272
38,32	0,1727272
38,33	0,1727272
38,34	0,1727272
38,35	0,1727272
38,36	0,1727272
38,37	0,1727272
38,38	0,1727272
38,39	0,1727272
38,4	0,1727272
38,41	0,1727272
38,42	0,1727272
38,44	0,1727272
38,46	0,1727272
38,5	0,1727272
38,53	0,1727272
38,57	0,1727272
38,59	0,1727272
38,62	0,1727272
38,65	0,1727272
38,66	0,1727272
38,67	0,1727272
38,69	0,1727272
38,7	0,1727272
38,71	0,1727272
38,72	0,1727272
38,74	0,1727272
38,75	0,1727272
38,76	0,1727272
38,77	0,1727272
38,8	0,1727272
38,82	0,1727272
38,83	0,1727272
38,86	0,1727272
38,88	0,1727272
38,91	0,1727272
38,96	0,1727272
39,01	0,1727272
39,04	0,1727272
39,09	0,1727272
39,1	0,1727272
39,14	0,1727272
39,17	0,1727272
39,22	0,1727272
39,25	0,1727272
39,28	0,1727272
39,29	0,1727272
39,3	0,1727272
39,31	0,1727272
39,33	0,1727272
39,35	0,1727272
39,36	0,1727272
39,37	0,1727272
39,4	0,1727272
39,41	0,1727272
39,42	0,1727272
39,43	0,1727272
39,44	0,1727272
39,45	0,1727272
39,46	0,1727272
39,47	0,1727272
39,48	0,1727272
39,49	0,1727272
39,5	0,1727272
39,51	0,1727272
39,55	0,1727272
39,57	0,1727272
39,6	0,1727272
39,62	0,1727272
39,64	0,1727272
39,66	0,1727272
39,7	0,1727272
39,72	0,1727272
39,74	0,1727272
39,76	0,1727272
39,77	0,1727272
39,8	0,1727272
39,83	0,1727272
39,86	0,1727272
39,87	0,1727272
39,89	0,1727272
39,91	0,1727272
39,92	0,1727272
39,93	0,1727272
39,96	0,1727272
39,98	0,1727272
40,01	0,1727272
40,03	0,1727272
40,05	0,1727272
40,1	0,1727272
40,13	0,1727272
40,18	0,1727272
40,21	0,1727272
40,23	0,1727272
40,25	0,1727272
40,28	0,1727272
40,33	0,1727272
40,34	0,1727272
40,35	0,1727272
40,36	0,1727272
40,38	0,1727272
40,39	0,1727272
40,4	0,1727272
40,43	0,1727272
40,48	0,1727272
40,51	0,1727272
40,55	0,1727272
40,56	0,1727272
40,58	0,1727272
40,62	0,1727272
40,63	0,1727272
40,64	0,1727272
40,66	0,1727272
40,67	0,1727272
40,69	0,1727272
40,7	0,1727272
40,74	0,1727272
40,75	0,1727272
40,77	0,1727272
40,79	0,1727272
40,82	0,1727272
40,85	0,1727272
40,89	0,1727272
40,9	0,1727272
40,91	0,1727272
40,95	0,1727272
40,97	0,1727272
40,99	0,1727272
41	0,1727272
41,03	0,1727272
41,04	0,1727272
41,05	0,1727272
41,06	0,1727272
41,07	0,1727272
41,08	0,1727272
41,09	0,1727272
41,1	0,1727272
41,11	0,1727272
41,12	0,1727272
41,13	0,1727272
41,14	0,1727272
41,16	0,1727272
41,21	0,1727272
41,23	0,1727272
41,27	0,1727272
41,3	0,1727272
41,35	0,1727272
41,38	0,1727272
41,39	0,1727272
41,4	0,1727272
41,43	0,1727272
41,45	0,1727272
41,47	0,1727272
41,48	0,1727272
41,49	0,1727272
41,51	0,1727272
41,57	0,1727272
41,6	0,1727272
41,61	0,1727272
41,62	0,1727272
41,63	0,1727272
41,64	0,1727272
41,65	0,1727272
41,67	0,1727272
41,7	0,1727272
41,72	0,1727272
41,73	0,1727272
41,74	0,1727272
41,75	0,1727272
41,77	0,1727272
41,82	0,1727272
41,83	0,1727272
41,84	0,1727272
41,86	0,1727272
41,88	0,1727272
41,91	0,1727272
41,96	0,1727272
41,98	0,1727272
42,03	0,1727272
42,04	0,1727272
42,08	0,1727272
42,1	0,1727272
42,13	0,1727272
42,14	0,1727272
42,15	0,1727272
42,17	0,1727272
42,21	0,1727272
42,22	0,1727272
42,23	0,1727272
42,27	0,1727272
42,29	0,1727272
42,31	0,1727272
42,32	0,1727272
42,35	0,1727272
42,4	0,1727272
42,43	0,1727272
42,44	0,1727272
42,45	0,1727272
42,46	0,1727272
42,47	0,1727272
42,48	0,1727272
42,49	0,1727272
42,5	0,1727272
42,51	0,1727272
42,52	0,1727272
42,53	0,1727272
42,54	0,1727272
42,55	0,1727272
42,56	0,1727272
42,57	0,1727272
42,59	0,1727272
42,62	0,1727272
42,67	0,1727272
42,69	0,1727272
42,75	0,1727272
42,81	0,1727272
42,86	0,1727272
42,89	0,1727272
42,91	0,1727272
42,92	0,1727272
42,93	0,1727272
42,94	0,1727272
42,95	0,1727272
42,97	0,1727272
42,99	0,1727272
43,02	0,1727272
43,08	0,1727272
43,13	0,1727272
43,14	0,1727272
43,2	0,1727272
43,25	0,1727272
43,27	0,1727272
43,3	0,1727272
43,32	0,1727272
43,35	0,1727272
43,39	0,1727272
43,42	0,1727272
43,47	0,1727272
43,49	0,1727272
43,53	0,1727272
43,55	0,1727272
43,58	0,1727272
43,59	0,1727272
43,6	0,1727272
43,63	0,1727272
43,67	0,1727272
43,69	0,1727272
43,7	0,1727272
43,71	0,1727272
43,72	0,1727272
43,73	0,1727272
43,74	0,1727272
43,76	0,1727272
43,77	0,1727272
43,78	0,1727272
43,79	0,1727272
43,8	0,1727272
43,81	0,1727272
43,82	0,1727272
43,83	0,1727272
43,85	0,1727272
43,88	0,1727272
43,92	0,1727272
43,94	0,1727272
43,99	0,1727272
44,02	0,1727272
44,06	0,1727272
44,08	0,1727272
44,12	0,1727272
44,14	0,1727272
44,21	0,1727272
44,26	0,1727272
44,28	0,1727272
44,32	0,1727272
44,35	0,1727272
44,41	0,1727272
44,46	0,1727272
44,49	0,1727272
44,54	0,1727272
44,57	0,1727272
44,61	0,1727272
44,62	0,1727272
44,65	0,1727272
44,7	0,1727272
44,74	0,1727272
44,78	0,1727272
44,8	0,1727272
44,85	0,1727272
44,87	0,1727272
44,92	0,1727272
44,94	0,1727272
44,98	0,1727272
45	0,1727272
45,03	0,1727272
45,04	0,1727272
45,07	0,1727272
45,11	0,1727272
45,13	0,1727272
45,16	0,1727272
45,18	0,1727272
45,19	0,1727272
45,21	0,1727272
45,23	0,1727272
45,25	0,1727272
45,28	0,1727272
45,31	0,1727272
45,33	0,1727272
45,35	0,1727272
45,38	0,1727272
45,41	0,1727272
45,42	0,1727272
45,43	0,1727272
45,44	0,1727272
45,48	0,1727272
45,5	0,1727272
45,54	0,1727272
45,57	0,1727272
45,61	0,1727272
45,64	0,1727272
45,68	0,1727272
45,71	0,1727272
45,76	0,1727272
45,78	0,1727272
45,82	0,1727272
45,85	0,1727272
45,87	0,1727272
45,88	0,1727272
45,89	0,1727272
45,92	0,1727272
45,95	0,1727272
45,96	0,1727272
45,97	0,1727272
45,99	0,1727272
46,05	0,1727272
46,09	0,1727272
46,12	0,1727272
46,16	0,1727272
46,18	0,1727272
46,24	0,1727272
46,3	0,1727272
46,34	0,1727272
46,37	0,1727272
46,42	0,1727272
46,44	0,1727272
46,49	0,1727272
46,51	0,1727272
46,57	0,1727272
46,61	0,1727272
46,64	0,1727272
46,69	0,1727272
46,72	0,1727272
46,75	0,1727272
46,76	0,1727272
46,77	0,1727272
46,8	0,1727272
46,84	0,1727272
46,86	0,1727272
46,89	0,1727272
46,92	0,1727272
46,97	0,1727272
47	0,1727272
47,05	0,1727272
47,07	0,1727272
47,13	0,1727272
47,17	0,1727272
47,21	0,1727272
47,25	0,1727272
47,27	0,1727272
47,28	0,1727272
47,29	0,1727272
47,3	0,1727272
47,31	0,1727272
47,33	0,1727272
47,38	0,1727272
47,4	0,1727272
47,45	0,1727272
47,48	0,1727272
47,53	0,1727272
47,55	0,1727272
47,6	0,1727272
47,63	0,1727272
47,68	0,1727272
47,7	0,1727272
47,76	0,1727272
47,81	0,1727272
47,84	0,1727272
47,9	0,1727272
47,93	0,1727272
47,94	0,1727272
47,95	0,1727272
47,97	0,1727272
47,99	0,1727272
48,02	0,1727272
48,04	0,1727272
48,09	0,1727272
48,12	0,1727272
48,17	0,1727272
48,19	0,1727272
48,26	0,1727272
48,3	0,1727272
48,34	0,1727272
48,38	0,1727272
48,41	0,1727272
48,46	0,1727272
48,48	0,1727272
48,53	0,1727272
48,56	0,1727272
48,61	0,1727272
48,64	0,1727272
48,68	0,1727272
48,7	0,1727272
48,71	0,1727272
48,73	0,1727272
48,75	0,1727272
48,78	0,1727272
48,82	0,1727272
48,84	0,1727272
48,89	0,1727272
48,9	0,1727272
48,91	0,1727272
48,92	0,1727272
48,93	0,1727272
48,94	0,1727272
48,96	0,1727272
49,01	0,1727272
49,03	0,1727272
49,08	0,1727272
49,1	0,1727272
49,14	0,1727272
49,17	0,1727272
49,22	0,1727272
49,24	0,1727272
49,3	0,1727272
49,34	0,1727272
49,37	0,1727272
49,41	0,1727272
49,44	0,1727272
49,48	0,1727272
49,51	0,1727272
49,58	0,1727272
49,62	0,1727272
49,66	0,1727272
49,72	0,1727272
49,76	0,1727272
49,79	0,1727272
49,84	0,1727272
49,86	0,1727272
49,92	0,1727272
50,02	0,1727272
50,04	0,1727272
50,08	0,1727272
50,13	0,1727272
50,16	0,1727272
50,2	0,1727272
50,23	0,1727272
50,28	0,1727272
50,3	0,1727272
50,35	0,1727272
50,36	0,1757575
50,37	0,1757575
50,39	0,1787878
50,42	0,1848484
50,46	0,1969697
50,48	0,2030303
50,53	0,2151515
50,57	0,2272727
50,62	0,2272727
50,65	0,2272727
50,7	0,2272727
50,73	0,2272727
50,78	0,2272727
50,8	0,230303
50,85	0,230303
50,87	0,230303
50,93	0,2363636
50,98	0,2484848
51,02	0,2575758
51,07	0,2636364
51,09	0,2666667
51,15	0,2727273
51,19	0,2787879
51,22	0,2818182
51,26	0,2848485
51,3	0,2909091
51,35	0,2909091
51,38	0,2909091
51,42	0,2909091
51,44	0,2909091
51,48	0,2939394
51,51	0,2969697
51,55	0,2969697
51,56	0,2969697
51,59	0,2969697
51,63	0,3
51,64	0,3
51,65	0,3
51,67	0,3
51,7	0,3
51,71	0,3
51,73	0,3030303
51,75	0,3060606
51,78	0,3090909
51,82	0,3151516
51,84	0,3151516
51,88	0,3212122
51,91	0,3242425
51,97	0,3333334
52,02	0,3363637
52,05	0,3424243
52,09	0,3454546
52,12	0,3484849
52,17	0,3545455
52,2	0,3575758
52,22	0,3606061
52,25	0,3636364
52,28	0,3666667
52,32	0,369697
52,35	0,3757576
52,41	0,3787879
52,47	0,3787879
52,51	0,3787879
52,55	0,3787879
52,6	0,3787879
52,61	0,3787879
52,62	0,3787879
52,65	0,3787879
52,67	0,3787879
52,73	0,3787879
52,78	0,3787879
52,8	0,3787879
52,85	0,3787879
52,87	0,3787879
52,88	0,3787879
52,89	0,3787879
52,9	0,3787879
52,93	0,3787879
52,95	0,3787879
52,96	0,3787879
52,97	0,3787879
52,99	0,3787879
53,03	0,3787879
53,06	0,3787879
53,11	0,3787879
53,13	0,3787879
53,16	0,3787879
53,19	0,3787879
53,25	0,3787879
53,3	0,3787879
53,33	0,3787879
53,35	0,3787879
53,38	0,3787879
53,4	0,3787879
53,44	0,3787879
53,46	0,3787879
53,51	0,3787879
53,53	0,3787879
53,55	0,3787879
53,56	0,3787879
53,58	0,3787879
53,59	0,3787879
53,63	0,3787879
53,65	0,3787879
53,68	0,3787879
53,7	0,3787879
53,73	0,3787879
53,77	0,3787879
53,78	0,3787879
53,79	0,3787879
53,8	0,3787879
53,81	0,3787879
53,83	0,3787879
53,85	0,3787879
53,9	0,3787879
53,92	0,3787879
53,96	0,3787879
53,99	0,3787879
54,03	0,3787879
54,05	0,3787879
54,1	0,3787879
54,12	0,3787879
54,17	0,3787879
54,19	0,3787879
54,25	0,3787879
54,3	0,3787879
54,32	0,3787879
54,36	0,3787879
54,39	0,3787879
54,43	0,3787879
54,45	0,3787879
54,51	0,3787879
54,56	0,3787879
54,59	0,3787879
54,63	0,3787879
54,65	0,3787879
54,7	0,3787879
54,72	0,3787879
54,77	0,3787879
54,79	0,3787879
54,84	0,3787879
54,86	0,3787879
54,91	0,3787879
54,94	0,3787879
54,98	0,3787879
55,01	0,3787879
55,06	0,3787879
55,08	0,3787879
55,13	0,3787879
55,15	0,3787879
55,2	0,3787879
55,22	0,3787879
55,31	0,3787879
55,34	0,3787879
55,35	0,3787879
55,36	0,3787879
55,37	0,3787879
55,42	0,3787879
55,45	0,3787879
55,49	0,3787879
55,51	0,3787879
55,56	0,3787879
55,58	0,3787879
55,62	0,3787879
55,65	0,3787879
55,69	0,3787879
55,72	0,3787879
55,76	0,3787879
55,79	0,3787879
55,83	0,3787879
55,86	0,3787879
55,9	0,3787879
55,92	0,3787879
55,96	0,3787879
55,98	0,3787879
56,02	0,3787879
56,05	0,3787879
56,1	0,3787879
56,12	0,3787879
56,17	0,3787879
56,19	0,3787879
56,23	0,3787879
56,26	0,3787879
56,31	0,3787879
56,33	0,3787879
56,36	0,3787879
56,39	0,3787879
56,43	0,3787879
56,46	0,3787879
56,5	0,3787879
56,54	0,3787879
56,58	0,3787879
56,61	0,3787879
56,66	0,3787879
56,69	0,3787879
56,74	0,3787879
56,78	0,3787879
56,82	0,3787879
56,84	0,3787879
56,89	0,3787879
56,91	0,3787879
56,95	0,3787879
56,97	0,3787879
57,02	0,3787879
57,04	0,3787879
57,1	0,3787879
57,15	0,3787879
57,17	0,3787879
57,22	0,3787879
57,24	0,3787879
57,29	0,3787879
57,31	0,3787879
57,35	0,3787879
57,37	0,3787879
57,42	0,3787879
57,44	0,3787879
57,48	0,3787879
57,5	0,3787879
57,55	0,3787879
57,58	0,3787879
57,62	0,3787879
57,63	0,3787879
57,66	0,3787879
57,7	0,3787879
57,71	0,3787879
57,73	0,3787879
57,75	0,3787879
57,76	0,3787879
57,77	0,3787879
57,8	0,3787879
57,84	0,3787879
57,87	0,3787879
57,91	0,3787879
57,93	0,3787879
57,98	0,3787879
58	0,3787879
58,05	0,3787879
58,08	0,3787879
58,12	0,3787879
58,15	0,3787879
58,17	0,3787879
58,18	0,3787879
58,19	0,3787879
58,22	0,3787879
58,27	0,3787879
58,29	0,3787879
58,3	0,3787879
58,31	0,3787879
58,34	0,3787879
58,39	0,3787879
58,41	0,3787879
58,46	0,3787879
58,49	0,3787879
58,54	0,3787879
58,57	0,3787879
58,62	0,3787879
58,64	0,3787879
58,66	0,3787879
58,68	0,3787879
58,7	0,3787879
58,74	0,3787879
58,75	0,3787879
58,76	0,3787879
58,81	0,3787879
58,83	0,3787879
58,88	0,3787879
58,91	0,3787879
58,95	0,3787879
58,97	0,3787879
59,02	0,3787879
59,04	0,3787879
59,09	0,3787879
59,11	0,3787879
59,16	0,3787879
59,18	0,3787879
59,22	0,3787879
59,25	0,3787879
59,3	0,3787879
59,32	0,3787879
59,36	0,3787879
59,39	0,3787879
59,41	0,3787879
59,43	0,3787879
59,45	0,3787879
59,5	0,3787879
59,52	0,3787879
59,58	0,3787879
59,62	0,3787879
59,64	0,3787879
59,68	0,3787879
59,7	0,3787879
59,74	0,3787879
59,77	0,3787879
59,8	0,3787879
59,82	0,3787879
59,85	0,3787879
59,88	0,3787879
59,89	0,3787879
59,91	0,3787879
59,93	0,3787879
59,95	0,3787879
59,96	0,3787879
59,99	0,3787879
60,03	0,3787879
60,06	0,3787879
60,1	0,3787879
60,12	0,3787879
60,16	0,3787879
60,19	0,3787879
60,24	0,3787879
60,26	0,3787879
60,3	0,3787879
60,32	0,3787879
60,36	0,3787879
60,39	0,3787879
60,43	0,3787879
60,45	0,3787879
60,51	0,3787879
60,55	0,3787879
60,59	0,3787879
60,63	0,3787879
60,65	0,3787879
60,73	0,3787879
60,77	0,3787879
60,79	0,3787879
60,84	0,3787879
60,86	0,3787879
60,91	0,3787879
60,93	0,3787879
60,97	0,3787879
61	0,3787879
61,05	0,3787879
61,07	0,3787879
61,1	0,3787879
61,13	0,3787879
61,18	0,3787879
61,21	0,3787879
61,25	0,3787879
61,26	0,3787879
61,27	0,3787879
61,29	0,3787879
61,33	0,3787879
61,36	0,3787879
61,4	0,3787879
61,42	0,3787879
61,47	0,3787879
61,5	0,3787879
61,55	0,3787879
61,58	0,3787879
61,62	0,3787879
61,65	0,3787879
61,7	0,3787879
61,73	0,3787879
61,75	0,3787879
61,77	0,3787879
61,79	0,3787879
61,84	0,3787879
61,87	0,3787879
61,89	0,3787879
61,9	0,3787879
61,91	0,3787879
61,93	0,3787879
61,97	0,3787879
61,99	0,3787879
62	0,3787879
62,01	0,3787879
62,02	0,3787879
62,04	0,3787879
62,07	0,3787879
62,11	0,3787879
62,13	0,3787879
62,17	0,3787879
62,2	0,3787879
62,26	0,3787879
62,28	0,3787879
62,29	0,3787879
62,31	0,3787879
62,32	0,3787879
62,34	0,3787879
62,36	0,3787879
62,38	0,3787879
62,42	0,3787879
62,44	0,3787879
62,46	0,3787879
62,48	0,3787879
62,51	0,3787879
62,57	0,3787879
62,62	0,3787879
62,63	0,3787879
62,68	0,3787879
62,7	0,3787879
62,74	0,3787879
62,76	0,3787879
62,81	0,3787879
62,83	0,3787879
62,88	0,3787879
62,9	0,3787879
62,95	0,3787879
62,97	0,3787879
63,01	0,3787879
63,03	0,3787879
63,07	0,3787879
63,09	0,3787879
63,13	0,3787879
63,15	0,3787879
63,19	0,3787879
63,23	0,3787879
63,28	0,3787879
63,31	0,3787879
63,35	0,3787879
63,37	0,3787879
63,41	0,3787879
63,43	0,3787879
63,49	0,3787879
63,54	0,3787879
63,57	0,3787879
63,62	0,3787879
63,65	0,3787879
63,69	0,3787879
63,72	0,3787879
63,76	0,3787879
63,78	0,3787879
63,83	0,3787879
63,85	0,3787879
63,9	0,3787879
63,93	0,3787879
63,98	0,3787879
64	0,3787879
64,04	0,3787879
64,06	0,3787879
64,11	0,3787879
64,13	0,3787879
64,17	0,3787879
64,18	0,3787879
64,19	0,3787879
64,2	0,3787879
64,21	0,3787879
64,23	0,3787879
64,24	0,3787879
64,26	0,3787879
64,28	0,3787879
64,29	0,3787879
64,3	0,3787879
64,32	0,3787879
64,36	0,3787879
64,39	0,3787879
64,43	0,3787879
64,46	0,3787879
64,51	0,3787879
64,52	0,3787879
64,57	0,3787879
64,59	0,3787879
64,64	0,3787879
64,67	0,3787879
64,72	0,3787879
64,74	0,3787879
64,79	0,3787879
64,81	0,3787879
64,84	0,3787879
64,86	0,3787879
64,89	0,3787879
64,94	0,3787879
64,95	0,3787879
64,96	0,3787879
64,98	0,3787879
64,99	0,3787879
65	0,3787879
65,01	0,3787879
65,06	0,3787879
65,07	0,3787879
65,08	0,3787879
65,09	0,3787879
65,1	0,3787879
65,13	0,3787879
65,18	0,3787879
65,2	0,3787879
65,22	0,3787879
65,24	0,3787879
65,27	0,3787879
65,33	0,3787879
65,37	0,3787879
65,38	0,3787879
65,4	0,3787879
65,44	0,3787879
65,47	0,3787879
65,52	0,3787879
65,53	0,3787879
65,61	0,3787879
65,66	0,3787879
65,67	0,3787879
65,68	0,3787879
65,69	0,3787879
65,71	0,3787879
65,74	0,3787879
65,79	0,3787879
65,81	0,3787879
65,86	0,3787879
65,88	0,3787879
65,93	0,3787879
65,95	0,3787879
65,99	0,3787879
66,02	0,3787879
66,06	0,3787879
66,08	0,3787879
66,13	0,3787879
66,15	0,3787879
66,19	0,3787879
66,21	0,3787879
66,27	0,3787879
66,32	0,3787879
66,34	0,3787879
66,38	0,3787879
66,41	0,3787879
66,45	0,3787879
66,48	0,3787879
66,52	0,3787879
66,55	0,3787879
66,59	0,3787879
66,61	0,3787879
66,65	0,3787879
66,68	0,3787879
66,72	0,3787879
66,75	0,3787879
66,8	0,3787879
66,83	0,3787879
66,88	0,3787879
66,9	0,3787879
66,95	0,3787879
66,97	0,3787879
67,01	0,3787879
67,03	0,3787879
67,07	0,3787879
67,1	0,3787879
67,16	0,3787879
67,2	0,3787879
67,23	0,3787879
67,3	0,3787879
67,35	0,3787879
67,38	0,3787879
67,43	0,3787879
67,45	0,3787879
67,49	0,3787879
67,51	0,3787879
67,57	0,3787879
67,61	0,3787879
67,63	0,3787879
67,68	0,3787879
67,7	0,3787879
67,74	0,3787879
67,76	0,3787879
67,81	0,3787879
67,83	0,3787879
67,88	0,3787879
67,9	0,3787879
67,95	0,3787879
67,98	0,3787879
68,02	0,3787879
68,04	0,3787879
68,09	0,3787879
68,11	0,3787879
68,12	0,3787879
68,14	0,3787879
68,16	0,3787879
68,18	0,3787879
68,22	0,3787879
68,24	0,3787879
68,29	0,3787879
68,31	0,3787879
68,36	0,3787879
68,38	0,3787879
68,42	0,3787879
68,44	0,3787879
68,49	0,3787879
68,52	0,3787879
68,57	0,3787879
68,59	0,3787879
68,64	0,3787879
68,67	0,3787879
68,71	0,3787879
68,74	0,3787879
68,79	0,3787879
68,81	0,3787879
68,85	0,3787879
68,88	0,3787879
68,93	0,3787879
68,94	0,3787879
68,98	0,3787879
69,01	0,3787879
69,05	0,3787879
69,07	0,3787879
69,12	0,3787879
69,14	0,3787879
69,18	0,3787879
69,21	0,3787879
69,26	0,3787879
69,28	0,3787879
69,33	0,3787879
69,35	0,3787879
69,4	0,3787879
69,42	0,3787879
69,47	0,3787879
69,49	0,3787879
69,56	0,3787879
69,6	0,3787879
69,62	0,3787879
69,67	0,3787879
69,69	0,3787879
69,73	0,3787879
69,75	0,3787879
69,79	0,3787879
69,81	0,3787879
69,86	0,3787879
69,88	0,3787879
69,92	0,3787879
69,95	0,3787879
70	0,3787879
70,02	0,3787879
70,08	0,3787879
70,13	0,3787879
70,15	0,3787879
70,19	0,3787879
70,21	0,3787879
70,26	0,3787879
70,28	0,3787879
70,33	0,3787879
70,35	0,3787879
70,39	0,3787879
70,42	0,3787879
70,45	0,3787879
70,47	0,3787879
70,48	0,3787879
70,49	0,3787879
70,5	0,3787879
70,51	0,3787879
70,54	0,3787879
70,55	0,3787879
70,56	0,3787879
70,58	0,3787879
70,61	0,3787879
70,65	0,3787879
70,67	0,3787879
70,72	0,3787879
70,74	0,3787879
70,79	0,3787879
70,81	0,3787879
70,86	0,3787879
70,89	0,3787879
70,93	0,3787879
70,94	0,3787879
70,95	0,3787879
70,96	0,3787879
70,97	0,3787879
70,98	0,3787879
70,99	0,3787879
71,02	0,3787879
71,05	0,3787879
71,07	0,3787879
71,08	0,3787879
71,09	0,3787879
71,1	0,3787879
71,11	0,3787879
71,14	0,3787879
71,16	0,3787879
71,21	0,3787879
71,23	0,3787879
71,25	0,3787879
71,26	0,3787879
71,27	0,3787879
71,29	0,3787879
71,34	0,3787879
71,36	0,3787879
71,39	0,3787879
71,4	0,3787879
71,41	0,3787879
71,42	0,3787879
71,45	0,3787879
71,47	0,3787879
71,49	0,3787879
71,5	0,3787879
71,52	0,3787879
71,55	0,3787879
71,61	0,3787879
71,65	0,3787879
71,68	0,3787879
71,71	0,3787879
71,72	0,3787879
71,73	0,3787879
71,74	0,3787879
71,75	0,3787879
71,76	0,3787879
71,79	0,3787879
71,82	0,3787879
71,84	0,3787879
71,85	0,3787879
71,86	0,3787879
71,9	0,3787879
71,91	0,3787879
71,92	0,3787879
71,93	0,3787879
71,94	0,3787879
71,95	0,3787879
71,97	0,3787879
72	0,3787879
72,01	0,3787879
72,02	0,3787879
72,04	0,3787879
72,08	0,3787879
72,11	0,3787879
72,15	0,3787879
72,16	0,3787879
72,17	0,3787879
72,2	0,3787879
72,22	0,3787879
72,25	0,3787879
72,3	0,3787879
72,32	0,3787879
72,33	0,3787879
72,36	0,3787879
72,38	0,3787879
72,39	0,3787879
72,4	0,3787879
72,41	0,3787879
72,42	0,3787879
72,43	0,3787879
72,44	0,3787879
72,45	0,3787879
72,46	0,3787879
72,48	0,3787879
72,5	0,3787879
72,55	0,3787879
72,58	0,3787879
72,59	0,3787879
72,61	0,3787879
72,63	0,3787879
72,64	0,3787879
72,66	0,3787879
72,67	0,3787879
72,68	0,3787879
72,69	0,3787879
72,7	0,3787879
72,71	0,3787879
72,73	0,3787879
72,75	0,3787879
72,78	0,3787879
72,83	0,3787879
72,85	0,3787879
72,9	0,3787879
72,92	0,3787879
72,96	0,3787879
72,97	0,3787879
72,98	0,3787879
72,99	0,3787879
73,01	0,3787879
73,03	0,3787879
73,05	0,3787879
73,07	0,3787879
73,08	0,3787879
73,09	0,3787879
73,11	0,3787879
73,12	0,3787879
73,13	0,3787879
73,16	0,3787879
73,18	0,3787879
73,2	0,3787879
73,22	0,3787879
73,23	0,3787879
73,24	0,3787879
73,25	0,3787879
73,26	0,3787879
73,29	0,3787879
73,31	0,3787879
73,35	0,3787879
73,39	0,3787879
73,44	0,3787879
73,45	0,3787879
73,47	0,3787879
73,51	0,3787879
73,52	0,3787879
73,53	0,3787879
73,57	0,3787879
73,59	0,3787879
73,62	0,3787879
73,63	0,3787879
73,64	0,3787879
73,66	0,3787879
73,69	0,3787879
73,71	0,3787879
73,73	0,3787879
73,74	0,3787879
73,75	0,3787879
73,77	0,3787879
73,79	0,3787879
73,8	0,3787879
73,81	0,3787879
73,82	0,3787879
73,83	0,3787879
73,84	0,3787879
73,85	0,3787879
73,88	0,3787879
73,91	0,3787879
73,95	0,3787879
73,97	0,3787879
74	0,3787879
74,02	0,3787879
74,04	0,3787879
74,09	0,3787879
74,11	0,3787879
74,13	0,3787879
74,15	0,3787879
74,17	0,3787879
74,22	0,3787879
74,24	0,3787879
74,25	0,3787879
74,26	0,3787879
74,28	0,3787879
74,3	0,3787879
74,33	0,3787879
74,34	0,3787879
74,38	0,3787879
74,41	0,3787879
74,42	0,3787879
74,45	0,3787879
74,49	0,3787879
74,5	0,3787879
74,51	0,3787879
74,56	0,3787879
74,58	0,3787879
74,63	0,3787879
74,65	0,3787879
74,66	0,3787879
74,68	0,3787879
74,7	0,3787879
74,72	0,3787879
74,74	0,3787879
74,77	0,3787879
74,79	0,3787879
74,81	0,3787879
74,82	0,3787879
74,83	0,3787879
74,84	0,3787879
74,86	0,3787879
74,9	0,3787879
74,91	0,3787879
74,93	0,3787879
74,97	0,3787879
74,99	0,3787879
75,02	0,3787879
75,04	0,3787879
75,07	0,3787879
75,08	0,3787879
75,09	0,3787879
75,11	0,3787879
75,13	0,3787879
75,16	0,3787879
75,17	0,3787879
75,18	0,3787879
75,19	0,3787879
75,2	0,3787879
75,22	0,3787879
75,24	0,3787879
75,26	0,3787879
75,27	0,3787879
75,28	0,3787879
75,3	0,3787879
75,39	0,3787879
75,45	0,3787879
75,48	0,3787879
75,49	0,3787879
75,5	0,3787879
75,51	0,3787879
75,56	0,3787879
75,57	0,3787879
75,59	0,3787879
75,6	0,3787879
75,61	0,3787879
75,64	0,3787879
75,66	0,3787879
75,67	0,3787879
75,68	0,3787879
75,69	0,3787879
75,71	0,3787879
75,75	0,3787879
75,77	0,3787879
75,81	0,3787879
75,82	0,3787879
75,84	0,3787879
75,88	0,3787879
75,9	0,3787879
75,95	0,3787879
75,96	0,3787879
76	0,3787879
76,01	0,3787879
76,02	0,3787879
76,03	0,3787879
76,06	0,3787879
76,08	0,3787879
76,11	0,3787879
76,12	0,3787879
76,13	0,3787879
76,15	0,3787879
76,16	0,3787879
76,19	0,3787879
76,21	0,3787879
76,23	0,3787879
76,24	0,3787879
76,25	0,3787879
76,26	0,3787879
76,27	0,3787879
76,28	0,3787879
76,3	0,3787879
76,31	0,3787879
76,32	0,3787879
76,33	0,3787879
76,34	0,3787879
76,35	0,3787879
76,36	0,3787879
76,37	0,3787879
76,38	0,3787879
76,39	0,3787879
76,4	0,3787879
76,41	0,3787879
76,42	0,3787879
76,43	0,3787879
76,44	0,3787879
76,45	0,3787879
76,48	0,3787879
76,51	0,3787879
76,56	0,3787879
76,58	0,3787879
76,61	0,3787879
76,62	0,3787879
76,65	0,3787879
76,69	0,3787879
76,72	0,3787879
76,77	0,3787879
76,8	0,3787879
76,84	0,3787879
76,85	0,3787879
76,86	0,3787879
76,87	0,3787879
76,91	0,3787879
76,94	0,3787879
76,98	0,3787879
77,01	0,3787879
77,06	0,3787879
77,07	0,3787879
77,08	0,3787879
77,09	0,3787879
77,1	0,3787879
77,12	0,3787879
77,14	0,3787879
77,17	0,3787879
77,18	0,3787879
77,2	0,3787879
77,24	0,3787879
77,25	0,3787879
77,26	0,3787879
77,28	0,3787879
77,3	0,3787879
77,32	0,3787879
77,34	0,3787879
77,36	0,3787879
77,38	0,3787879
77,42	0,3787879
77,45	0,3787879
77,5	0,3787879
77,53	0,3787879
77,54	0,3787879
77,55	0,3787879
77,56	0,3787879
77,57	0,3787879
77,58	0,3787879
77,61	0,3787879
77,65	0,3787879
77,66	0,3787879
77,67	0,3787879
77,69	0,3787879
77,7	0,3787879
77,71	0,3787879
77,72	0,3787879
77,73	0,3787879
77,75	0,3787879
77,77	0,3787879
77,8	0,3787879
77,84	0,3787879
77,86	0,3787879
77,9	0,3787879
77,93	0,3787879
77,97	0,3787879
77,99	0,3787879
78,04	0,3787879
78,06	0,3787879
78,11	0,3787879
78,13	0,3787879
78,14	0,3787879
78,17	0,3787879
78,19	0,3787879
78,24	0,3787879
78,26	0,3787879
78,32	0,3787879
78,36	0,3787879
78,39	0,3787879
78,43	0,3787879
78,46	0,3787879
78,5	0,3787879
78,53	0,3787879
78,57	0,3787879
78,59	0,3787879
78,63	0,3787879
78,65	0,3787879
78,7	0,3787879
78,72	0,3787879
78,76	0,3787879
78,78	0,3787879
78,83	0,3787879
78,85	0,3787879
78,89	0,3787879
78,92	0,3787879
78,96	0,3787879
78,98	0,3787879
79,03	0,3787879
79,05	0,3787879
79,1	0,3787879
79,12	0,3787879
79,17	0,3787879
79,19	0,3787879
79,23	0,3787879
79,25	0,3787879
79,3	0,3787879
79,32	0,3787879
79,36	0,3787879
79,38	0,3787879
79,43	0,3787879
79,45	0,3787879
79,5	0,3787879
79,53	0,3787879
79,57	0,3787879
79,59	0,3787879
79,64	0,3787879
79,66	0,3787879
79,72	0,3787879
79,76	0,3787879
79,79	0,3787879
79,83	0,3787879
79,85	0,3787879
79,9	0,3787879
79,93	0,3787879
79,97	0,3787879
79,99	0,3787879
80,03	0,3787879
80,06	0,3787879
80,16	0,3787879
80,2	0,3787879
80,23	0,3787879
80,27	0,3787879
80,3	0,3787879
80,35	0,3787879
80,37	0,3787879
80,42	0,3787879
80,44	0,3787879
80,48	0,3787879
80,51	0,3787879
80,56	0,3787879
80,58	0,3787879
80,62	0,3787879
80,64	0,3787879
80,68	0,3787879
80,7	0,3787879
80,75	0,3787879
80,77	0,3787879
80,82	0,3787879
80,84	0,3787879
80,88	0,3787879
80,9	0,3787879
80,95	0,3787879
80,97	0,3787879
81,02	0,3787879
81,04	0,3787879
81,08	0,3787879
81,1	0,3787879
81,15	0,3787879
81,17	0,3787879
81,21	0,3787879
81,24	0,3787879
81,29	0,3787879
81,31	0,3787879
81,36	0,3787879
81,38	0,3787879
81,42	0,3787879
81,44	0,3787879
81,49	0,3787879
81,51	0,3787879
81,57	0,3787879
81,61	0,3787879
81,63	0,3787879
81,67	0,3787879
81,69	0,3787879
81,72	0,3787879
81,74	0,3787879
81,75	0,3787879
81,76	0,3787879
81,79	0,3787879
81,83	0,3787879
81,88	0,3787879
81,9	0,3787879
81,94	0,3787879
81,96	0,3787879
82,01	0,3787879
82,03	0,3787879
82,08	0,3787879
82,09	0,3787879
82,14	0,3787879
82,16	0,3787879
82,2	0,3787879
82,23	0,3787879
82,28	0,3787879
82,31	0,3787879
82,35	0,3787879
82,38	0,3787879
82,42	0,3787879
82,45	0,3787879
82,49	0,3787879
82,51	0,3787879
82,56	0,3787879
82,58	0,3787879
82,63	0,3787879
82,65	0,3787879
82,69	0,3787879
82,71	0,3787879
82,76	0,3787879
82,78	0,3787879
82,83	0,3787879
82,85	0,3787879
82,9	0,3787879
82,92	0,3787879
82,97	0,3787879
83	0,3787879
83,04	0,3787879
83,05	0,3787879
83,06	0,3787879
83,07	0,3787879
83,08	0,3787879
83,09	0,3787879
83,11	0,3787879
83,13	0,3787879
83,18	0,3787879
83,2	0,3787879
83,25	0,3787879
83,27	0,3787879
83,32	0,3787879
83,35	0,3787879
83,39	0,3787879
83,41	0,3787879
83,44	0,3787879
83,45	0,3787879
83,48	0,3787879
83,52	0,3787879
83,56	0,3787879
83,6	0,3787879
83,63	0,3787879
83,68	0,3787879
83,7	0,3787879
83,75	0,3787879
83,78	0,3787879
83,82	0,3787879
83,84	0,3787879
83,89	0,3787879
83,91	0,3787879
83,96	0,3787879
83,98	0,3787879
84,03	0,3787879
84,05	0,3787879
84,09	0,3787879
84,12	0,3787879
84,15	0,3787879
84,17	0,3787879
84,2	0,3787879
84,25	0,3787879
84,27	0,3787879
84,31	0,3787879
84,34	0,3787879
84,38	0,3787879
84,4	0,3787879
84,44	0,3787879
84,47	0,3787879
84,52	0,3787879
84,55	0,3787879
84,6	0,3787879
84,62	0,3787879
84,66	0,3787879
84,68	0,3787879
84,73	0,3787879
84,77	0,3787879
84,81	0,3787879
84,83	0,3787879
84,88	0,3787879
84,9	0,3787879
84,95	0,3787879
84,97	0,3787879
85,01	0,3787879
85,03	0,3787879
85,08	0,3787879
85,1	0,3787879
85,14	0,3787879
85,16	0,3787879
85,2	0,3787879
85,23	0,3787879
85,27	0,3787879
85,3	0,3787879
85,34	0,3787879
85,36	0,3787879
85,42	0,3787879
85,5	0,3787879
85,55	0,3787879
85,57	0,3787879
85,62	0,3787879
85,65	0,3787879
85,69	0,3787879
85,71	0,3787879
85,75	0,3787879
85,78	0,3787879
85,83	0,3787879
85,85	0,3787879
85,88	0,3787879
85,89	0,3787879
85,91	0,3787879
85,96	0,3787879
85,98	0,3787879
86,03	0,3787879
86,05	0,3787879
86,09	0,3787879
86,12	0,3787879
86,16	0,3787879
86,19	0,3787879
86,23	0,3787879
86,26	0,3787879
86,31	0,3787879
86,34	0,3787879
86,39	0,3787879
86,41	0,3787879
86,47	0,3787879
86,52	0,3787879
86,55	0,3787879
86,6	0,3787879
86,61	0,3787879
86,66	0,3787879
86,69	0,3787879
86,74	0,3787879
86,75	0,3787879
86,76	0,3787879
86,77	0,3787879
86,8	0,3787879
86,83	0,3787879
86,88	0,3787879
86,91	0,3787879
86,94	0,3787879
86,96	0,3787879
86,99	0,3787879
87,04	0,3787879
87,05	0,3787879
87,09	0,3787879
87,1	0,3787879
87,12	0,3787879
87,18	0,3787879
87,23	0,3787879
87,25	0,3787879
87,28	0,3787879
87,31	0,3787879
87,37	0,3787879
87,38	0,3787879
87,4	0,3787879
87,42	0,3787879
87,43	0,3787879
87,47	0,3787879
87,48	0,3787879
87,49	0,3787879
87,52	0,3787879
87,53	0,3787879
87,55	0,3787879
87,58	0,3787879
87,6	0,3787879
87,62	0,3787879
87,66	0,3787879
87,68	0,3787879
87,73	0,3787879
87,76	0,3787879
87,8	0,3787879
87,82	0,3787879
87,87	0,3787879
87,89	0,3787879
87,93	0,3787879
87,94	0,3787879
87,98	0,3787879
88,02	0,3787879
88,04	0,3787879
88,09	0,3787879
88,12	0,3787879
88,17	0,3787879
88,19	0,3787879
88,23	0,3787879
88,25	0,3787879
88,32	0,3787879
88,36	0,3787879
88,39	0,3787879
88,42	0,3787879
88,44	0,3787879
88,45	0,3787879
88,47	0,3787879
88,49	0,3787879
88,52	0,3787879
88,54	0,3787879
88,59	0,3787879
88,61	0,3787879
88,63	0,3787879
88,64	0,3787879
88,65	0,3787879
88,67	0,3787879
88,73	0,3787879
88,77	0,3787879
88,8	0,3787879
88,84	0,3787879
88,86	0,3787879
88,9	0,3787879
88,93	0,3787879
88,95	0,3787879
88,98	0,3787879
89	0,3787879
89,04	0,3787879
89,05	0,3787879
89,06	0,3787879
89,11	0,3787879
89,14	0,3787879
89,19	0,3787879
89,21	0,3787879
89,26	0,3787879
89,29	0,3787879
89,32	0,3787879
89,36	0,3787879
89,42	0,3787879
89,47	0,3787879
89,48	0,3787879
89,52	0,3787879
89,55	0,3787879
89,57	0,3787879
89,58	0,3787879
89,59	0,3787879
89,6	0,3787879
89,62	0,3787879
89,64	0,3787879
89,65	0,3787879
89,66	0,3787879
89,67	0,3787879
89,68	0,3787879
89,73	0,3787879
89,76	0,3787879
89,81	0,3787879
89,84	0,3787879
89,89	0,3787879
89,91	0,3787879
89,95	0,3787879
89,97	0,3787879
90,02	0,3787879
90,04	0,3787879
90,08	0,3787879
90,1	0,3787879
90,15	0,3787879
90,18	0,3787879
90,22	0,3787879
90,24	0,3787879
90,28	0,3787879
90,3	0,3787879
90,35	0,3787879
90,38	0,3787879
90,42	0,3787879
90,45	0,3787879
90,49	0,3787879
90,51	0,3787879
90,54	0,3787879
90,57	0,3787879
90,63	0,3787879
90,67	0,3787879
90,69	0,3787879
90,74	0,3787879
90,76	0,3787879
90,81	0,3787879
90,83	0,3787879
90,89	0,3787879
90,93	0,3787879
90,95	0,3787879
90,98	0,3787879
90,99	0,3787879
91	0,3787879
91,03	0,3787879
91,08	0,3787879
91,09	0,3787879
91,14	0,3787879
91,17	0,3787879
91,22	0,3787879
91,24	0,3787879
91,28	0,3787879
91,3	0,3787879
91,35	0,3787879
91,37	0,3787879
91,41	0,3787879
91,43	0,3787879
91,48	0,3787879
91,51	0,3787879
91,56	0,3787879
91,59	0,3787879
91,63	0,3787879
91,66	0,3787879
91,7	0,3787879
91,72	0,3787879
91,77	0,3787879
91,79	0,3787879
91,84	0,3787879
91,86	0,3787879
91,91	0,3848485
91,94	0,3878788
91,99	0,3939394
92,02	0,3969697
92,07	0,4030303
92,1	0,4060606
92,14	0,4121212
92,16	0,4121212
92,22	0,4181818
92,23	0,4212121
92,29	0,4272727
92,3	0,430303
92,31	0,430303
92,32	0,430303
92,33	0,4333333
92,35	0,4333333
92,39	0,439394
92,42	0,4424243
92,44	0,4424243
92,45	0,4454546
92,46	0,4454546
92,48	0,4515152
92,52	0,4515152
92,55	0,4515152
92,59	0,4515152
92,61	0,4515152
92,66	0,4515152
92,68	0,4575758
92,72	0,4575758
92,75	0,4575758
92,79	0,4636364
92,81	0,4636364
92,85	0,4636364
92,89	0,4636364
92,93	0,4636364
92,95	0,4636364
92,99	0,4636364
93,02	0,4636364
93,06	0,4636364
93,08	0,469697
93,12	0,469697
93,14	0,469697
93,19	0,469697
93,21	0,469697
93,26	0,4818182
93,28	0,4878788
93,33	0,5
93,36	0,5090909
93,4	0,5151515
93,43	0,5242424
93,48	0,5393939
93,5	0,5454545
93,55	0,5575757
93,58	0,5636364
93,63	0,5757576
93,65	0,5787879
93,69	0,5909091
93,71	0,5969697
93,76	0,6121212
93,78	0,6121212
93,83	0,6121212
93,85	0,6181818
93,86	0,6181818
93,87	0,6181818
93,9	0,630303
93,92	0,6393939
93,97	0,6515151
93,99	0,6545454
94,03	0,6636363
94,06	0,6636363
94,1	0,6636363
94,12	0,6636363
94,17	0,6636363
94,19	0,6636363
94,24	0,6636363
94,26	0,6636363
94,31	0,6636363
94,34	0,6636363
94,39	0,6636363
94,41	0,6636363
94,45	0,6636363
94,47	0,6636363
94,52	0,6636363
94,56	0,6636363
94,61	0,6636363
94,63	0,6636363
94,67	0,6636363
94,7	0,6636363
94,74	0,6636363
94,77	0,6636363
94,81	0,6636363
94,83	0,6636363
94,89	0,6636363
94,94	0,6636363
94,96	0,6636363
95,01	0,6636363
95,03	0,6636363
95,07	0,6636363
95,1	0,6636363
95,14	0,6636363
95,17	0,6636363
95,22	0,6636363
95,24	0,6636363
95,29	0,6636363
95,31	0,6636363
95,36	0,6636363
95,38	0,6636363
95,43	0,6636363
95,45	0,6636363
95,5	0,6636363
95,53	0,6636363
95,58	0,6636363
95,6	0,6636363
95,65	0,6636363
95,68	0,6636363
95,72	0,6636363
95,75	0,6636363
95,79	0,6636363
95,82	0,6636363
95,87	0,6636363
95,9	0,6636363
95,99	0,6636363
96,04	0,6636363
96,07	0,6636363
96,11	0,6636363
96,13	0,6636363
96,18	0,6636363
96,21	0,6636363
96,25	0,6636363
96,28	0,6636363
96,34	0,6636363
96,39	0,6636363
96,42	0,6636363
96,47	0,6636363
96,5	0,6636363
96,55	0,6636363
96,57	0,6636363
96,61	0,6636363
96,63	0,6636363
96,68	0,6636363
96,7	0,6636363
96,75	0,6636363
96,77	0,6636363
96,82	0,6636363
96,84	0,6636363
96,9	0,6636363
96,95	0,6636363
96,97	0,6636363
97,02	0,6636363
97,04	0,6636363
97,09	0,6636363
97,12	0,6636363
97,17	0,6636363
97,19	0,6636363
97,24	0,6636363
97,27	0,6636363
97,33	0,6636363
97,37	0,6636363
97,4	0,6636363
97,45	0,6636363
97,47	0,6636363
97,53	0,6636363
97,59	0,6636363
97,64	0,6636363
97,66	0,6636363
97,71	0,6636363
97,73	0,6636363
97,77	0,6636363
97,79	0,6636363
97,83	0,6636363
97,85	0,6636363
97,9	0,6636363
97,94	0,6636363
97,99	0,6636363
98,02	0,6636363
98,05	0,6636363
98,08	0,6636363
98,12	0,6636363
98,15	0,6636363
98,19	0,6636363
98,22	0,6636363
98,28	0,6636363
98,33	0,6636363
98,36	0,6636363
98,41	0,6636363
98,43	0,6636363
98,48	0,6636363
98,5	0,6636363
98,56	0,6636363
98,61	0,6636363
98,64	0,6636363
98,69	0,6636363
98,72	0,6636363
98,8	0,6636363
98,9	0,6636363
98,95	0,6636363
98,98	0,6636363
99,01	0,6636363
99,03	0,6636363
99,08	0,6636363
99,11	0,6636363
99,15	0,6636363
99,16	0,6636363
99,17	0,6636363
99,2	0,6636363
99,21	0,6636363
99,22	0,6636363
99,23	0,6636363
99,25	0,6636363
99,29	0,6636363
99,31	0,6636363
99,36	0,6636363
99,37	0,6636363
99,4	0,6636363
99,41	0,6636363
99,43	0,6636363
99,49	0,6636363
99,53	0,6636363
99,57	0,6636363
99,61	0,6636363
99,63	0,6636363
99,68	0,6636363
99,7	0,6636363
99,72	0,6636363
99,73	0,6636363
99,76	0,6636363
99,81	0,6636363
99,83	0,6636363
99,87	0,6636363
99,9	0,6636363
99,95	0,6636363
99,97	0,6636363
100	0,6636363
100,01	0,6636363
100,02	0,6636363
100,04	0,6636363
100,1	0,6636363
100,13	0,6636363
100,15	0,6636363
100,18	0,6636363
100,23	0,6636363
100,25	0,6636363
100,3	0,6636363
100,33	0,6636363
100,38	0,6636363
100,4	0,6636363
100,45	0,6636363
100,47	0,6636363
100,52	0,6636363
100,53	0,6636363
100,56	0,6636363
100,57	0,6636363
100,58	0,6636363
100,59	0,6636363
100,6	0,6636363
100,62	0,6636363
100,65	0,6636363
100,69	0,6636363
100,71	0,6636363
100,72	0,6636363
100,74	0,6636363
100,77	0,6636363
100,81	0,6636363
100,82	0,6636363
100,83	0,6636363
100,84	0,6636363
100,9	0,6636363
100,94	0,6636363
100,96	0,6636363
101,01	0,6636363
101,03	0,6636363
101,08	0,6636363
101,11	0,6636363
101,14	0,6636363
101,15	0,6636363
101,17	0,6636363
101,19	0,6636363
101,2	0,6636363
101,21	0,6636363
101,22	0,6636363
101,23	0,6636363
101,25	0,6636363
101,26	0,6636363
101,27	0,6636363
101,29	0,6636363
101,34	0,6636363
101,37	0,6636363
101,42	0,6636363
101,45	0,6636363
101,49	0,6636363
101,52	0,6636363
101,58	0,6636363
101,62	0,6636363
101,65	0,6636363
101,67	0,6636363
101,68	0,6636363
101,7	0,6636363
101,73	0,6636363
101,78	0,6636363
101,81	0,6636363
101,86	0,6636363
101,89	0,6636363
101,93	0,6636363
101,97	0,6636363
102,02	0,6636363
102,05	0,6636363
102,09	0,6636363
102,11	0,6636363
102,14	0,6636363
102,16	0,6636363
102,19	0,6636363
102,25	0,6636363
102,27	0,6636363
102,3	0,6636363
102,31	0,6636363
102,35	0,6636363
102,38	0,6636363
102,43	0,6636363
102,45	0,6636363
102,5	0,6636363
102,53	0,6636363
102,59	0,6636363
102,64	0,6636363
102,67	0,6636363
102,72	0,6636363
102,74	0,6636363
102,8	0,6636363
102,85	0,6636363
102,87	0,6636363
102,89	0,6636363
102,91	0,6636363
102,94	0,6636363
102,97	0,6636363
102,98	0,6636363
103,01	0,6636363
103,06	0,6636363
103,08	0,6636363
103,12	0,6636363
103,15	0,6636363
103,2	0,6636363
103,24	0,6636363
103,29	0,6636363
103,31	0,6636363
103,35	0,6636363
103,37	0,6636363
103,42	0,6636363
103,44	0,6636363
103,49	0,6636363
103,52	0,6636363
103,57	0,6636363
103,59	0,6636363
103,63	0,6636363
103,66	0,6636363
103,71	0,6636363
103,73	0,6636363
103,77	0,6636363
103,78	0,6636363
103,8	0,6636363
103,85	0,6636363
103,88	0,6636363
103,94	0,6636363
103,98	0,6636363
104,01	0,6636363
104,05	0,6636363
104,08	0,6636363
104,12	0,6636363
104,14	0,6636363
104,2	0,6636363
104,25	0,6636363
104,28	0,6636363
104,33	0,6636363
104,36	0,6636363
104,4	0,6636363
104,43	0,6636363
104,48	0,6636363
104,51	0,6636363
104,57	0,6636363
104,62	0,6636363
104,65	0,6636363
104,7	0,6636363
104,72	0,6636363
104,78	0,6636363
104,8	0,6636363
104,86	0,6636363
104,91	0,6636363
104,94	0,6636363
104,99	0,6636363
105,01	0,6636363
105,06	0,6636363
105,08	0,6636363
105,13	0,6636363
105,15	0,6636363
105,2	0,6636363
105,23	0,6636363
105,29	0,6636363
105,32	0,6636363
105,34	0,6636363
105,37	0,6636363
105,41	0,6636363
105,43	0,6636363
105,44	0,6636363
105,47	0,6636363
105,49	0,6636363
105,54	0,6636363
105,57	0,6636363
105,63	0,6636363
105,7	0,6636363
105,74	0,6636363
105,77	0,6636363
105,81	0,6636363
105,83	0,6636363
105,84	0,6636363
105,85	0,6636363
105,87	0,6636363
105,88	0,6636363
105,93	0,6636363
105,95	0,6636363
106	0,6636363
106,02	0,6636363
106,05	0,6636363
106,06	0,6636363
106,07	0,6636363
106,08	0,6636363
106,12	0,6636363
106,15	0,6636363
106,21	0,6636363
106,26	0,6636363
106,28	0,6636363
106,34	0,6636363
106,39	0,6636363
106,41	0,6636363
106,45	0,6636363
106,48	0,6636363
106,52	0,6636363
106,55	0,6636363
106,61	0,6636363
106,69	0,6636363
106,71	0,6636363
106,73	0,6636363
106,76	0,6636363
106,81	0,6636363
106,83	0,6636363
106,88	0,6636363
106,91	0,6636363
106,96	0,6636363
106,99	0,6636363
107,04	0,6636363
107,06	0,6636363
107,11	0,6636363
107,14	0,6636363
107,18	0,6636363
107,21	0,6636363
107,26	0,6636363
107,28	0,6636363
107,33	0,6636363
107,35	0,6636363
107,4	0,6636363
107,43	0,6636363
107,47	0,6636363
107,49	0,6636363
107,52	0,6636363
107,54	0,6636363
107,55	0,6636363
107,6	0,6636363
107,62	0,6636363
107,67	0,6636363
107,7	0,6636363
107,72	0,6636363
107,75	0,6636363
107,78	0,6636363
107,81	0,6636363
107,85	0,6636363
107,89	0,6636363
107,91	0,6636363
107,94	0,6636363
107,95	0,6636363
107,96	0,6636363
107,97	0,6636363
107,99	0,6636363
108,01	0,6636363
108,03	0,6636363
108,04	0,6636363
108,06	0,6636363
108,09	0,6636363
108,14	0,6636363
108,16	0,6636363
108,17	0,6636363
108,2	0,6636363
108,21	0,6636363
108,22	0,6636363
108,27	0,6636363
108,29	0,6636363
108,31	0,6636363
108,33	0,6636363
108,34	0,6636363
108,36	0,6636363
108,43	0,6636363
108,48	0,6636363
108,53	0,6636363
108,56	0,6636363
108,58	0,6636363
108,6	0,6636363
108,62	0,6636363
108,66	0,6636363
108,69	0,6636363
108,74	0,6636363
108,79	0,6636363
108,81	0,6636363
108,86	0,6636363
108,88	0,6636363
108,93	0,6636363
108,95	0,6636363
108,99	0,6636363
109,02	0,6636363
109,04	0,6636363
109,07	0,6636363
109,09	0,6636363
109,14	0,6636363
109,17	0,6636363
109,22	0,6636363
109,25	0,6636363
109,3	0,6636363
109,31	0,6636363
109,36	0,6636363
109,37	0,6636363
109,38	0,6636363
109,44	0,6636363
109,49	0,6636363
109,51	0,6636363
109,57	0,6636363
109,59	0,6636363
109,62	0,6636363
109,64	0,6636363
109,67	0,6636363
109,69	0,6636363
109,72	0,6636363
109,77	0,6636363
109,82	0,6636363
109,84	0,6636363
109,86	0,6636363
109,89	0,6636363
109,91	0,6636363
109,96	0,6636363
109,98	0,6636363
110,03	0,6636363
110,06	0,6636363
110,1	0,6636363
110,13	0,6636363
110,18	0,6636363
110,2	0,6636363
110,25	0,6636363
110,27	0,6636363
110,32	0,6636363
110,34	0,6636363
110,4	0,6636363
110,45	0,6636363
110,48	0,6636363
110,52	0,6636363
110,55	0,6636363
110,6	0,6636363
110,62	0,6636363
110,67	0,6636363
110,69	0,6636363
110,74	0,6636363
110,76	0,6636363
110,82	0,6636363
110,84	0,6636363
110,89	0,6636363
110,91	0,6636363
110,95	0,6636363
110,98	0,6636363
111,01	0,6636363
111,04	0,6636363
111,09	0,6636363
111,11	0,6636363
111,15	0,6636363
111,17	0,6636363
111,22	0,6636363
111,24	0,6636363
111,29	0,6636363
111,31	0,6636363
111,36	0,6636363
111,38	0,6636363
111,41	0,6636363
111,42	0,6636363
111,43	0,6636363
111,44	0,6636363
111,49	0,6636363
111,52	0,6636363
111,57	0,6636363
111,63	0,6636363
111,65	0,6636363
111,7	0,6636363
111,72	0,6636363
111,76	0,6636363
111,78	0,6636363
111,81	0,6636363
111,84	0,6636363
111,88	0,6636363
111,9	0,6636363
111,95	0,6636363
111,97	0,6636363
112,07	0,6636363
112,11	0,6636363
112,13	0,6636363
112,18	0,6636363
112,2	0,6636363
112,24	0,6636363
112,27	0,6636363
112,32	0,6636363
112,34	0,6636363
112,38	0,6636363
112,42	0,6636363
112,46	0,6636363
112,48	0,6636363
112,52	0,6636363
112,56	0,6636363
112,61	0,6636363
112,63	0,6636363
112,68	0,6636363
112,73	0,6636363
112,75	0,6636363
112,79	0,6636363
112,81	0,6636363
112,87	0,6636363
112,89	0,6636363
112,95	0,6636363
113	0,6636363
113,02	0,6636363
113,06	0,6636363
113,09	0,6636363
113,13	0,6636363
113,15	0,6636363
113,16	0,6636363
113,18	0,6636363
113,19	0,6636363
113,2	0,6636363
113,21	0,6636363
113,27	0,6636363
113,29	0,6636363
113,34	0,6636363
113,37	0,6636363
113,42	0,6636363
113,44	0,6636363
113,48	0,6636363
113,5	0,6636363
113,56	0,6636363
113,58	0,6636363
113,6	0,6636363
113,61	0,6636363
113,63	0,6636363
113,65	0,6636363
113,68	0,6636363
113,69	0,6636363
113,72	0,6636363
113,77	0,6636363
113,82	0,6636363
113,84	0,6636363
113,9	0,6636363
113,93	0,6636363
113,98	0,6636363
114,01	0,6636363
114,05	0,6636363
114,08	0,6636363
114,12	0,6636363
114,14	0,6636363
114,19	0,6636363
114,22	0,6636363
114,26	0,6636363
114,29	0,6636363
114,34	0,6636363
114,36	0,6636363
114,42	0,6636363
114,44	0,6636363
114,49	0,6636363
114,51	0,6636363
114,53	0,6636363
114,54	0,6636363
114,56	0,6636363
114,62	0,6636363
114,64	0,6636363
114,67	0,6636363
114,69	0,6636363
114,74	0,6636363
114,76	0,6636363
114,79	0,6636363
114,82	0,6636363
114,86	0,6636363
114,87	0,6636363
114,88	0,6636363
114,91	0,6636363
114,93	0,6636363
114,95	0,6636363
115	0,6636363
115,02	0,6636363
115,03	0,6636363
115,05	0,6636363
115,07	0,6636363
115,1	0,6636363
115,15	0,6636363
115,18	0,6636363
115,23	0,6636363
115,28	0,6636363
115,3	0,6636363
115,35	0,6636363
115,37	0,6636363
115,42	0,6636363
115,44	0,6636363
115,48	0,6636363
115,51	0,6636363
115,56	0,6636363
115,58	0,6636363
115,63	0,6636363
115,65	0,6636363
115,69	0,6636363
115,7	0,6636363
115,73	0,6636363
115,77	0,6636363
115,79	0,6636363
115,84	0,6636363
115,87	0,6636363
115,92	0,6636363
115,94	0,6636363
115,99	0,6636363
116,02	0,6636363
116,06	0,6636363
116,08	0,6636363
116,13	0,6636363
116,15	0,6636363
116,2	0,6636363
116,23	0,6636363
116,28	0,6636363
116,3	0,6636363
116,34	0,6636363
116,36	0,6636363
116,39	0,6636363
116,42	0,6636363
116,47	0,6636363
116,49	0,6636363
116,54	0,6636363
116,58	0,6636363
116,62	0,6636363
116,65	0,6636363
116,7	0,6636363
116,73	0,6636363
116,78	0,6636363
116,8	0,6636363
116,84	0,6636363
116,87	0,6636363
116,92	0,6636363
116,94	0,6636363
116,98	0,6636363
117	0,6636363
117,05	0,6636363
117,07	0,6636363
117,11	0,6636363
117,13	0,6636363
117,18	0,6636363
117,21	0,6636363
117,31	0,6636363
117,36	0,6636363
117,38	0,6636363
117,42	0,6636363
117,45	0,6636363
117,49	0,6636363
117,52	0,6636363
117,57	0,6636363
117,59	0,6636363
117,64	0,6636363
117,66	0,6636363
117,71	0,6636363
117,74	0,6636363
117,79	0,6636363
117,81	0,6636363
117,86	0,6636363
117,89	0,6636363
117,94	0,6636363
117,96	0,6636363
118,01	0,6636363
118,04	0,6636363
118,09	0,6636363
118,1	0,6636363
118,15	0,6636363
118,18	0,6636363
118,23	0,6636363
118,26	0,6636363
118,31	0,6636363
118,33	0,6636363
118,38	0,6636363
118,41	0,6636363
118,45	0,6636363
118,48	0,6636363
118,5	0,6636363
118,52	0,6636363
118,53	0,6636363
118,58	0,6636363
118,6	0,6636363
118,65	0,6636363
118,67	0,6636363
118,73	0,6636363
118,74	0,6636363
118,77	0,6636363
118,79	0,6636363
118,83	0,6636363
118,85	0,6636363
118,88	0,6636363
118,92	0,6636363
118,94	0,6636363
118,99	0,6636363
119,01	0,6636363
119,06	0,6636363
119,08	0,6636363
119,13	0,6636363
119,14	0,6636363
119,15	0,6636363
119,2	0,6636363
119,23	0,6636363
119,26	0,6636363
119,31	0,6636363
119,34	0,6636363
119,39	0,6636363
119,44	0,6636363
119,46	0,6636363
119,5	0,6636363
119,52	0,6636363
119,58	0,6636363
119,63	0,6636363
119,65	0,6636363
119,7	0,6636363
119,72	0,6636363
119,78	0,6636363
119,8	0,6636363
119,86	0,6636363
119,9	0,6636363
119,92	0,6636363
119,96	0,6636363
119,99	0,6636363
120,03	0,6636363
120,04	0,6636363
120,05	0,6636363
120,07	0,6636363
120,1	0,6636363
120,13	0,6636363
120,2	0,6636363
120,25	0,6636363
120,27	0,6636363
120,32	0,6636363
120,34	0,6636363
120,38	0,6636363
120,4	0,6636363
120,44	0,6636363
120,47	0,6636363
120,51	0,6636363
120,54	0,6636363
120,58	0,6636363
120,6	0,6636363
120,65	0,6636363
120,67	0,6636363
120,72	0,6636363
120,75	0,6636363
120,79	0,6636363
120,81	0,6636363
120,86	0,6636363
120,89	0,6636363
120,94	0,6636363
120,96	0,6636363
121	0,6636363
121,03	0,6636363
121,07	0,6636363
121,1	0,6636363
121,15	0,6636363
121,18	0,6636363
121,23	0,6636363
121,26	0,6636363
121,31	0,6636363
121,34	0,6636363
121,36	0,6636363
121,37	0,6636363
121,38	0,6636363
121,4	0,6636363
121,46	0,6636363
121,48	0,6636363
121,53	0,6636363
121,56	0,6636363
121,61	0,6636363
121,64	0,6636363
121,69	0,6636363
121,71	0,6636363
121,75	0,6636363
121,78	0,6636363
121,81	0,6636363
121,82	0,6636363
121,83	0,6636363
121,88	0,6636363
121,91	0,6636363
121,96	0,6636363
121,98	0,6636363
122,03	0,6636363
122,05	0,6636363
122,1	0,6636363
122,13	0,6636363
122,18	0,6636363
122,21	0,6636363
122,26	0,6636363
122,28	0,6636363
122,32	0,6636363
122,34	0,6636363
122,39	0,6636363
122,41	0,6636363
122,46	0,6636363
122,48	0,6636363
122,53	0,6636363
122,55	0,6636363
122,6	0,6636363
122,63	0,6636363
122,64	0,6636363
122,65	0,6636363
122,66	0,6636363
122,67	0,6636363
122,68	0,6636363
122,69	0,6636363
122,7	0,6636363
122,72	0,6636363
122,75	0,6636363
122,79	0,6636363
122,82	0,6636363
122,87	0,6636363
122,92	0,6636363
122,94	0,6636363
122,98	0,6636363
123,01	0,6636363
123,06	0,6636363
123,08	0,6636363
123,1	0,6636363
123,13	0,6636363
123,16	0,6636363
123,2	0,6636363
123,22	0,6636363
123,26	0,6636363
123,28	0,6636363
123,33	0,6636363
123,35	0,6636363
123,39	0,6636363
123,42	0,6636363
123,46	0,6636363
123,48	0,6636363
123,53	0,6636363
123,55	0,6636363
123,58	0,6636363
123,61	0,6636363
123,63	0,6636363
123,66	0,6636363
123,69	0,6636363
123,71	0,6636363
123,76	0,6636363
123,77	0,6636363
123,78	0,6636363
123,82	0,6636363
123,85	0,6636363
123,89	0,6636363
123,92	0,6636363
123,97	0,6636363
124,02	0,6636363
124,04	0,6636363
124,07	0,6636363
124,09	0,6636363
124,1	0,6636363
124,15	0,6636363
124,17	0,6636363
124,22	0,6636363
124,25	0,6636363
124,29	0,6636363
124,32	0,6636363
124,38	0,6636363
124,42	0,6636363
124,45	0,6636363
124,5	0,6636363
124,52	0,6636363
124,57	0,6636363
124,62	0,6636363
124,64	0,6636363
124,68	0,6636363
124,71	0,6636363
124,76	0,6636363
124,78	0,6636363
124,83	0,6636363
124,85	0,6636363
124,9	0,6636363
124,92	0,6636363
124,96	0,6636363
124,99	0,6636363
125,04	0,6636363
125,06	0,6636363
125,09	0,6636363
125,1	0,6636363
125,13	0,6636363
125,18	0,6636363
125,23	0,6636363
125,25	0,6636363
125,3	0,6636363
125,33	0,6636363
125,36	0,6636363
125,37	0,6636363
125,4	0,6636363
125,42	0,6636363
125,43	0,6636363
125,44	0,6636363
125,45	0,6636363
125,46	0,6636363
125,47	0,6636363
125,49	0,6636363
125,5	0,6636363
125,53	0,6636363
125,59	0,6636363
125,6	0,6636363
125,64	0,6636363
125,66	0,6636363
125,7	0,6636363
125,72	0,6636363
125,76	0,6636363
125,79	0,6636363
125,84	0,6636363
125,88	0,6636363
125,91	0,6636363
125,94	0,6636363
125,97	0,6636363
126	0,6636363
126,02	0,6636363
126,05	0,6636363
126,08	0,6636363
126,11	0,6636363
126,16	0,6636363
126,19	0,6636363
126,22	0,6636363
126,25	0,6636363
126,3	0,6636363
126,32	0,6636363
126,36	0,6636363
126,38	0,6636363
126,42	0,6636363
126,45	0,6636363
126,49	0,6636363
126,52	0,6636363
126,57	0,6636363
126,6	0,6636363
126,63	0,6636363
126,65	0,6636363
126,66	0,6636363
126,67	0,6636363
126,7	0,6636363
126,72	0,6636363
126,78	0,6636363
126,82	0,6636363
126,85	0,6636363
126,9	0,6636363
126,93	0,6636363
126,97	0,6636363
127	0,6636363
127,05	0,6636363
127,07	0,6636363
127,12	0,6636363
127,13	0,6636363
127,18	0,6636363
127,21	0,6636363
127,26	0,6636363
127,3	0,6636363
127,34	0,6636363
127,38	0,6636363
127,42	0,6636363
127,45	0,6636363
127,5	0,6636363
127,52	0,6636363
127,58	0,6636363
127,62	0,6636363
127,66	0,6636363
127,71	0,6636363
127,73	0,6636363
127,78	0,6636363
127,8	0,6636363
127,91	0,6636363
127,95	0,6636363
127,98	0,6636363
128,02	0,6636363
128,05	0,6636363
128,06	0,6636363
128,07	0,6636363
128,08	0,6636363
128,11	0,6636363
128,15	0,6636363
128,16	0,6636363
128,18	0,6636363
128,22	0,6636363
128,25	0,6636363
128,3	0,6636363
128,32	0,6636363
128,37	0,6636363
128,39	0,6636363
128,43	0,6636363
128,46	0,6636363
128,51	0,6636363
128,54	0,6636363
128,59	0,6636363
128,61	0,6636363
128,63	0,6636363
128,66	0,6636363
128,68	0,6636363
128,72	0,6636363
128,74	0,6636363
128,78	0,6636363
128,81	0,6636363
128,86	0,6636363
128,89	0,6636363
128,94	0,6636363
128,96	0,6636363
129,01	0,6636363
129,03	0,6636363
129,05	0,6636363
129,06	0,6636363
129,08	0,6636363
129,11	0,6636363
129,15	0,6636363
129,17	0,6636363
129,19	0,6636363
129,2	0,6636363
129,23	0,6636363
129,28	0,6636363
129,3	0,6636363
129,31	0,6636363
129,35	0,6636363
129,37	0,6636363
129,42	0,6636363
129,45	0,6636363
129,49	0,6636363
129,51	0,6636363
129,57	0,6636363
129,62	0,6636363
129,64	0,6636363
129,69	0,6636363
129,71	0,6636363
129,76	0,6636363
129,78	0,6636363
129,83	0,6636363
129,85	0,6636363
129,9	0,6636363
129,92	0,6636363
129,96	0,6636363
129,98	0,6636363
130,04	0,6636363
130,08	0,6636363
130,11	0,6636363
130,15	0,6636363
130,17	0,6636363
130,21	0,6636363
130,23	0,6636363
130,3	0,6636363
130,31	0,6636363
130,32	0,6636363
130,35	0,6636363
130,37	0,6636363
130,42	0,6636363
130,44	0,6636363
130,5	0,6636363
130,54	0,6636363
130,58	0,6636363
130,62	0,6636363
130,66	0,6636363
130,7	0,6636363
130,73	0,6636363
130,76	0,6636363
130,78	0,6636363
130,81	0,6636363
130,84	0,6636363
130,86	0,6636363
130,91	0,6636363
130,93	0,6636363
130,98	0,6636363
131	0,6636363
131,06	0,6636363
131,1	0,6636363
131,12	0,6636363
131,17	0,6636363
131,19	0,6636363
131,25	0,6636363
131,29	0,6636363
131,32	0,6636363
131,37	0,6636363
131,41	0,6636363
131,44	0,6636363
131,45	0,6636363
131,46	0,6636363
131,48	0,6636363
131,52	0,6636363
131,56	0,6636363
131,6	0,6636363
131,61	0,6636363
131,62	0,6636363
131,67	0,6636363
131,7	0,6636363
131,74	0,6636363
131,76	0,6636363
131,82	0,6636363
131,87	0,6636363
131,89	0,6636363
131,94	0,6636363
131,97	0,6636363
132,01	0,6636363
132,03	0,6636363
132,08	0,6636363
132,1	0,6636363
132,15	0,6636363
132,17	0,6636363
132,21	0,6636363
132,24	0,6636363
132,29	0,6636363
132,31	0,6636363
132,36	0,6636363
132,38	0,6636363
132,43	0,6636363
132,44	0,6636363
132,46	0,6636363
132,47	0,6636363
132,49	0,6636363
132,52	0,6636363
132,58	0,6636363
132,63	0,6636363
132,65	0,6636363
132,69	0,6636363
132,72	0,6636363
132,77	0,6636363
132,79	0,6636363
132,81	0,6636363
132,82	0,6636363
132,83	0,6636363
132,86	0,6636363
132,9	0,6636363
132,92	0,6636363
132,96	0,6636363
132,99	0,6636363
133,03	0,6636363
133,05	0,6636363
133,1	0,6636363
133,13	0,6636363
133,17	0,6636363
133,19	0,6636363
133,24	0,6636363
133,3	0,6636363
133,35	0,6636363
133,37	0,6636363
133,4	0,6636363
133,43	0,6636363
133,47	0,6636363
133,5	0,6636363
133,54	0,6636363
133,56	0,6636363
133,57	0,6636363
133,59	0,6636363
133,61	0,6636363
133,62	0,6636363
133,63	0,6636363
133,66	0,6636363
133,68	0,6636363
133,74	0,6636363
133,78	0,6636363
133,81	0,6636363
133,84	0,6636363
133,87	0,6636363
133,88	0,6636363
133,9	0,6636363
133,91	0,6636363
133,94	0,6636363
133,98	0,6636363
134,01	0,6636363
134,06	0,6636363
134,07	0,6636363
134,08	0,6636363
134,1	0,6636363
134,12	0,6636363
134,14	0,6636363
134,16	0,6636363
134,17	0,6636363
134,18	0,6636363
134,2	0,6636363
134,25	0,6636363
134,28	0,6636363
134,31	0,6636363
134,33	0,6636363
134,35	0,6636363
134,4	0,6636363
134,42	0,6636363
134,48	0,6636363
134,52	0,6636363
134,55	0,6636363
134,59	0,6636363
134,61	0,6636363
134,65	0,6636363
134,68	0,6636363
134,72	0,6636363
134,76	0,6636363
134,81	0,6636363
134,83	0,6636363
134,87	0,6636363
134,9	0,6636363
134,95	0,6636363
134,97	0,6636363
135,01	0,6636363
135,04	0,6636363
135,08	0,6636363
135,09	0,6636363
135,12	0,6636363
135,17	0,6636363
135,19	0,6636363
135,24	0,6636363
135,26	0,6636363
135,31	0,6636363
135,33	0,6636363
135,38	0,6636363
135,42	0,6636363
135,45	0,6636363
135,5	0,6636363
135,53	0,6636363
135,59	0,6636363
135,63	0,6636363
135,66	0,6636363
135,71	0,6636363
135,75	0,6636363
135,77	0,6636363
135,79	0,6636363
135,83	0,6636363
135,84	0,6636363
135,89	0,6636363
135,92	0,6636363
135,96	0,6636363
135,98	0,6636363
136,02	0,6636363
136,05	0,6636363
136,09	0,6636363
136,11	0,6636363
136,15	0,6636363
136,18	0,6636363
136,21	0,6636363
136,23	0,6636363
136,25	0,6636363
136,3	0,6636363
136,33	0,6636363
136,37	0,6636363
136,39	0,6636363
136,45	0,6636363
136,48	0,6636363
136,5	0,6636363
136,53	0,6636363
136,57	0,6636363
136,59	0,6636363
136,63	0,6636363
136,66	0,6636363
136,68	0,6636363
136,7	0,6636363
136,72	0,6636363
136,74	0,6636363
136,76	0,6636363
136,77	0,6636363
136,79	0,6636363
136,82	0,6636363
136,83	0,6636363
136,86	0,6636363
136,89	0,6636363
136,91	0,6636363
136,96	0,6636363
136,98	0,6636363
137,03	0,6636363
137,04	0,6636363
137,08	0,6636363
137,1	0,6636363
137,14	0,6636363
137,19	0,6636363
137,21	0,6636363
137,25	0,6636363
137,28	0,6636363
137,32	0,6636363
137,34	0,6636363
137,39	0,6636363
137,42	0,6636363
137,47	0,6636363
137,49	0,6636363
137,53	0,6636363
137,56	0,6636363
137,6	0,6636363
137,62	0,6636363
137,67	0,6636363
137,7	0,6636363
137,74	0,6636363
137,76	0,6636363
137,81	0,6636363
137,84	0,6636363
137,89	0,6636363
137,91	0,6636363
137,96	0,6636363
137,98	0,6636363
138,02	0,6636363
138,04	0,6636363
138,08	0,6636363
138,1	0,6636363
138,14	0,6636363
138,16	0,6636363
138,23	0,6636363
138,28	0,6636363
138,3	0,6636363
138,35	0,6636363
138,37	0,6636363
138,42	0,6636363
138,44	0,6636363
138,48	0,6636363
138,5	0,6636363
138,55	0,6636363
138,58	0,6636363
138,63	0,6636363
138,65	0,6636363
138,73	0,6636363
138,78	0,6636363
138,8	0,6636363
138,85	0,6636363
138,89	0,6636363
138,93	0,6636363
138,95	0,6636363
138,99	0,6636363
139,02	0,6636363
139,06	0,6636363
139,09	0,6636363
139,14	0,6636363
139,16	0,6636363
139,2	0,6636363
139,23	0,6636363
139,26	0,6636363
139,27	0,6636363
139,28	0,6636363
139,31	0,6636363
139,35	0,6636363
139,38	0,6636363
139,43	0,6636363
139,45	0,6636363
139,47	0,6636363
139,5	0,6636363
139,52	0,6636363
139,58	0,6636363
139,62	0,6636363
139,65	0,6636363
139,69	0,6636363
139,74	0,6636363
139,77	0,6636363
139,8	0,6636363
139,81	0,6636363
139,83	0,6636363
139,88	0,6636363
139,91	0,6636363
139,96	0,6636363
139,99	0,6636363
140,02	0,6636363
140,04	0,6636363
140,06	0,6636363
140,09	0,6636363
140,1	0,6636363
140,14	0,6636363
140,17	0,6636363
140,21	0,6636363
140,22	0,6636363
140,25	0,6636363
140,27	0,6636363
140,28	0,6636363
140,31	0,6636363
140,34	0,6636363
140,35	0,6636363
140,37	0,6636363
140,4	0,6636363
140,42	0,6636363
140,44	0,6636363
140,46	0,6636363
140,47	0,6636363
140,48	0,6636363
140,49	0,6636363
140,5	0,6636363
140,51	0,6636363
140,54	0,6636363
140,56	0,6636363
140,61	0,6636363
140,63	0,6636363
140,68	0,6636363
140,71	0,6636363
140,76	0,6636363
140,79	0,6636363
140,85	0,6636363
140,9	0,6636363
140,92	0,6636363
140,97	0,6636363
140,99	0,6636363
141,04	0,6636363
141,06	0,6636363
141,1	0,6636363
141,12	0,6636363
141,17	0,6636363
141,2	0,6636363
141,25	0,6636363
141,28	0,6636363
141,29	0,6636363
141,31	0,6636363
141,33	0,6636363
141,35	0,6636363
141,41	0,6636363
141,45	0,6636363
141,47	0,6636363
141,52	0,6636363
141,54	0,6636363
141,58	0,6636363
141,61	0,6636363
141,66	0,6636363
141,68	0,6636363
141,71	0,6636363
141,72	0,6636363
141,73	0,6636363
141,74	0,6636363
141,75	0,6636363
141,76	0,6636363
141,77	0,6636363
141,78	0,6636363
141,81	0,6636363
141,84	0,6636363
141,85	0,6636363
141,86	0,6636363
141,88	0,6636363
141,89	0,6636363
141,92	0,6636363
141,94	0,6636363
141,98	0,6636363
142,01	0,6636363
142,05	0,6636363
142,07	0,6636363
142,12	0,6636363
142,14	0,6636363
142,17	0,6636363
142,2	0,6636363
142,23	0,6636363
142,24	0,6636363
142,27	0,6636363
142,31	0,6636363
142,33	0,6636363
142,37	0,6636363
142,4	0,6636363
142,43	0,6636363
142,46	0,6636363
142,5	0,6636363
142,52	0,6636363
142,56	0,6636363
142,57	0,6636363
142,58	0,6636363
142,63	0,6636363
142,66	0,6636363
142,7	0,6636363
142,72	0,6636363
142,77	0,6636363
142,79	0,6636363
142,84	0,6636363
142,87	0,6636363
142,92	0,6636363
142,94	0,6636363
142,98	0,6636363
143	0,6636363
143,05	0,6636363
143,07	0,6636363
143,11	0,6636363
143,13	0,6636363
143,18	0,6636363
143,2	0,6636363
143,26	0,6636363
143,31	0,6636363
143,33	0,6636363
143,38	0,6636363
143,4	0,6636363
143,48	0,6636363
143,52	0,6636363
143,55	0,6636363
143,59	0,6636363
143,61	0,6636363
143,65	0,6636363
143,67	0,6636363
143,68	0,6636363
143,7	0,6636363
143,72	0,6636363
143,74	0,6636363
143,77	0,6636363
143,78	0,6636363
143,79	0,6636363
143,8	0,6636363
143,81	0,6636363
143,83	0,6636363
143,84	0,6636363
143,87	0,6636363
143,92	0,6636363
143,94	0,6636363
143,98	0,6636363
144,01	0,6636363
144,05	0,6636363
144,06	0,6636363
144,07	0,6636363
144,11	0,6636363
144,12	0,6636363
144,13	0,6636363
144,14	0,6636363
144,15	0,6636363
144,18	0,6636363
144,2	0,6636363
144,24	0,6636363
144,26	0,6636363
144,3	0,6636363
144,33	0,6636363
144,36	0,6636363
144,38	0,6636363
144,4	0,6636363
144,44	0,6636363
144,46	0,6636363
144,5	0,6636363
144,54	0,6636363
144,58	0,6636363
144,61	0,6636363
144,64	0,6636363
144,66	0,6636363
144,67	0,6636363
144,72	0,6636363
144,75	0,6636363
144,8	0,6636363
144,82	0,6636363
144,85	0,6636363
144,86	0,6636363
144,88	0,6636363
144,89	0,6636363
144,9	0,6636363
144,92	0,6636363
144,95	0,6636363
145	0,6636363
145,01	0,6636363
145,04	0,6636363
145,06	0,6636363
145,08	0,6636363
145,14	0,6636363
145,2	0,6636363
145,24	0,6636363
145,26	0,6636363
145,3	0,6636363
145,32	0,6636363
145,34	0,6636363
145,35	0,6636363
145,36	0,6636363
145,38	0,6636363
145,4	0,6636363
145,43	0,6636363
145,45	0,6636363
145,51	0,6636363
145,54	0,6636363
145,59	0,6636363
145,61	0,6636363
145,65	0,6636363
145,68	0,6636363
145,72	0,6636363
145,75	0,6636363
145,8	0,6636363
145,81	0,6636363
145,86	0,6636363
145,88	0,6636363
145,92	0,6636363
145,95	0,6636363
145,99	0,6636363
146,01	0,6636363
146,08	0,6636363
146,13	0,6636363
146,15	0,6636363
146,2	0,6636363
146,23	0,6636363
146,29	0,6636363
146,34	0,6636363
146,36	0,6636363
146,41	0,6636363
146,45	0,6636363
146,49	0,6636363
146,51	0,6636363
146,56	0,6636363
146,59	0,6636363
146,6	0,6636363
146,63	0,6636363
146,65	0,6636363
146,66	0,6636363
146,67	0,6636363
146,68	0,6636363
146,7	0,6636363
146,72	0,6636363
146,75	0,6636363
146,77	0,6636363
146,81	0,6636363
146,85	0,6636363
146,87	0,6636363
146,92	0,6636363
146,95	0,6636363
146,98	0,6636363
147	0,6636363
147,03	0,6636363
147,06	0,6636363
147,12	0,6636363
147,15	0,6636363
147,16	0,6636363
147,18	0,6636363
147,24	0,6636363
147,28	0,6636363
147,3	0,6636363
147,36	0,6636363
147,4	0,6636363
147,43	0,6636363
147,48	0,6636363
147,51	0,6636363
147,56	0,6636363
147,58	0,6636363
147,64	0,6636363
147,68	0,6636363
147,7	0,6636363
147,74	0,6636363
147,76	0,6636363
147,8	0,6636363
147,83	0,6636363
147,85	0,6636363
147,86	0,6636363
147,89	0,6636363
147,93	0,6636363
147,95	0,6636363
148	0,6636363
148,02	0,6636363
148,06	0,6636363
148,09	0,6636363
148,13	0,6636363
148,15	0,6636363
148,2	0,6636363
148,22	0,6636363
148,27	0,6636363
148,3	0,6636363
148,35	0,6636363
148,37	0,6636363
148,42	0,6636363
148,44	0,6636363
148,51	0,6636363
148,57	0,6636363
148,61	0,6636363
148,62	0,6636363
148,64	0,6636363
148,72	0,6636363
148,78	0,6636363
148,82	0,6636363
148,85	0,6636363
148,9	0,6636363
148,92	0,6636363
148,97	0,6636363
148,99	0,6636363
149	0,6636363
149,01	0,6636363
149,02	0,6636363
149,04	0,6636363
149,05	0,6636363
149,07	0,6636363
149,12	0,6545454
149,14	0,6515151
149,18	0,6393939
149,22	0,6242424
149,23	0,6181818
149,26	0,6060606
149,29	0,6
149,32	0,5787879
149,35	0,5727273
149,39	0,5515151
149,4	0,5454545
149,42	0,5393939
149,46	0,5181818
149,47	0,5181818
149,49	0,5181818
149,51	0,5181818
149,53	0,5060606
149,56	0,4939394
149,61	0,4727273
149,63	0,4666667
149,67	0,4454546
149,7	0,4333333
149,74	0,4121212
149,75	0,4121212
149,77	0,4121212
149,79	0,4121212
149,82	0,4121212
149,84	0,4121212
149,86	0,4121212
149,88	0,4121212
149,89	0,4121212
149,9	0,4121212
149,95	0,4121212
149,97	0,4121212
150,02	0,4121212
150,04	0,4121212
150,09	0,4121212
150,12	0,4121212
150,17	0,4121212
150,21	0,4121212
150,23	0,4121212
150,25	0,4121212
150,26	0,4121212
150,27	0,4121212
150,31	0,4121212
150,36	0,4121212
150,38	0,4121212
150,44	0,4121212
150,47	0,4121212
150,5	0,4121212
150,54	0,4121212
150,56	0,4121212
150,57	0,4121212
150,58	0,4121212
150,6	0,4121212
150,61	0,4121212
150,62	0,4121212
150,63	0,4121212
150,64	0,4121212
150,65	0,4121212
150,69	0,4121212
150,73	0,4121212
150,77	0,4121212
150,78	0,4121212
150,8	0,4121212
150,85	0,4121212
150,87	0,4121212
150,91	0,4121212
150,94	0,4121212
150,98	0,4121212
151	0,4121212
151,04	0,4121212
151,06	0,4121212
151,11	0,4121212
151,13	0,4121212
151,16	0,4121212
151,19	0,4121212
151,24	0,4121212
151,26	0,4121212
151,31	0,4121212
151,33	0,4121212
151,38	0,4121212
151,41	0,4121212
151,44	0,4121212
151,46	0,4121212
151,49	0,4121212
151,54	0,4121212
151,57	0,4121212
151,61	0,4121212
151,63	0,4121212
151,69	0,4121212
151,74	0,4121212
151,77	0,4121212
151,81	0,4121212
151,83	0,4121212
151,89	0,4121212
151,93	0,4121212
151,97	0,4121212
152,02	0,4121212
152,05	0,4121212
152,09	0,4121212
152,1	0,4121212
152,11	0,4121212
152,12	0,4121212
152,14	0,4121212
152,16	0,4121212
152,19	0,4121212
152,23	0,4121212
152,27	0,4121212
152,32	0,4121212
152,35	0,4121212
152,37	0,4090909
152,4	0,4
152,43	0,3909091
152,47	0,3666667
152,49	0,3575758
152,52	0,339394
152,54	0,3303031
152,57	0,3121212
152,62	0,2848485
152,65	0,2666667
152,7	0,2393939
152,72	0,2181818
152,78	0,1939394
152,84	0,1666666
152,89	0,1484848
152,92	0,1333333
152,97	0,1181818
152,99	0,1181818
153,04	0,1151515
153,06	0,1151515
153,12	0,1151515
153,17	0,1151515
153,19	0,1151515
153,24	0,1151515
153,27	0,1151515
153,32	0,1212121
153,34	0,1272727
153,4	0,1424242
153,45	0,1545454
153,47	0,160606
153,53	0,1727272
153,59	0,1909091
153,65	0,2060606
153,69	0,2181818
153,72	0,2242424
153,82	0,2333333
153,86	0,2333333
153,9	0,2333333
153,94	0,2333333
153,97	0,2333333
154,01	0,2333333
154,04	0,2333333
154,08	0,2333333
154,1	0,2333333
154,15	0,2333333
154,18	0,2333333
154,23	0,2333333
154,26	0,2333333
154,28	0,2333333
154,3	0,2333333
154,32	0,2333333
154,37	0,2333333
154,4	0,2333333
154,45	0,2333333
154,48	0,2333333
154,53	0,2333333
154,57	0,2333333
154,61	0,2333333
154,63	0,2333333
154,68	0,2333333
154,71	0,2333333
154,75	0,2333333
154,77	0,2333333
154,81	0,2333333
154,83	0,2333333
154,87	0,2333333
154,88	0,2333333
154,89	0,2333333
154,9	0,2333333
154,92	0,2333333
154,93	0,2333333
154,95	0,2333333
154,96	0,2333333
154,97	0,2333333
154,98	0,2333333
154,99	0,2333333
155	0,2333333
155,01	0,2333333
155,02	0,2333333
155,03	0,2333333
155,06	0,2333333
155,08	0,2333333
155,13	0,2333333
155,15	0,2333333
155,21	0,2333333
155,25	0,2333333
155,28	0,2333333
155,32	0,2333333
155,35	0,2333333
155,37	0,2333333
155,39	0,2333333
155,41	0,2333333
155,42	0,2333333
155,43	0,2333333
155,45	0,2333333
155,47	0,2333333
155,53	0,2333333
155,57	0,2333333
155,58	0,2333333
155,59	0,2333333
155,61	0,2333333
155,64	0,2333333
155,66	0,2333333
155,71	0,2333333
155,73	0,2333333
155,78	0,2333333
155,81	0,2333333
155,86	0,2333333
155,88	0,2333333
155,93	0,2333333
155,96	0,2333333
155,98	0,2333333
156,01	0,2333333
156,04	0,2333333
156,09	0,2333333
156,11	0,2333333
156,16	0,2333333
156,19	0,2333333
156,24	0,2333333
156,27	0,2333333
156,33	0,2333333
156,36	0,2333333
156,39	0,2333333
156,44	0,2333333
156,47	0,2333333
156,52	0,2333333
156,56	0,2333333
156,61	0,2333333
156,64	0,2333333
156,7	0,2333333
156,74	0,2333333
156,75	0,2333333
156,76	0,2333333
156,8	0,2333333
156,82	0,2333333
156,87	0,2333333
156,9	0,2333333
156,95	0,2333333
156,97	0,2333333
157,02	0,2333333
157,05	0,2333333
157,1	0,2333333
157,12	0,2333333
157,15	0,2333333
157,17	0,2333333
157,19	0,2333333
157,24	0,2333333
157,27	0,2333333
157,32	0,2333333
157,35	0,2333333
157,4	0,2333333
157,42	0,2333333
157,48	0,2333333
157,53	0,2333333
157,57	0,2333333
157,61	0,2333333
157,64	0,2333333
157,65	0,2333333
157,66	0,2333333
157,68	0,2333333
157,69	0,2333333
157,71	0,2333333
157,72	0,2333333
157,73	0,2333333
157,74	0,2333333
157,75	0,2333333
157,77	0,2333333
157,81	0,2333333
157,83	0,2333333
157,88	0,2333333
157,9	0,2333333
157,93	0,2333333
157,94	0,2333333
157,95	0,2333333
157,97	0,2333333
158	0,2333333
158,01	0,2333333
158,02	0,2333333
158,05	0,2333333
158,06	0,2333333
158,07	0,2333333
158,08	0,2333333
158,12	0,2333333
158,15	0,2333333
158,19	0,2333333
158,22	0,2333333
158,26	0,2333333
158,29	0,2333333
158,32	0,2333333
158,35	0,2333333
158,4	0,2333333
158,42	0,2333333
158,47	0,2333333
158,5	0,2333333
158,52	0,2333333
158,55	0,2333333
158,57	0,2333333
158,59	0,2333333
158,6	0,2333333
158,61	0,2333333
158,63	0,2333333
158,67	0,2333333
158,69	0,2333333
158,73	0,2333333
158,74	0,2333333
158,75	0,2333333
158,77	0,2333333
158,79	0,2333333
158,81	0,2333333
158,82	0,2333333
158,83	0,2333333
158,87	0,2333333
158,92	0,2333333
158,94	0,2333333
158,99	0,2333333
159,01	0,2333333
159,06	0,2333333
159,08	0,2333333
159,13	0,2333333
159,15	0,2333333
159,17	0,2333333
159,18	0,2333333
159,2	0,2333333
159,22	0,2333333
159,25	0,2333333
159,27	0,2333333
159,3	0,2333333
159,34	0,2333333
159,36	0,2333333
159,37	0,2333333
159,39	0,2333333
159,41	0,2333333
159,42	0,2333333
159,46	0,2333333
159,48	0,2333333
159,49	0,2333333
159,51	0,2333333
159,54	0,2333333
159,56	0,2333333
159,57	0,2333333
159,59	0,2333333
159,6	0,2333333
159,61	0,2333333
159,62	0,2333333
159,63	0,2333333
159,64	0,2333333
159,65	0,2333333
159,67	0,2333333
159,69	0,2333333
159,71	0,2333333
159,73	0,2333333
159,79	0,2333333
159,83	0,2333333
159,85	0,2333333
159,89	0,2333333
159,91	0,2333333
159,96	0,2333333
159,98	0,2333333
160,02	0,2333333
160,04	0,2333333
160,08	0,2333333
160,1	0,2333333
160,11	0,2333333
160,12	0,2333333
160,14	0,2333333
160,15	0,2333333
160,16	0,2333333
160,19	0,2333333
160,21	0,2333333
160,23	0,2333333
160,29	0,2333333
160,33	0,2333333
160,35	0,2333333
160,38	0,2333333
160,4	0,2333333
160,43	0,2333333
160,45	0,2333333
160,47	0,2333333
160,49	0,2333333
160,53	0,2333333
160,56	0,2333333
160,57	0,2333333
160,58	0,2333333
160,6	0,2333333
160,62	0,2333333
160,64	0,2333333
160,66	0,2333333
160,68	0,2333333
160,69	0,2333333
160,7	0,2333333
160,72	0,2333333
160,75	0,2333333
160,79	0,2333333
160,81	0,2333333
160,82	0,2333333
160,83	0,2333333
160,86	0,2333333
160,88	0,2333333
160,93	0,2333333
160,96	0,2333333
160,98	0,2333333
160,99	0,2333333
161	0,2333333
161,01	0,2333333
161,03	0,2333333
161,05	0,2333333
161,06	0,2333333
161,07	0,2333333
161,08	0,2333333
161,09	0,2333333
161,1	0,2333333
161,11	0,2333333
161,12	0,2333333
161,13	0,2333333
161,16	0,2333333
161,18	0,2333333
161,19	0,2333333
161,2	0,2333333
161,22	0,2333333
161,26	0,2333333
161,29	0,2333333
161,3	0,2333333
161,31	0,2333333
161,32	0,2333333
161,33	0,2333333
161,35	0,2333333
161,4	0,2333333
161,42	0,2333333
161,48	0,2333333
161,5	0,2333333
161,55	0,2333333
161,57	0,2333333
161,6	0,2333333
161,62	0,2333333
161,64	0,2333333
161,67	0,2333333
161,69	0,2333333
161,71	0,2333333
161,72	0,2333333
161,73	0,2333333
161,76	0,2333333
161,8	0,2333333
161,81	0,2333333
161,84	0,2333333
161,86	0,2333333
161,89	0,2333333
161,93	0,2333333
161,96	0,2333333
162,01	0,2333333
162,04	0,2333333
162,06	0,2333333
162,08	0,2333333
162,09	0,2333333
162,11	0,2333333
162,13	0,2333333
162,14	0,2333333
162,15	0,2333333
162,17	0,2333333
162,2	0,2333333
162,23	0,2333333
162,25	0,2333333
162,26	0,2333333
162,28	0,2333333
162,32	0,2333333
162,34	0,2333333
162,36	0,2333333
162,41	0,2333333
162,43	0,2333333
162,44	0,2333333
162,45	0,2333333
162,47	0,2333333
162,5	0,2333333
162,53	0,2333333
162,54	0,2333333
162,55	0,2333333
162,56	0,2333333
162,58	0,2333333
162,59	0,2333333
162,6	0,2333333
162,61	0,2333333
162,63	0,2333333
162,68	0,2333333
162,7	0,2333333
162,75	0,2333333
162,76	0,2333333
162,8	0,2333333
162,82	0,2333333
162,86	0,2333333
162,88	0,2333333
162,94	0,2333333
162,99	0,2333333
163	0,2333333
163,02	0,2333333
163,05	0,2333333
163,08	0,2333333
163,13	0,2333333
163,15	0,2333333
163,2	0,2333333
163,22	0,2333333
163,27	0,2333333
163,3	0,2333333
163,35	0,2333333
163,37	0,2333333
163,43	0,2333333
163,47	0,2333333
163,48	0,2333333
163,49	0,2333333
163,51	0,2333333
163,53	0,2333333
163,57	0,2333333
163,61	0,2333333
163,64	0,2333333
163,68	0,2333333
163,71	0,2333333
163,74	0,2333333
163,76	0,2333333
163,79	0,2333333
163,85	0,2333333
163,91	0,2333333
163,96	0,2333333
164	0,2333333
164,05	0,2333333
164,08	0,2333333
164,12	0,2333333
164,15	0,2333333
164,2	0,2333333
164,23	0,2333333
164,26	0,2333333
164,27	0,2333333
164,3	0,2333333
164,34	0,2333333
164,36	0,2333333
164,41	0,2333333
164,43	0,2333333
164,48	0,2333333
164,5	0,2333333
164,56	0,2333333
164,61	0,2333333
164,63	0,2333333
164,68	0,2333333
164,7	0,2333333
164,73	0,2333333
164,75	0,2333333
164,76	0,2333333
164,79	0,2333333
164,81	0,2333333
164,83	0,2333333
164,87	0,2333333
164,9	0,2333333
164,94	0,2333333
164,97	0,2333333
165,02	0,2333333
165,03	0,2333333
165,08	0,2333333
165,11	0,2333333
165,15	0,2333333
165,17	0,2333333
165,2	0,2333333
165,21	0,2333333
165,22	0,2333333
165,25	0,2333333
165,3	0,2333333
165,32	0,2333333
165,37	0,2333333
165,39	0,2333333
165,44	0,2333333
165,46	0,2333333
165,5	0,2333333
165,52	0,2333333
165,53	0,2333333
165,54	0,2333333
165,55	0,2333333
165,56	0,2333333
165,58	0,2333333
165,62	0,2333333
165,64	0,2333333
165,68	0,2333333
165,7	0,2333333
165,75	0,2333333
165,77	0,2333333
165,81	0,2333333
165,84	0,2333333
165,9	0,2333333
165,95	0,2333333
165,97	0,2333333
166,02	0,2333333
166,04	0,2333333
166,08	0,2333333
166,11	0,2333333
166,16	0,2333333
166,18	0,2333333
166,23	0,2333333
166,26	0,2333333
166,31	0,2333333
166,37	0,2333333
166,41	0,2333333
166,43	0,2333333
166,47	0,2333333
166,49	0,2333333
166,51	0,2333333
166,55	0,2333333
166,6	0,2333333
166,61	0,2333333
166,63	0,2333333
166,66	0,2333333
166,68	0,2333333
166,71	0,2333333
166,74	0,2333333
166,79	0,2333333
166,81	0,2333333
166,86	0,2333333
166,87	0,2333333
166,91	0,2333333
166,94	0,2333333
166,97	0,2333333
166,98	0,2333333
166,99	0,2333333
167	0,2333333
167,01	0,2333333
167,03	0,2333333
167,05	0,2333333
167,07	0,2333333
167,12	0,2333333
167,15	0,2333333
167,19	0,2333333
167,22	0,2333333
167,27	0,2333333
167,28	0,2333333
167,29	0,2333333
167,3	0,2333333
167,31	0,2333333
167,33	0,2333333
167,36	0,2333333
167,4	0,2333333
167,43	0,2333333
167,48	0,2333333
167,5	0,2333333
167,56	0,2333333
167,6	0,2333333
167,63	0,2333333
167,68	0,2333333
167,73	0,2333333
167,75	0,2333333
167,8	0,2333333
167,83	0,2333333
167,88	0,2333333
167,9	0,2333333
167,95	0,2333333
167,98	0,2333333
168,03	0,2333333
168,05	0,2333333
168,09	0,2333333
168,1	0,2333333
168,13	0,2333333
168,18	0,2333333
168,2	0,2333333
168,23	0,2333333
168,25	0,2333333
168,28	0,2333333
168,32	0,2333333
168,35	0,2333333
168,4	0,2333333
168,42	0,2333333
168,47	0,2333333
168,49	0,2333333
168,54	0,2333333
168,58	0,2333333
168,63	0,2333333
168,66	0,2333333
168,71	0,2333333
168,74	0,2333333
168,82	0,2333333
168,87	0,2333333
168,89	0,2333333
168,94	0,2333333
168,96	0,2333333
169	0,2333333
169,03	0,2333333
169,08	0,2333333
169,09	0,2333333
169,12	0,2333333
169,13	0,2333333
169,14	0,2333333
169,16	0,2333333
169,19	0,2333333
169,21	0,2333333
169,24	0,2333333
169,29	0,2333333
169,3	0,2333333
169,34	0,2333333
169,36	0,2333333
169,41	0,2333333
169,44	0,2333333
169,48	0,2333333
169,51	0,2333333
169,57	0,2333333
169,61	0,2333333
169,64	0,2333333
169,68	0,2333333
169,69	0,2333333
169,71	0,2333333
169,75	0,2333333
169,78	0,2333333
169,83	0,2333333
169,85	0,2333333
169,91	0,2333333
169,96	0,2333333
170	0,2333333
170,03	0,2333333
170,06	0,2333333
170,1	0,2333333
170,13	0,2333333
170,18	0,2333333
170,21	0,2333333
170,29	0,2333333
170,33	0,2333333
170,35	0,2333333
170,36	0,2333333
170,37	0,2333333
170,38	0,2333333
170,39	0,2333333
170,4	0,2333333
170,42	0,2333333
170,43	0,2333333
170,44	0,2333333
170,45	0,2333333
170,46	0,2333333
170,47	0,2333333
170,49	0,2333333
170,5	0,2333333
170,51	0,2333333
170,54	0,2333333
170,58	0,2333333
170,6	0,2333333
170,64	0,2333333
170,65	0,2333333
170,66	0,2333333
170,67	0,2333333
170,69	0,2333333
170,71	0,2333333
170,74	0,2333333
170,78	0,2333333
170,79	0,2333333
170,8	0,2333333
170,81	0,2333333
170,83	0,2333333
170,85	0,2333333
170,88	0,2333333
170,91	0,2333333
170,93	0,2333333
170,96	0,2333333
170,97	0,2333333
170,98	0,2333333
170,99	0,2333333
171	0,2333333
171,02	0,2333333
171,07	0,2333333
171,09	0,2333333
171,11	0,2333333
171,12	0,2333333
171,14	0,2333333
171,15	0,2333333
171,16	0,2333333
171,17	0,2333333
171,19	0,2333333
171,22	0,2333333
171,27	0,2333333
171,29	0,2333333
171,3	0,2333333
171,31	0,2333333
171,32	0,2333333
171,33	0,2333333
171,34	0,2333333
171,37	0,2333333
171,41	0,2333333
171,42	0,2333333
171,43	0,2333333
171,46	0,2333333
171,47	0,2333333
171,48	0,2333333
171,49	0,2333333
171,5	0,2333333
171,51	0,2333333
171,54	0,2333333
171,57	0,2333333
171,6	0,2333333
171,61	0,2333333
171,62	0,2333333
171,63	0,2333333
171,65	0,2333333
171,66	0,2333333
171,67	0,2333333
171,68	0,2333333
171,71	0,2333333
171,74	0,2333333
171,75	0,2333333
171,78	0,2333333
171,81	0,2333333
171,82	0,2333333
171,83	0,2333333
171,85	0,2333333
171,89	0,2333333
171,92	0,2333333
171,94	0,2333333
171,95	0,2333333
171,97	0,2333333
171,98	0,2333333
171,99	0,2333333
172,02	0,2333333
172,04	0,2333333
172,07	0,2333333
172,1	0,2333333
172,12	0,2333333
172,13	0,2333333
172,14	0,2333333
172,16	0,2333333
172,21	0,2333333
172,22	0,2333333
172,27	0,2333333
172,28	0,2333333
172,29	0,2333333
172,3	0,2333333
172,31	0,2333333
172,32	0,2333333
172,35	0,2333333
172,38	0,2333333
172,39	0,2333333
172,4	0,2333333
172,41	0,2333333
172,44	0,2333333
172,45	0,2333333
172,46	0,2333333
172,47	0,2333333
172,49	0,2333333
172,51	0,2333333
172,54	0,2333333
172,58	0,2333333
172,59	0,2333333
172,6	0,2333333
172,62	0,2333333
172,63	0,2333333
172,66	0,2333333
172,71	0,2333333
172,72	0,2333333
172,73	0,2333333
172,74	0,2333333
172,76	0,2333333
172,79	0,2333333
172,83	0,2333333
172,85	0,2333333
172,87	0,2333333
172,88	0,2333333
172,91	0,2333333
172,93	0,2333333
172,94	0,2333333
172,96	0,2333333
172,99	0,2333333
173,03	0,2333333
173,05	0,2333333
173,07	0,2333333
173,08	0,2333333
173,09	0,2333333
173,1	0,2333333
173,12	0,2333333
173,15	0,2333333
173,18	0,2333333
173,21	0,2333333
173,22	0,2333333
173,23	0,2333333
173,24	0,2333333
173,25	0,2333333
173,26	0,2333333
173,27	0,2333333
173,28	0,2333333
173,3	0,2333333
173,33	0,2333333
173,34	0,2333333
173,35	0,2333333
173,36	0,2333333
173,37	0,2333333
173,38	0,2333333
173,39	0,2333333
173,4	0,2333333
173,41	0,2333333
173,42	0,2333333
173,43	0,2333333
173,44	0,2333333
173,45	0,2333333
173,46	0,2333333
173,47	0,2333333
173,48	0,2333333
173,49	0,2333333
173,5	0,2333333
173,51	0,2333333
173,52	0,2333333
173,53	0,2333333
173,54	0,2333333
173,55	0,2333333
173,56	0,2333333
173,57	0,2333333
173,58	0,2333333
173,59	0,2333333
173,6	0,2333333
173,61	0,2333333
173,62	0,2333333
173,63	0,2333333
173,64	0,2333333
173,65	0,2333333
173,66	0,2333333
173,67	0,2333333
173,68	0,2333333
173,69	0,2333333
173,7	0,2333333
173,71	0,2333333
173,72	0,2333333
173,73	0,2333333
173,74	0,2333333
173,75	0,2333333
173,76	0,2333333
173,77	0,2333333
173,78	0,2333333
173,79	0,2333333
173,8	0,2333333
173,81	0,2333333
173,82	0,2333333
173,83	0,2333333
173,84	0,2333333
173,85	0,2333333
173,86	0,2333333
173,87	0,2333333
173,88	0,2333333
173,89	0,2333333
173,9	0,2333333
173,91	0,2333333
173,92	0,2333333
173,93	0,2333333
173,94	0,2333333
173,95	0,2333333
