Time	Mean	Std
0	-0.000166056747685	0.00121212
1	-0.000666056747685	0.00121212
2	-0.000666056747685	0.00121212
3	-0.000666056747685	0.00121212
4	-0.000666056747685	0.00121212
5	-0.000666056747685	0.00121212
6	-0.000666056747685	0.00121212
7	-0.000666056747685	0.00121212
8	-0.000666056747685	0.00121212
9	-0.000666056747685	0.00121212
10	-0.000666056747685	0.00121212
11	-0.000666056747685	0.00121212
12	-0.000666056747685	0.00121212
13	-0.000666056747685	0.00121212
14	-0.000666056747685	0.00121212
15	-0.000666056747685	0.00121212
16	-0.000666056747685	0.00121212
17	-0.000666056747685	0.00121212
18	-0.000666056747685	0.00121212
19	-0.000666056747685	0.00121212
20	-0.000666056747685	0.00121212
21	-0.000666056747685	0.00121212
22	-0.000666056747685	0.00121212
23	-0.000666056747685	0.00121212
24	-0.000666056747685	0.00121212
25	-0.000666056747685	0.00121212
26	-0.000666056747685	0.00121212
27	-0.000666056747685	0.00121212
28	-0.000554881553634	0.00127641243235
29	0.000653054918726	0.00267652174737
30	0.00376653987881	0.00569414770935
31	0.010045151485	0.00951385015131
32	0.0174793714673	0.0152465550714
33	0.026674829332	0.0221526861224
34	0.0381067613751	0.0291099746427
35	0.0534349443839	0.0339805303359
36	0.0689241873522	0.0415822501155
37	0.0844134303205	0.0508035815831
38	0.0998856405136	0.0608992359898
39	0.114257733461	0.0704485233081
40	0.126574870122	0.0782066737284
41	0.138857941166	0.0859998841402
42	0.151141012211	0.0938429591041
43	0.163424083255	0.101724365417
44	0.1757071543	0.109635836798
45	0.187990225344	0.117571304093
46	0.200273296389	0.125526216492
47	0.212556367433	0.133497097916
48	0.224728263284	0.141536157107
49	0.235325237468	0.149678534227
50	0.243273714977	0.156924750485
51	0.24805706584	0.161056446011
52	0.251684808327	0.16460771855
53	0.253551312932	0.166854584113
54	0.253181343358	0.166982128196
55	0.248915122818	0.164105577628
56	0.244487842319	0.161392272857
57	0.24006056182	0.158988656026
58	0.235650314096	0.15691626022
59	0.232340183618	0.1555542115
60	0.231085009426	0.155028517017
61	0.229863900851	0.15454778494
62	0.228642792276	0.154099975553
63	0.2274216837	0.153685376648
64	0.226200575125	0.153304257671
65	0.22497946655	0.152956868884
66	0.223758357974	0.15264344058
67	0.222537249399	0.152364182338
68	0.221316140824	0.152119282346
69	0.220573192636	0.151987163104
70	0.220573192636	0.151987163104
71	0.220573192636	0.151987163104
72	0.220573192636	0.151987163104
73	0.220573192636	0.151987163104
74	0.221302965653	0.152116827975
75	0.22611881425	0.153364614403
76	0.233338132391	0.154755034198
77	0.24790436694	0.152358416521
78	0.267073895644	0.150619756878
79	0.286243424348	0.148952331163
80	0.305412953052	0.147358557524
81	0.324451692405	0.145647973554
82	0.341345975813	0.140917470563
83	0.357940420763	0.135992468954
84	0.374996969303	0.13194273859
85	0.392077125014	0.128162851294
86	0.409157280724	0.12464231775
87	0.426237436435	0.121403702719
88	0.443317592145	0.118470128854
89	0.460397747856	0.115864768437
90	0.477477903566	0.113610203927
91	0.494558059277	0.111727673586
92	0.511638214988	0.110236239009
93	0.528718370698	0.109151932984
94	0.545068753392	0.107646687683
95	0.557333060505	0.102617485572
96	0.567193898075	0.0990845661092
97	0.569707819237	0.0977140577801
98	0.567618446243	0.097267116724
99	0.56552907325	0.0970427868736
100	0.563439700256	0.0970426120477
101	0.561481116614	0.0972460177129
102	0.561666988917	0.097218278986
103	0.562152699677	0.0971541313943
104	0.562176306848	0.0971513212271
105	0.562176306848	0.0971513212271
106	0.562176306848	0.0971513212271
107	0.562176306848	0.0971513212271
108	0.562176306848	0.0971513212271
109	0.562176306848	0.0971513212271
110	0.562176306848	0.0971513212271
111	0.562176306848	0.0971513212271
112	0.562176306848	0.0971513212271
113	0.562176306848	0.0971513212271
114	0.562176306848	0.0971513212271
115	0.562176306848	0.0971513212271
116	0.562176306848	0.0971513212271
117	0.562176306848	0.0971513212271
118	0.562176306848	0.0971513212271
119	0.562176306848	0.0971513212271
120	0.561995959816	0.0971754366932
121	0.561158598531	0.0973129650524
122	0.560222046288	0.0975164368944
123	0.558569615515	0.0980022701815
124	0.556315275971	0.0989221679242
125	0.554060936428	0.100131162749
126	0.551806596884	0.101618936722
127	0.549552257341	0.103373453788
128	0.547297917797	0.105381391603
129	0.545043578254	0.107628567512
130	0.54278923871	0.110100333759
131	0.540534899167	0.112781924719
132	0.538280559623	0.115658746722
133	0.53602622008	0.118716607701
134	0.533771880536	0.121941889009
135	0.531517540993	0.125321665113
136	0.529263201449	0.128843778657
137	0.527008861906	0.132496879024
138	0.524754522362	0.136270432245
139	0.522500182819	0.140154709367
140	0.520426190306	0.143818328291
141	0.519009212048	0.146367565573
142	0.517552657512	0.149024767706
143	0.515455118845	0.152912914022
144	0.513626597854	0.156357914652
145	0.511798076863	0.159851129318
146	0.509969555872	0.163389465645
147	0.508141034881	0.16697005508
148	0.506312513891	0.170590237039
149	0.5044839929	0.174247543806
150	0.502754929506	0.177756635764
151	0.504648542003	0.178579721796
152	0.509766228036	0.17955707027
153	0.514328221132	0.180312600892
154	0.51675842527	0.179367982458
155	0.519176766202	0.178488411427
156	0.521595107134	0.177685257643
157	0.524532893433	0.176686247758
158	0.530384010561	0.178004771035
159	0.538177639858	0.180216728986
160	0.550069534576	0.184631054818
161	0.562831979907	0.189998559778
162	0.575733835163	0.195471736613
163	0.590326195525	0.197695364699
164	0.607929625249	0.194855506764
165	0.626392042615	0.191463688826
166	0.644854459981	0.188374354973
167	0.663316877347	0.185602610256
168	0.681779294713	0.183162873165
169	0.697926307595	0.179321222166
170	0.705463062097	0.171033150189
171	0.711259955095	0.167406944882
172	0.715978401238	0.164232594406
173	0.722007434012	0.162867847181
174	0.731082153319	0.164931845961
175	0.740715228801	0.167692711597
176	0.750353188526	0.171138132769
177	0.759471702884	0.174839917805
178	0.765676886413	0.178293303524
179	0.769939557773	0.182376429257
180	0.770103963712	0.184279347013
181	0.769273830296	0.187558717102
182	0.765848559052	0.195409415539
183	0.761226232684	0.205315361648
184	0.753916730415	0.217524638113
185	0.742807068455	0.228094280576
186	0.727652110416	0.236204687406
187	0.711956314253	0.244304635116
188	0.695639752574	0.252414602974
189	0.681259608618	0.257105358129
190	0.675390265445	0.249458199724
191	0.667638107885	0.24578970085
192	0.657740323644	0.24523794431
193	0.647087645709	0.246274856535
194	0.635521070199	0.249141727073
195	0.623408001719	0.253225685203
196	0.611259199965	0.257853692251
197	0.598020398435	0.262484645145
198	0.584231455422	0.267355876811
199	0.570442512409	0.27270465448
200	0.556653569395	0.27850346509
201	0.542988615123	0.284541196612
202	0.531918155992	0.287183352985
203	0.521711109537	0.289090874231
204	0.511513060717	0.291538903485
205	0.504256183945	0.29361351115
206	0.501044603253	0.293989436201
207	0.498373860684	0.29407727808
208	0.496619198917	0.293902533456
209	0.496260900265	0.293799986224
210	0.496778265172	0.293948545635
211	0.497356685581	0.294118380811
212	0.497935105991	0.294292161891
213	0.4985135264	0.294469881888
214	0.49909194681	0.294651533675
215	0.49967036722	0.294837109984
216	0.500279636661	0.295036819592
217	0.501978905879	0.295616704208
218	0.504228316579	0.296435877903
219	0.50647772728	0.297313336283
220	0.508727137981	0.298248564923
221	0.510976548682	0.299241022167
222	0.513225959383	0.300290140597
223	0.515475370084	0.301395328522
224	0.517724780785	0.302555971504
225	0.519974191486	0.303771433899
226	0.522223602187	0.305041060411
227	0.524473012888	0.306364177643
228	0.526427108302	0.30755647134
229	0.527363827364	0.308142005451
230	0.527424882867	0.308180483612
231	0.527424882867	0.308180483612
232	0.527424882867	0.308180483612
233	0.525229509821	0.305024241581
234	0.52265349699	0.301343812344
235	0.520077484159	0.297689150124
236	0.517534688318	0.294107822595
237	0.516280576779	0.292351388099
238	0.515128149868	0.290743260424
239	0.513975722958	0.289140874031
240	0.512823296047	0.2875443249
241	0.511670869137	0.285953710806
242	0.510518442226	0.28436913134
243	0.509366015316	0.282790687946
244	0.508213588405	0.281218483946
245	0.507061161495	0.279652624574
246	0.505908734584	0.278093217003
247	0.504756307674	0.276540370379
248	0.503603880763	0.274994195848
249	0.502451453853	0.273454806586
250	0.501299026942	0.271922317829
251	0.500146600032	0.270396846906
252	0.498994173121	0.268878513262
253	0.500037119257	0.270252296217
254	0.501460705177	0.272136895844
255	0.502884291098	0.27403217917
256	0.504274660028	0.275893341045
257	0.504376344657	0.276029843317
258	0.504376344657	0.276029843317
259	0.504376344657	0.276029843317
260	0.504376344657	0.276029843317
261	0.504376344657	0.276029843317
262	0.504376344657	0.276029843317
263	0.504831892252	0.276642014177
264	0.505984319163	0.2781952945
265	0.507136746073	0.27975512855
266	0.508289172984	0.281321407312
267	0.509441599894	0.282894023741
268	0.510594026805	0.284472872729
269	0.511746453715	0.286057851078
270	0.512898880626	0.287648857467
271	0.513325956559	0.288239976698
272	0.511083468661	0.285145278614
273	0.508643034216	0.281803621521
274	0.506370341532	0.278618211166
275	0.504720093247	0.275956878474
276	0.50308302007	0.273370046698
277	0.501445946894	0.270849500102
278	0.499808873717	0.268397106166
279	0.49817180054	0.266014749799
280	0.496534727363	0.263704329206
281	0.494897654186	0.261467751343
282	0.493138095317	0.25948371352
283	0.490787125733	0.257842453466
284	0.488360114281	0.256192327845
285	0.485361218419	0.255463855812
286	0.478709497368	0.255373308203
287	0.471681655056	0.255425651472
288	0.465104680183	0.255383083086
289	0.459321779403	0.255463752299
290	0.455227000889	0.255297427365
291	0.451857573353	0.256378939651
292	0.451157709648	0.259665493162
293	0.450655792489	0.26339389068
294	0.449986133571	0.267186765148
295	0.448694030252	0.270378439393
296	0.447388751826	0.273820484272
297	0.446083473399	0.277521612354
298	0.444778194973	0.281471603609
299	0.443472916547	0.285660134691
300	0.442699784282	0.29083501844
301	0.441890982634	0.296174569769
302	0.434670449214	0.29228746671
303	0.426104059577	0.285756487311
304	0.416916832492	0.279022821515
305	0.408301489819	0.271909087824
306	0.403338972333	0.262456501431
307	0.398752576109	0.253854759916
308	0.393715312446	0.247033632811
309	0.387918358507	0.240741916046
310	0.380934258744	0.234719191559
311	0.373993219131	0.229327254898
312	0.367052179518	0.224569865835
313	0.360111139905	0.220488102383
314	0.353170100292	0.217120072294
315	0.346229060679	0.214499398934
316	0.339288021066	0.212653714621
317	0.332346981454	0.211603299573
318	0.325405941841	0.21136001109
319	0.318464902228	0.211926628895
320	0.309505355139	0.216690814381
321	0.299037004381	0.225493244724
322	0.295102871087	0.232327675312
323	0.292650457129	0.238716429751
324	0.290198043172	0.245179229603
325	0.287745629214	0.251710371466
326	0.285293215257	0.25830467138
327	0.2828408013	0.264957413727
328	0.280388387342	0.271664304979
329	0.277901589568	0.278426213333
330	0.27491381535	0.285293439815
331	0.271882980983	0.29218902415
332	0.268847151191	0.299101514095
333	0.26271948287	0.303671699634
334	0.254593308888	0.306971664011
335	0.246467134906	0.310577246973
336	0.238340960925	0.314477936673
337	0.230214786943	0.318662896263
338	0.222088612961	0.323121080619
339	0.213962438979	0.327841343504
340	0.207322626312	0.329317518472
341	0.202227286697	0.327410330335
342	0.200361453709	0.328319171338
343	0.201367197409	0.332131655907
344	0.202372941109	0.336660861886
345	0.203378684809	0.341878305072
346	0.204384428509	0.347753009353
347	0.20539017221	0.354252277385
348	0.20639591591	0.36134240968
349	0.20740165961	0.36898934743
350	0.208467268505	0.37703632919
351	0.208422879146	0.383358856444
352	0.207124314978	0.387705964896
353	0.211636471969	0.392497893589
354	0.217454385663	0.39671849624
355	0.222841671876	0.401178463982
356	0.228228958088	0.406044264446
357	0.2336162443	0.411301494574
358	0.239003530512	0.416935347758
359	0.244390816724	0.422930773301
360	0.249247241885	0.429278383015
361	0.253602369843	0.435985348442
362	0.255911502693	0.437842347441
363	0.256491117316	0.435259376911
364	0.258226286151	0.432806786907
365	0.260980437572	0.43055778785
366	0.263897831787	0.428553175957
367	0.266815226002	0.426796730908
368	0.269732620216	0.425291527485
369	0.272650014431	0.424040241172
370	0.275507543451	0.423130544894
371	0.279475070725	0.42267579764
372	0.284701768234	0.422688199859
373	0.287209583112	0.424085264283
374	0.290317952817	0.425183769807
375	0.287873142938	0.416941724913
376	0.284931433145	0.408273462222
377	0.282258170772	0.40038054931
378	0.279584908399	0.392870337304
379	0.276911646026	0.385765178519
380	0.274769244703	0.379426029889
381	0.273128140584	0.373956635172
382	0.270303524947	0.368182292429
383	0.266336850848	0.361948744816
384	0.261214622536	0.355088723542
385	0.255073411639	0.347592360033
386	0.248768957948	0.340157722036
387	0.242464504258	0.332938810836
388	0.236160050567	0.325949960047
389	0.229855596876	0.319206281174
390	0.223551143185	0.312723635533
391	0.217246689494	0.30651858556
392	0.210942235803	0.300608321841
393	0.204637782112	0.295010562216
394	0.198425522552	0.289817975192
395	0.198197070057	0.289633367087
396	0.198465517477	0.289850341448
397	0.198465517477	0.289850341448
398	0.198465517477	0.289850341448
399	0.198465517477	0.289850341448
400	0.198465517477	0.289850341448
401	0.198465517477	0.289850341448
402	0.198465517477	0.289850341448
403	0.198465517477	0.289850341448
404	0.198465517477	0.289850341448
405	0.198465517477	0.289850341448
406	0.198465517477	0.289850341448
407	0.198465517477	0.289850341448
408	0.198465517477	0.289850341448
409	0.198465517477	0.289850341448
410	0.198465517477	0.289850341448
411	0.198465517477	0.289850341448
412	0.198465517477	0.289850341448
413	0.198465517477	0.289850341448
414	0.198465517477	0.289850341448
415	0.198465517477	0.289850341448
416	0.198465517477	0.289850341448
417	0.198465517477	0.289850341448
418	0.198465517477	0.289850341448
419	0.198465517477	0.289850341448
420	0.198465517477	0.289850341448
421	0.198465517477	0.289850341448
422	0.198465517477	0.289850341448
423	0.198465517477	0.289850341448
424	0.198465517477	0.289850341448
425	0.198465517477	0.289850341448
426	0.198465517477	0.289850341448
427	0.198465517477	0.289850341448
428	0.198465517477	0.289850341448
429	0.198465517477	0.289850341448
430	0.198465517477	0.289850341448
431	0.198465517477	0.289850341448
432	0.198465517477	0.289850341448
433	0.198465517477	0.289850341448
434	0.198465517477	0.289850341448
435	0.198465517477	0.289850341448
436	0.198465517477	0.289850341448
437	0.198465517477	0.289850341448
438	0.198465517477	0.289850341448
439	0.198465517477	0.289850341448
440	0.198465517477	0.289850341448
441	0.198465517477	0.289850341448
442	0.198465517477	0.289850341448
443	0.198465517477	0.289850341448
444	0.198465517477	0.289850341448
445	0.198465517477	0.289850341448
446	0.198675355714	0.290110332511
447	0.199474860853	0.291103727555
448	0.20027822212	0.292106351315
449	0.201081583388	0.293113377608
450	0.201884944655	0.294124761211
451	0.202688305923	0.295140457331
452	0.203491667191	0.296160421597
453	0.204295028458	0.297184610065
454	0.205098389726	0.298212979209
455	0.207384653797	0.300386617363
456	0.214993313992	0.30513390101
457	0.223499913221	0.308887839358
458	0.232218169729	0.312587117888
459	0.240936426237	0.316587532415
460	0.249654682745	0.320877820261
461	0.258372939254	0.325446517627
462	0.267091195762	0.330282071236
463	0.27580945227	0.335372938337
464	0.284527708778	0.340707674411
465	0.293245965286	0.346275008455
466	0.301754383557	0.351862539703
467	0.309673134927	0.357126475764
468	0.317588030167	0.362636454694
469	0.325585334116	0.368273481383
470	0.334280481602	0.373223411452
471	0.343249030756	0.378095826645
472	0.353759102631	0.38223948214
473	0.364761127164	0.386314338736
474	0.375763151697	0.39063211094
475	0.385282273426	0.393030151977
476	0.389478999032	0.38957449221
477	0.393588841607	0.386440588339
478	0.39959023715	0.382491833814
479	0.399130622525	0.381176908931
480	0.400438668237	0.380328852375
481	0.408156652724	0.377653802563
482	0.417625320724	0.374170353683
483	0.425458579919	0.371804825513
484	0.43188816115	0.370248529439
485	0.438317742381	0.368899311426
486	0.444747323612	0.367759450634
487	0.450866485886	0.366579899265
488	0.455900789646	0.36470126991
489	0.460151511251	0.362495132609
490	0.46367996717	0.361259476308
491	0.466935021419	0.360515174593
492	0.468648552948	0.360069902369
493	0.469870131819	0.359732921001
494	0.47109171069	0.359447829773
495	0.47231328956	0.359214752234
496	0.473534868431	0.359033789682
497	0.473945391298	0.358932085828
498	0.472252703919	0.358975934831
499	0.476036718785	0.35850136016
500	0.477546005564	0.356601678859
501	0.472645353567	0.352756032302
502	0.465994018057	0.349047543923
503	0.460978091353	0.345384444689
504	0.457365842612	0.341720316129
505	0.453753593871	0.338069060739
506	0.449946469797	0.334680478882
507	0.445576082477	0.332727533266
508	0.439823554222	0.335097809525
509	0.43379907632	0.339657938869
510	0.42962087162	0.346416815405
511	0.42636630308	0.354366892111
512	0.423111734541	0.362518571519
513	0.419857166001	0.370858559848
514	0.416602597461	0.379374438216
515	0.414451596777	0.388226590131
516	0.413313534119	0.397460735351
517	0.412561084668	0.407258989814
518	0.412354920911	0.41772816182
519	0.414206416764	0.428587688532
520	0.42253651845	0.4360747488
521	0.434405050049	0.442191735247
522	0.446280575242	0.449507058608
523	0.458156100436	0.457967721508
524	0.469191394274	0.467784126337
525	0.479882336443	0.478576642891
526	0.491834178793	0.489528215499
527	0.504778261522	0.499379120596
528	0.520189343702	0.504423682304
529	0.536573548975	0.507853014854
530	0.551135903196	0.510235890805
531	0.564774621256	0.512434144592
532	0.578413339317	0.515264301122
533	0.592052057378	0.518716017363
534	0.605690775439	0.522776981624
535	0.618225925644	0.527172617746
536	0.629748137823	0.531954965078
537	0.640884736795	0.537185441795
538	0.651475050073	0.542796903833
539	0.660992011663	0.548368753085
540	0.66453743517	0.550569362091
541	0.664544428766	0.550573768976
542	0.664544428766	0.550573768976
543	0.664544428766	0.550573768976
544	0.664566098034	0.550588556789
545	0.653961014419	0.544319849927
546	0.646709802186	0.540380388577
547	0.64115103689	0.537543053728
548	0.635592271595	0.534875394807
549	0.6300335063	0.532379962466
550	0.624474741005	0.530059189153
551	0.61891597571	0.527915378336
552	0.613357210414	0.52595069395
553	0.607798445119	0.524167150207
554	0.602239679824	0.522566601833
555	0.596680914529	0.521150734868
556	0.591122149234	0.519921058106
557	0.585563383938	0.518878895289
558	0.580004618643	0.518025378139
559	0.574445853348	0.517361440313
560	0.568887088053	0.51688781235
561	0.563328322758	0.516605017682
562	0.557769557462	0.516513369759
563	0.552210792167	0.516612970308
564	0.547470588961	0.516848905154
565	0.553701490305	0.516567496056
566	0.555512495421	0.516530750913
567	0.555512495421	0.516530750913
568	0.555512495421	0.516530750913
569	0.555512495421	0.516530750913
570	0.555512495421	0.516530750913
571	0.555512495421	0.516530750913
572	0.555512495421	0.516530750913
573	0.555549817237	0.516445245989
574	0.555725154629	0.516043566882
575	0.55590049202	0.515641923914
576	0.556075829412	0.515240317171
577	0.556251166803	0.514838746737
578	0.556512920481	0.514239327193
579	0.557300686332	0.512435824726
580	0.558127276892	0.510544238556
581	0.558953867452	0.50865348182
582	0.559780458012	0.506763563801
583	0.560607048571	0.504874493917
584	0.561433639131	0.502986281726
585	0.562260229691	0.501098936923
586	0.563086820251	0.499212469345
587	0.56391341081	0.497326888976
588	0.567100094761	0.49453227984
589	0.566834201406	0.487066573182
590	0.565190457223	0.479068305951
591	0.560313450464	0.46953913875
592	0.551755290378	0.458637646599
593	0.542906688384	0.448937236538
594	0.533920070815	0.440930544851
595	0.524933453246	0.434364644647
596	0.515946835677	0.429305648416
597	0.506960218108	0.425807269913
598	0.497887184253	0.424112543585
599	0.488288138224	0.425259841339
600	0.478650267486	0.428068758331
601	0.469012396749	0.432416874145
602	0.459373170216	0.438257163467
603	0.447947004265	0.443843879111
604	0.435800910449	0.44993308434
605	0.423654816634	0.457125390491
606	0.411508722818	0.46536965497
607	0.399362629002	0.474611061597
608	0.384856441795	0.480507149899
609	0.372679455526	0.479404752118
610	0.360386283316	0.476241337025
611	0.348941504238	0.470063627733
612	0.341133106239	0.463641856744
613	0.333577828331	0.457495723914
614	0.325315593059	0.451201041389
615	0.315589634376	0.444364390637
616	0.305083129463	0.437288346885
617	0.294539348403	0.430331494771
618	0.283743050079	0.423216138825
619	0.271194384853	0.41412270867
620	0.258637300262	0.40455113009
621	0.246923940542	0.39329181276
622	0.234204976266	0.380382984739
623	0.223643070093	0.368806091976
624	0.213818124667	0.358279718874
625	0.204994449983	0.348143565367
626	0.197807269419	0.338396270321
627	0.19072292929	0.328705727083
628	0.183724003519	0.318911872883
629	0.178443098626	0.308308634937
630	0.174752666127	0.297799923211
631	0.173447103073	0.287836024082
632	0.172186312266	0.278194227151
633	0.170925521459	0.268901701068
634	0.170371688017	0.260235174972
635	0.171281577985	0.252414070631
636	0.172972014183	0.24518905178
637	0.174699726529	0.238338703445
638	0.176679956138	0.232182097353
639	0.18041255265	0.228450973419
640	0.184284402749	0.225678749892
641	0.189628566692	0.227231961919
642	0.196312200137	0.230854603495
643	0.202625714898	0.235391892948
644	0.208922196776	0.240033660869
645	0.214217407913	0.243776187536
646	0.217876124929	0.245998799586
647	0.22143200151	0.248198811234
648	0.224902463733	0.250585790864
649	0.227778281446	0.253817061677
650	0.230557663535	0.257227210433
651	0.233337045623	0.260687495926
652	0.236116427711	0.264195948178
653	0.2388958098	0.267750673747
654	0.241675191888	0.271349854076
655	0.244925143412	0.274509298932
656	0.248760559185	0.27712446063
657	0.253668327442	0.278737266069
658	0.259705395996	0.279365896355
659	0.266872098508	0.279120228851
660	0.274787162133	0.278177279427
661	0.280481433157	0.274182096222
662	0.285843195031	0.269995949372
663	0.291204956905	0.266101905318
664	0.29656671878	0.262512963295
665	0.301928480654	0.259241795106
666	0.309423588264	0.259372081447
667	0.318107051365	0.26158077355
668	0.326790514466	0.264155531485
669	0.335473977567	0.267085768628
670	0.344157440668	0.270359926873
671	0.352840903769	0.273965675916
672	0.36152436687	0.277890108438
673	0.37020782997	0.282119925602
674	0.378891293071	0.286641608532
675	0.387104186737	0.291440833696
676	0.394731616152	0.296435428967
677	0.401286693085	0.301516004956
678	0.406712469721	0.30658990765
679	0.411008612398	0.311611058137
680	0.414425559739	0.316593142427
681	0.417746989619	0.321600547846
682	0.420010124485	0.326554753745
683	0.421737578676	0.330432194016
684	0.42360655521	0.334272942095
685	0.425475531743	0.338305028442
686	0.425003047811	0.338793320776
687	0.420939736853	0.333666273009
688	0.415267434387	0.326043254784
689	0.408798262419	0.317220677938
690	0.40232909045	0.308475146486
691	0.39589193744	0.299804880028
692	0.3901236555	0.291027600498
693	0.385037269315	0.282101101766
694	0.380278670217	0.273113185984
695	0.376139827194	0.263973245871
696	0.372031375013	0.254864781532
697	0.367922922831	0.245801592497
698	0.361586175536	0.236220819753
699	0.353481378472	0.226276494559
700	0.345376581408	0.216440362938
701	0.337272055691	0.206727818053
702	0.330225824988	0.197013364893
703	0.32371527496	0.188658343305
704	0.317063202589	0.181119068167
705	0.310411130218	0.174238257453
706	0.303967172577	0.168400023068
707	0.299925686471	0.166784093149
708	0.297493191873	0.168100902509
709	0.295857566777	0.171105208952
710	0.294221941682	0.174630487658
711	0.291755760526	0.179913245165
712	0.287014616665	0.187607809811
713	0.28159157705	0.194933720721
714	0.275840750349	0.20212065553
715	0.269470167571	0.20887121577
716	0.263069193953	0.215689296467
717	0.256668220335	0.222593202917
718	0.25249554183	0.227820867674
719	0.250090913093	0.231736962907
720	0.247686284357	0.235731615707
721	0.245281655621	0.239800900222
722	0.242877026885	0.243941081591
723	0.240472398149	0.24814861125
724	0.238067769412	0.252420121385
725	0.235663140676	0.256752418746
726	0.23325851194	0.261142478008
727	0.230853883204	0.265587434842
728	0.228449254468	0.270084578806
729	0.225996783449	0.27472229496
730	0.223316623699	0.279846581842
731	0.221435001053	0.283477411046
732	0.22115947004	0.284011312738
733	0.22040201131	0.285481932231
734	0.218949214127	0.288314173697
735	0.217496416945	0.291161303175
736	0.216043619762	0.294022888165
737	0.21459082258	0.296898510692
738	0.213138025397	0.299787766802
739	0.211685228215	0.302690266088
740	0.210232431032	0.305605631218
741	0.20877963385	0.308533497479
742	0.207326836667	0.311473512339
743	0.205874039485	0.314425335012
744	0.204421242302	0.31738863605
745	0.20296844512	0.320363096934
746	0.201515647937	0.323348409688
747	0.200062850755	0.326344276501
748	0.199083825807	0.329753730298
749	0.199391089653	0.334209481906
750	0.200309393547	0.338590264517
751	0.202302505209	0.344053624217
752	0.204813870523	0.350043907501
753	0.207807163554	0.355046945307
754	0.211495795038	0.358631060581
755	0.215184426522	0.36223694425
756	0.219104105027	0.365893790949
757	0.223701178322	0.36965173236
758	0.228321709767	0.373421805891
759	0.232942241212	0.377200686275
760	0.237562772657	0.380988111458
761	0.242183304102	0.38478382912
762	0.246803835547	0.388587596259
763	0.251424366992	0.392399178789
764	0.256044898437	0.39621835116
765	0.260665429882	0.400044895995
766	0.265285961327	0.403878603744
767	0.269906492772	0.40771927235
768	0.274053251982	0.411156642323
769	0.276961564682	0.413432532334
770	0.279486526063	0.415301828278
771	0.280936679677	0.41599241155
772	0.281868579638	0.416116828927
773	0.2828004796	0.416248630419
774	0.283732379561	0.416387809015
775	0.284664279522	0.416534357319
776	0.285365132462	0.416649422496
777	0.285388590612	0.416653345804
778	0.285388590612	0.416653345804
779	0.285388590612	0.416653345804
780	0.285388590612	0.416653345804
781	0.285262142782	0.416549287595
782	0.282758423469	0.414523139456
783	0.279963548813	0.412339201488
784	0.277168674157	0.410238633892
785	0.274373799502	0.408222723653
786	0.271578924846	0.406292730909
787	0.268784050191	0.404449885632
788	0.265989175535	0.402695384256
789	0.26319430088	0.401030386291
790	0.260399426224	0.399456010934
791	0.257604551569	0.397973333691
792	0.254809676913	0.396583383037
793	0.252014802257	0.39528713714
794	0.249219927602	0.394085520655
795	0.246425052946	0.392979401631
796	0.24328444996	0.391530652363
797	0.237108557541	0.386313110684
798	0.230321539889	0.380402743267
799	0.222526827096	0.373320631706
800	0.213666725006	0.365778919818
801	0.204607035896	0.358502438459
802	0.196408338433	0.352475746405
803	0.18805154056	0.346863321752
804	0.179694742688	0.3414520186
805	0.171337944816	0.336251547048
806	0.162981146943	0.331271836464
807	0.154624349071	0.326522987296
808	0.146267551199	0.322015213442
809	0.137910753326	0.317758774859
810	0.129553955454	0.313763900358
811	0.121197157582	0.310040700864
812	0.112869393816	0.306616250625
813	0.106946307319	0.305033985532
814	0.0981960557643	0.301994454632
815	0.0891996924619	0.299063127686
816	0.0831716269318	0.298629280319
817	0.0832412744042	0.303149141419
818	0.0803793392603	0.305378307508
819	0.0781766894728	0.308032760794
820	0.0806996299665	0.314300075098
821	0.0827142122475	0.319810314294
822	0.0860909489658	0.324206343632
823	0.0899169414353	0.328428474184
824	0.0937429339047	0.332816498326
825	0.0975689263742	0.337363942888
826	0.101394918844	0.342064449869
827	0.105220911313	0.346911797532
828	0.109046903783	0.35189991783
829	0.112872896252	0.357022910429
830	0.116698888721	0.362275053617
831	0.120313115037	0.367530586098
832	0.122310222222	0.372014764908
833	0.121710166821	0.373026966677
834	0.123937276479	0.378387656555
835	0.127257378153	0.382932978011
836	0.129136685388	0.381594999299
837	0.127953819536	0.375486185321
838	0.130313661533	0.37516482424
839	0.133021913315	0.375612274273
840	0.132069964111	0.370113156614
841	0.131952407971	0.366082979213
842	0.132168959214	0.362464347561
843	0.134525973714	0.359711241115
844	0.139231905206	0.358052966897
845	0.14421713087	0.356828857905
846	0.149202356533	0.355939638379
847	0.154187582197	0.355387822119
848	0.159172807861	0.355174981744
849	0.164158033525	0.355301726436
850	0.169143259189	0.355767693257
851	0.174340251006	0.356556743831
852	0.181125327847	0.357512421432
853	0.188102890006	0.358677177124
854	0.195080452165	0.360062293172
855	0.201211134054	0.362718723059
856	0.20616004094	0.367025566316
857	0.211108697345	0.371493578534
858	0.216057353749	0.376116714322
859	0.221006010154	0.380889325174
860	0.225954666558	0.385805863885
861	0.230903322963	0.3908608992
862	0.235671997384	0.395858158431
863	0.238300208548	0.398663533117
864	0.240407497198	0.397159332385
865	0.24403750977	0.393634971592
866	0.247667522342	0.390190628383
867	0.251297534914	0.386828440206
868	0.254927547485	0.383550567571
869	0.258557560057	0.380359190337
870	0.262187572629	0.377256503616
871	0.265817585201	0.374244713289
872	0.269447597773	0.371326031119
873	0.273077610345	0.36850266947
874	0.276707622917	0.365776835629
875	0.280337635488	0.363150725756
876	0.28396764806	0.360626518449
877	0.287597660632	0.358206367975
878	0.291227673204	0.355892397171
879	0.294857685776	0.353686690064
880	0.298487698348	0.351591284235
881	0.30211771092	0.349608162989
882	0.305747723492	0.347739247375
883	0.309377736063	0.345986388112
884	0.311179754157	0.345159887893
885	0.310466111805	0.344276627398
886	0.30684742816	0.339877590746
887	0.302333745882	0.334588261153
888	0.295905340391	0.327277584017
889	0.289170863955	0.319716223662
890	0.282436387519	0.312257004745
891	0.275701911083	0.304907423687
892	0.26910934919	0.297814757627
893	0.263983146898	0.292235142092
894	0.259229503842	0.287044770753
895	0.254476403481	0.28188076903
896	0.250235606688	0.277217809072
897	0.246538046247	0.273074604108
898	0.24284265658	0.268947653734
899	0.239147266913	0.264835607949
900	0.235451877247	0.260739171922
901	0.23175648758	0.256659093078
902	0.228061097913	0.252596164051
903	0.224365708246	0.248551225857
904	0.22067031858	0.244525171313
905	0.217688571265	0.24119033599
906	0.217611865244	0.240745333166
907	0.218430157854	0.24150753888
908	0.221163173679	0.244537618634
909	0.224202260448	0.248032594481
910	0.227241347217	0.251662153488
911	0.230280433987	0.255420558387
912	0.233177606213	0.259118283933
913	0.234608418838	0.260984323146
914	0.235666672227	0.262380981024
915	0.236724382922	0.263790696543
916	0.237269790048	0.264522923474
917	0.237271960822	0.264525844969
918	0.237271960822	0.264525844969
919	0.237271960822	0.264525844969
920	0.237271960822	0.264525844969
921	0.237271960822	0.264525844969
922	0.237208588879	0.264642496882
923	0.236635736011	0.265698667203
924	0.236009530215	0.266856658456
925	0.235383324419	0.26801821196
926	0.234757118623	0.2691832816
927	0.234130912826	0.27035182192
928	0.23350470703	0.271523788109
929	0.232878501234	0.272699135997
930	0.232252295438	0.273877822047
931	0.232073079791	0.274947085752
932	0.234878568916	0.277150538887
933	0.246618138223	0.285435440093
934	0.259905450368	0.294709475756
935	0.274731591315	0.305499174334
936	0.289557732262	0.316479593237
937	0.303620573955	0.326661289095
938	0.306438793346	0.323697670759
939	0.312154999437	0.32564759637
940	0.317891013859	0.328877390828
941	0.325711516294	0.334956495929
942	0.337154107289	0.344236511491
943	0.34910699325	0.35274032469
944	0.361264022766	0.361065018533
945	0.37359648175	0.367578096764
946	0.383770568401	0.371013096261
947	0.393605920195	0.374411706032
948	0.401760276922	0.377203542576
949	0.409116330551	0.380042349449
950	0.419172287771	0.38438870101
951	0.429148116118	0.388793065985
952	0.436139239694	0.391476892081
953	0.434196283088	0.388200818997
954	0.430625930357	0.383763874447
955	0.42339140718	0.381604931217
956	0.414986130042	0.381742195585
957	0.407151229002	0.382279718747
958	0.408244133655	0.386582263074
959	0.40563272349	0.390954478607
960	0.402996349403	0.39584775572
961	0.398275487305	0.4002151444
962	0.389995908589	0.403003565122
963	0.381715515833	0.405835216537
964	0.373284332448	0.408996574123
965	0.364677719597	0.414096220336
966	0.358229479078	0.422079130803
967	0.352119973416	0.430305020466
968	0.347691462822	0.439440994967
969	0.344061255325	0.449088685631
970	0.337731144237	0.457220816931
971	0.330681657372	0.464869782172
972	0.320951195073	0.470483877644
973	0.31046236041	0.475591863096
974	0.300053179033	0.480621677254
975	0.2917693393	0.48161664156
976	0.284656253528	0.480445477246
977	0.277736090913	0.479237172197
978	0.273132744907	0.476603559585
979	0.269335727019	0.47428688527
980	0.26554386472	0.47207053876
981	0.261752002422	0.469952578287
982	0.257960140123	0.467934339795
983	0.254168277824	0.466017118922
984	0.250376415526	0.464202167321
985	0.246584553227	0.462490688998
986	0.242792690928	0.46088383669
987	0.23900082863	0.459382708297
988	0.235208966331	0.4579883434
989	0.231417104032	0.456701719885
990	0.227625241734	0.455523750697
991	0.224185893936	0.454549974243
992	0.223504322808	0.454367748649
993	0.224292579843	0.454578820314
994	0.225362477858	0.45495919732
995	0.230173438067	0.458350014809
996	0.235205546163	0.462060646625
997	0.235408762154	0.461712365059
998	0.236579601507	0.46219434116
999	0.238184867496	0.463050958792
1000	0.239790133486	0.463914672426
1001	0.241395399475	0.464785442503
1002	0.243000665465	0.465663229437
1003	0.244605931455	0.466547993623
1004	0.246211197444	0.467439695441
1005	0.247816463434	0.468338295263
1006	0.249421729423	0.469243753462
1007	0.251026995413	0.470156030412
1008	0.252632261403	0.471075086497
1009	0.254237527392	0.472000882118
1010	0.255842793382	0.472933377696
1011	0.257332587175	0.474090144574
1012	0.258610569941	0.475481591475
1013	0.259177096907	0.476630738493
1014	0.260245633203	0.478307099638
1015	0.259771560939	0.478574961806
1016	0.259079054255	0.478644228681
1017	0.263215439677	0.483200572438
1018	0.267165956599	0.485495376727
1019	0.272023629486	0.484942668958
1020	0.276937159856	0.48438855174
1021	0.281850690226	0.483938507714
1022	0.286764220596	0.483592827439
1023	0.291677750966	0.48335173483
1024	0.296591281336	0.483215386434
1025	0.301504811707	0.483183870923
1026	0.306418342077	0.483257208808
1027	0.311331872447	0.48343535237
1028	0.316245402817	0.483718185814
1029	0.321158933187	0.484105525649
1030	0.326054554669	0.484574114541
1031	0.329076403224	0.482361434975
1032	0.33041930646	0.477605183095
1033	0.331757325453	0.472871373329
1034	0.332311694137	0.467159715306
1035	0.330667609187	0.458702320619
1036	0.32902081077	0.450356410658
1037	0.327374012352	0.442131976885
1038	0.324945459071	0.435302183733
1039	0.32117532319	0.430770328282
1040	0.317349329825	0.4264541024
1041	0.31352333646	0.42226671281
1042	0.309697343095	0.418212029488
1043	0.30587134973	0.414293948831
1044	0.302045356365	0.410516382177
1045	0.298219363001	0.406883243206
1046	0.294393369636	0.403398434226
1047	0.290567376271	0.400065831381
1048	0.286741382906	0.396889268825
1049	0.282915389541	0.39387252195
1050	0.279107305064	0.391032258761
1051	0.27728846571	0.389733877156
1052	0.277283581468	0.389730441717
1053	0.277283581468	0.389730441717
1054	0.277283581468	0.389730441717
1055	0.277283581468	0.389730441717
1056	0.277283581468	0.389730441717
1057	0.276965719685	0.390254096373
1058	0.27578644966	0.392203927988
1059	0.273769817374	0.395563695661
1060	0.270933857828	0.40034140481
1061	0.267238493623	0.406656460029
1062	0.262683724702	0.414573153331
1063	0.257338434122	0.424040691323
1064	0.251379461854	0.434805709878
1065	0.24536788836	0.445874875
1066	0.239356314867	0.457138866686
1067	0.233344741373	0.4685836352
1068	0.22733316788	0.48019625507
1069	0.221321594386	0.491964840262
1070	0.215310020892	0.503878462716
1071	0.209298447399	0.515927075068
1072	0.203286873905	0.528101438031
1073	0.197275300411	0.540393052674
1074	0.191263726918	0.552794097625
1075	0.185252153424	0.565297371146
1076	0.17924057993	0.57789623787
1077	0.17354686822	0.589911537482
1078	0.169436947045	0.60049091944
1079	0.16685495683	0.609651292051
1080	0.167273366455	0.612121922963
1081	0.178755730293	0.589752935831
1082	0.186813287404	0.57526466208
1083	0.195920792799	0.561790642371
1084	0.206790678144	0.548456959838
1085	0.218106684474	0.535767074745
1086	0.229422690804	0.523473890619
1087	0.240738697134	0.511606004785
1088	0.252054703464	0.500193690781
1089	0.263370709794	0.489268828616
1090	0.274686716125	0.478864781756
1091	0.286002722455	0.469016210754
1092	0.297318728785	0.459758813821
1093	0.308634735115	0.451128986007
1094	0.319950741445	0.443163391244
1095	0.331266747775	0.435898445574
1096	0.342582754105	0.42936971547
1097	0.353898760435	0.423611242136
1098	0.364492384472	0.418335858575
1099	0.374395439809	0.41361889412
1100	0.382117422566	0.411913781308
1101	0.379634855769	0.420659803674
1102	0.381436500417	0.42473751234
1103	0.382978718438	0.426773080779
1104	0.383372238197	0.427293783162
1105	0.383372238197	0.427293783162
1106	0.383372238197	0.427293783162
1107	0.383372238197	0.427293783162
1108	0.383372238197	0.427293783162
1109	0.383372238197	0.427293783162
1110	0.383372238197	0.427293783162
1111	0.383372238197	0.427293783162
1112	0.383372238197	0.427293783162
1113	0.383368848709	0.42728929598
1114	0.378575091688	0.420982524448
1115	0.373911151785	0.414924490255
1116	0.369877657039	0.409749991438
1117	0.365844162293	0.404637872376
1118	0.361810667547	0.399590527222
1119	0.357777172801	0.394610441497
1120	0.353743678055	0.389700193788
1121	0.349710183308	0.384862457179
1122	0.345676688562	0.380100000343
1123	0.341643193816	0.375415688249
1124	0.33760969907	0.370812482413
1125	0.333576204324	0.366293440633
1126	0.329542709578	0.361861716124
1127	0.325509214832	0.35752055598
1128	0.321475720086	0.35327329889
1129	0.317490923065	0.349077767393
1130	0.315941111104	0.345437481223
1131	0.315733641847	0.342462256482
1132	0.31552617259	0.339820300118
1133	0.31532209282	0.337522340667
1134	0.319908380584	0.339544237757
1135	0.324364851229	0.341546456087
1136	0.328190876718	0.343119447253
1137	0.332016902206	0.344797117889
1138	0.335842927695	0.346577947841
1139	0.339668953184	0.348460355504
1140	0.343494978672	0.350442704005
1141	0.347321004161	0.352523307352
1142	0.35114702965	0.354700436517
1143	0.354973055139	0.35697232541
1144	0.358799080627	0.359337176695
1145	0.362625106116	0.361793167439
1146	0.366451131605	0.364338454544
1147	0.370277157093	0.366971179954
1148	0.374103182582	0.369689475611
1149	0.377880510345	0.372524607273
1150	0.379222853049	0.373656895372
1151	0.379222853049	0.373656895372
1152	0.379222853049	0.373656895372
1153	0.379222853049	0.373656895372
1154	0.379222853049	0.373656895372
1155	0.379222853049	0.373656895372
1156	0.379222853049	0.373656895372
1157	0.379222853049	0.373656895372
1158	0.379222853049	0.373656895372
1159	0.379222853049	0.373656895372
1160	0.379789097242	0.373887136364
1161	0.383490097702	0.375682512382
1162	0.389165703617	0.378709699741
1163	0.394881644435	0.381845435581
1164	0.400597585253	0.38506285268
1165	0.406313526071	0.388359920946
1166	0.412029466889	0.391734629212
1167	0.417745407707	0.395184988448
1168	0.423407116723	0.398670591819
1169	0.427416110007	0.401045332151
1170	0.428874172267	0.401680509639
1171	0.428826622737	0.401395600261
1172	0.428434604024	0.401492056613
1173	0.426394662755	0.403363011091
1174	0.422775430793	0.407050595836
1175	0.419469157665	0.411928451882
1176	0.418619920632	0.416374998004
1177	0.420912143287	0.417160651741
1178	0.423204365943	0.418584284873
1179	0.425496588598	0.420639419822
1180	0.427222567059	0.422843188951
1181	0.42581785664	0.423585105814
1182	0.423941440807	0.424665140991
1183	0.424817848424	0.426479665693
1184	0.426076959424	0.427742856583
1185	0.426937985768	0.427565201329
1186	0.427727147778	0.428425584041
1187	0.425537324821	0.435560330427
1188	0.423117436097	0.444492118257
1189	0.422350263104	0.45499087822
1190	0.424134021136	0.467165762164
1191	0.427423390958	0.48076061508
1192	0.431057229963	0.494790083554
1193	0.436338991524	0.506158609609
1194	0.443200043778	0.514779498547
1195	0.449748137198	0.522720256637
1196	0.453839194523	0.530093494439
1197	0.453800658341	0.53768867009
1198	0.453143534503	0.545310582011
1199	0.452486410665	0.553234575471
1200	0.451829286827	0.561447860335
1201	0.451798518349	0.569947512113
1202	0.451431116259	0.578081093458
1203	0.449486443696	0.585516547877
1204	0.448231087832	0.593399504232
1205	0.447518684232	0.601745901981
1206	0.446878144965	0.609734622375
1207	0.449216590665	0.610942180819
1208	0.451839333934	0.611619113847
1209	0.454462077203	0.61242608439
1210	0.457084820472	0.613362579195
1211	0.459707563741	0.614428006011
1212	0.46233030701	0.615621695429
1213	0.464953050279	0.616942902945
1214	0.467575793548	0.618390811222
1215	0.470198536817	0.619964532543
1216	0.472821280086	0.621663111434
1217	0.476432157174	0.623528165878
1218	0.480661621917	0.625515404155
1219	0.484891086661	0.627590754173
1220	0.489120551405	0.629753344814
1221	0.492719593404	0.631661625261
1222	0.495152368972	0.632986659333
1223	0.496369256661	0.633660015219
1224	0.496514124268	0.633740644454
1225	0.496514124268	0.633740644454
1226	0.496514124268	0.633740644454
1227	0.496514124268	0.633740644454
1228	0.496514124268	0.633740644454
1229	0.496514124268	0.633740644454
1230	0.496514124268	0.633740644454
1231	0.496514124268	0.633740644454
1232	0.496514124268	0.633740644454
1233	0.495848298575	0.633729879381
1234	0.493344382586	0.633711669543
1235	0.490452282659	0.633734434026
1236	0.487560182732	0.633804141491
1237	0.484668082805	0.63392077645
1238	0.481775982878	0.634084313009
1239	0.478883882951	0.63429471489
1240	0.476434635889	0.633539850842
1241	0.474243886354	0.632248614028
1242	0.47205313682	0.631013785138
1243	0.469862387285	0.629835695947
1244	0.467911850506	0.62817288219
1245	0.46683850235	0.62460080831
1246	0.466087726073	0.619473856079
1247	0.464865108814	0.614258535431
1248	0.463635743329	0.609206853567
1249	0.462406377845	0.604321419005
1250	0.46117701236	0.599606295377
1251	0.459947646875	0.595065531178
1252	0.45871828139	0.590703147349
1253	0.458154741598	0.586234799952
1254	0.459429292101	0.581075905827
1255	0.461092026544	0.575796441129
1256	0.462754760986	0.570565503155
1257	0.464380219489	0.565403050804
1258	0.465146723897	0.560739168999
1259	0.46479012993	0.556779040577
1260	0.463503525327	0.554142136727
1261	0.461958423198	0.55218122263
1262	0.460413321068	0.550372580739
1263	0.458868218938	0.548717716781
1264	0.457082904054	0.547678868188
1265	0.454420400545	0.54844879368
1266	0.451742208814	0.550217542631
1267	0.449935931815	0.551561606481
1268	0.448136403042	0.552918272116
1269	0.44633687427	0.554292398637
1270	0.444537345497	0.55568385651
1271	0.442737816724	0.557092515869
1272	0.440938287951	0.55851824656
1273	0.439138759178	0.559960918186
1274	0.437339230405	0.561420400148
1275	0.435539701633	0.562896561689
1276	0.43374017286	0.564389271933
1277	0.431977920026	0.565866973785
1278	0.431074621287	0.566630480504
1279	0.431294420924	0.566444319491
1280	0.432001378331	0.56584720043
1281	0.432708335737	0.565252595694
1282	0.433415293144	0.564660513225
1283	0.43412225055	0.564070960965
1284	0.434829207957	0.563483946857
1285	0.435536165363	0.562899478842
1286	0.435936239113	0.562569854108
1287	0.435936239113	0.562569854108
1288	0.435936239113	0.562569854108
1289	0.435936239113	0.562569854108
1290	0.435936239113	0.562569854108
1291	0.435936239113	0.562569854108
1292	0.435936239113	0.562569854108
1293	0.435936239113	0.562569854108
1294	0.435936239113	0.562569854108
1295	0.435936239113	0.562569854108
1296	0.435936239113	0.562569854108
1297	0.435936239113	0.562569854108
1298	0.435936239113	0.562569854108
1299	0.436018647687	0.562420577852
1300	0.437023331602	0.560603183284
1301	0.439870813436	0.555477806801
1302	0.443724732607	0.548602419346
1303	0.447582158526	0.541794122332
1304	0.451439584444	0.535062005422
1305	0.455297010363	0.52840898031
1306	0.459154436282	0.521838072078
1307	0.462815199386	0.515540966659
1308	0.465851268461	0.509954477836
1309	0.46887319828	0.504512169802
1310	0.471895128098	0.499204752358
1311	0.474917057917	0.494036572896
1312	0.477938987736	0.489012046093
1313	0.480960917554	0.484135644602
1314	0.483982847373	0.479411888472
1315	0.487052657746	0.47478953198
1316	0.490880841209	0.469423983951
1317	0.494898939169	0.463954686641
1318	0.498917037129	0.458607243021
1319	0.502852726516	0.453491852784
1320	0.505866140561	0.449658849487
1321	0.507036756687	0.448186386582
1322	0.507200935476	0.447976835346
1323	0.507361607517	0.447771781626
1324	0.507522279559	0.44756683913
1325	0.5076829516	0.447362008011
1326	0.507843623642	0.447157288422
1327	0.508200958497	0.446702392374
1328	0.509182987382	0.445455104389
1329	0.510179155524	0.444194169839
1330	0.511175323665	0.442937614915
1331	0.512171491807	0.441685476997
1332	0.513168912358	0.440436179773
1333	0.515012211495	0.438099427614
1334	0.517702891937	0.434678082129
1335	0.520404555092	0.431253808294
1336	0.522347845157	0.42880787628
1337	0.524101220725	0.426632689804
1338	0.525854596293	0.424488757898
1339	0.527607971861	0.422376556495
1340	0.529361347429	0.420296563982
1341	0.531114722997	0.418249260891
1342	0.532868098564	0.416235129584
1343	0.534621474132	0.41425465391
1344	0.5363748497	0.412308318853
1345	0.538128225268	0.410396610156
1346	0.539881600836	0.408520013931
1347	0.541634976404	0.406679016252
1348	0.543388351972	0.404874102729
1349	0.54514172754	0.403105758063
1350	0.546895103107	0.401374465592
1351	0.548648478675	0.399680706813
1352	0.550400601833	0.398026129883
1353	0.551306846406	0.39718538941
1354	0.551365709673	0.397131138
1355	0.551365709673	0.397131138
1356	0.545892639384	0.39030210552
1357	0.527983733129	0.369903804369
1358	0.510656052287	0.353371035237
1359	0.504194735991	0.348107691235
1360	0.496037500345	0.342217239204
1361	0.487327259331	0.336902913242
1362	0.478617018317	0.33264315086
1363	0.469906777303	0.329478857284
1364	0.465619465073	0.328333737693
1365	0.460855784817	0.327385342245
1366	0.455531671591	0.326732384852
1367	0.449542044211	0.326514328675
1368	0.442753799846	0.326929473534
1369	0.434995806287	0.328261897934
1370	0.426044275258	0.330921973649
1371	0.41560082239	0.335507867959
1372	0.403258559909	0.342899862138
