Time	Mean	Std
0	-0.000669020035119	0.00148453775351
1	-0.00116902003512	0.00148453775351
2	-0.00116902003512	0.00148453775351
3	-0.00116902003512	0.00148453775351
4	-0.00116902003512	0.00148453775351
5	-0.00116902003512	0.00148453775351
6	-0.00116902003512	0.00148453775351
7	-0.00116902003512	0.00148453775351
8	-0.00116902003512	0.00148453775351
9	-0.00116902003512	0.00148453775351
10	-0.00116902003512	0.00148453775351
11	-0.00116902003512	0.00148453775351
12	-0.00116902003512	0.00148453775351
13	-0.00116902003512	0.00148453775351
14	-0.00116902003512	0.00148453775351
15	-0.00116902003512	0.00148453775351
16	-0.00116902003512	0.00148453775351
17	-0.00116902003512	0.00148453775351
18	-0.00116902003512	0.00148453775351
19	-0.00116902003512	0.00148453775351
20	-0.00116902003512	0.00148453775351
21	-0.00116902003512	0.00148453775351
22	-0.00116902003512	0.00148453775351
23	-0.00116902003512	0.00148453775351
24	-0.00116902003512	0.00148453775351
25	-0.00116902003512	0.00148453775351
26	-0.00116902003512	0.00148453775351
27	-0.00116902003512	0.00148453775351
28	-0.000830231551221	0.00177130580131
29	0.00129284546095	0.00468221352139
30	0.00756433168525	0.0109394922976
31	0.0143481913116	0.018018676472
32	0.021132050938	0.0253122613405
33	0.0279159105644	0.0326769966312
34	0.0346997701908	0.0400736734752
35	0.0414836298172	0.0474873684789
36	0.0482674894436	0.0549111890839
37	0.05505134907	0.0623415180314
38	0.0618352086964	0.0697762761732
39	0.0686190683228	0.0772141840923
40	0.0755382689404	0.0845407233464
41	0.0833515324843	0.09114305211
42	0.0921831871406	0.0970330390415
43	0.101976720831	0.102451143049
44	0.111948487716	0.108042716441
45	0.121920254601	0.113891874735
46	0.131892021485	0.119960945214
47	0.142000361803	0.126057050281
48	0.152168595497	0.131413735681
49	0.161757314558	0.133303330291
50	0.167999096241	0.130484244273
51	0.173882535176	0.127519393597
52	0.179765974111	0.124994839584
53	0.185649413046	0.122937710008
54	0.191532851981	0.121371774319
55	0.197416290916	0.120316212957
56	0.203299729851	0.119784519196
57	0.209183168786	0.119783669244
58	0.215066607721	0.120313674352
59	0.220950046656	0.121367580079
60	0.2266981446	0.12282279978
61	0.231552179617	0.123982353033
62	0.235387823522	0.124616571707
63	0.238261588393	0.124739892496
64	0.240957120069	0.125034660459
65	0.243652651746	0.125651437036
66	0.24554541847	0.126622547307
67	0.246542462678	0.127986075144
68	0.247140825027	0.129515013102
69	0.24653441348	0.130511008308
70	0.245126530098	0.131067539191
71	0.243564616063	0.131594857794
72	0.242002702028	0.132198142161
73	0.240440787993	0.132876357597
74	0.238878873957	0.133628363196
75	0.238345378039	0.134178918241
76	0.239446423407	0.134595098303
77	0.240577233615	0.135006507886
78	0.242072883787	0.135245302199
79	0.243734156073	0.135424716206
80	0.24539542836	0.135630367766
81	0.247117114272	0.135836219775
82	0.250132197293	0.135643563733
83	0.254978137531	0.136909663217
84	0.262940010649	0.14097496016
85	0.273244594904	0.147663059579
86	0.284507126083	0.155057678798
87	0.296528806345	0.163044786033
88	0.308550486606	0.171702053768
89	0.320572166868	0.180933310367
90	0.332593847129	0.190655198854
91	0.344615527391	0.20079646764
92	0.356637207652	0.211296740393
93	0.368658887914	0.222105105978
94	0.380680568175	0.233178725915
95	0.39167383032	0.244011939479
96	0.401032551178	0.254014713377
97	0.410361507196	0.264122243179
98	0.416691369383	0.270760568008
99	0.418551996362	0.27170826025
100	0.417698857819	0.269129306353
101	0.417730995652	0.26782651926
102	0.4164947039	0.266135980511
103	0.41343769826	0.262176976254
104	0.40817186356	0.252890284983
105	0.401384927947	0.239483880562
106	0.394442810363	0.22606140404
107	0.38750069278	0.212853130115
108	0.380558575197	0.199901522903
109	0.373616457614	0.187259846134
110	0.366674340031	0.174995280923
111	0.359732222447	0.163192873534
112	0.352790104864	0.151960346325
113	0.345847987281	0.141433542676
114	0.338905869698	0.131781692161
115	0.331963752114	0.123210588179
116	0.325021634531	0.115960126535
117	0.318079516948	0.11029106994
118	0.313771653232	0.106473324945
119	0.313517102944	0.103383344708
120	0.314924546832	0.100394404417
121	0.315624791308	0.0975708980054
122	0.316413794163	0.0948907905491
123	0.316774178369	0.0916914479673
124	0.313922299817	0.0853784764334
125	0.310540834739	0.0800652892006
126	0.307159369661	0.0749961306051
127	0.303777904583	0.0702238666763
128	0.300396439505	0.06581311473
129	0.297014974427	0.0618412763794
130	0.293633509349	0.0583979762686
131	0.290252044271	0.0555815308766
132	0.286870579194	0.0534910487012
133	0.283489114116	0.0522137987701
134	0.280107649038	0.0518099608871
135	0.27672618396	0.0522997713811
136	0.273344718882	0.0536587634983
137	0.269963253804	0.0558234940513
138	0.266581788726	0.058704896306
139	0.263450623314	0.0623167930216
140	0.261371229248	0.0670502200511
141	0.258227966978	0.0731281036091
142	0.254086479985	0.0803487702359
143	0.250363468313	0.087085044144
144	0.248945615579	0.0896321601654
145	0.247235739145	0.0915932542049
146	0.245525862711	0.0936498604255
147	0.243815986277	0.0957958274745
148	0.242106109843	0.0980252866728
149	0.240396233409	0.10033267242
150	0.238686356975	0.102712733118
151	0.236976480541	0.105160534404
152	0.23537146712	0.10773530057
153	0.234476296011	0.110806935345
154	0.234377222969	0.114464916941
155	0.235767191472	0.119565837432
156	0.23867636151	0.126218774122
157	0.242327588533	0.13240635192
158	0.246060742463	0.138725210871
159	0.249793896392	0.145222167785
160	0.253527050322	0.151874368093
161	0.258085581865	0.157289900882
162	0.263528612229	0.161351707945
163	0.268971642592	0.165520107998
164	0.274660889773	0.169923525016
165	0.281170807729	0.174301476169
166	0.289227729457	0.176285035382
167	0.297766894576	0.177655167549
168	0.306306059695	0.179191153726
169	0.314845224814	0.180888768998
170	0.323384389933	0.18274350901
171	0.331923555052	0.184750641624
172	0.340357857159	0.186847380024
173	0.348789470698	0.189085668583
174	0.358883699958	0.192346051414
175	0.370440419527	0.195203248181
176	0.37855698432	0.194872709599
177	0.384328199962	0.194326258617
178	0.385503765451	0.190781048512
179	0.387458697435	0.187869903268
180	0.389556135564	0.185144025194
181	0.391653573693	0.182507538653
182	0.393751011822	0.179964372456
183	0.395848449951	0.177518537428
184	0.397699671262	0.175007096848
185	0.398730221798	0.172465183884
186	0.398213768564	0.171377509337
187	0.397215071937	0.170734269607
188	0.39621637531	0.170103195021
189	0.395217678684	0.169484421471
190	0.394218982057	0.168878084169
191	0.39359249288	0.167886889428
192	0.393212668517	0.166651833295
193	0.392125690408	0.165045446816
194	0.388627628737	0.162256376888
195	0.383749445077	0.15913271164
196	0.380901687033	0.157177422772
197	0.379657221156	0.155935227736
198	0.382926478525	0.156276891836
199	0.385416369399	0.156409390108
200	0.387763754128	0.156535743846
201	0.390111138858	0.156708728256
202	0.392458523587	0.156928189133
203	0.394805908316	0.157193931818
204	0.397153293045	0.157505722051
205	0.399500677774	0.157863286993
206	0.401848062503	0.158266316392
207	0.404195447232	0.158714463901
208	0.406542831961	0.159207348515
209	0.40889021669	0.159744556132
210	0.41123760142	0.160325641209
211	0.413212778699	0.161258108755
212	0.414941291165	0.162433484734
213	0.416669803631	0.163645874715
214	0.418350685871	0.164859578874
215	0.418460158247	0.164939794253
216	0.418460158247	0.164939794253
217	0.418460158247	0.164939794253
218	0.418460158247	0.164939794253
219	0.418460158247	0.164939794253
220	0.418460158247	0.164939794253
221	0.418460158247	0.164939794253
222	0.418460158247	0.164939794253
223	0.418460158247	0.164939794253
224	0.418460158247	0.164939794253
225	0.418460158247	0.164939794253
226	0.418460158247	0.164939794253
227	0.418460158247	0.164939794253
228	0.418460158247	0.164939794253
229	0.418460158247	0.164939794253
230	0.418460158247	0.164939794253
231	0.418460158247	0.164939794253
232	0.418676173797	0.164759104041
233	0.418970874412	0.164514210822
234	0.419265575026	0.164271188521
235	0.419560275641	0.164030045452
236	0.419854976256	0.163790789917
237	0.42014967687	0.163553430198
238	0.420444377485	0.163317974562
239	0.420739078099	0.163084431256
240	0.420615008703	0.163182519732
241	0.418935213255	0.164543745547
242	0.417255417807	0.165965723651
243	0.415575622359	0.167446906307
244	0.413895826911	0.168985736713
245	0.412216031462	0.170580654734
246	0.410536236014	0.172230102196
247	0.408856440566	0.173932527757
248	0.407176645118	0.175686391326
249	0.40549684967	0.177490168062
250	0.403817054222	0.179342351931
251	0.402137258774	0.181241458861
252	0.400241447775	0.183439319244
253	0.398266951713	0.185787749817
254	0.39629245565	0.188194498223
255	0.394317959587	0.190657355964
256	0.392343463525	0.193174176968
257	0.390368967462	0.1957428797
258	0.388394471399	0.198361448627
259	0.386419975337	0.201027935103
260	0.384864249285	0.203161404854
261	0.384864249285	0.203161404854
262	0.384864249285	0.203161404854
263	0.384864249285	0.203161404854
264	0.385063928509	0.203027878154
265	0.385727882807	0.202589444249
266	0.38639444539	0.202157924539
267	0.387061007974	0.201735113762
268	0.387727570557	0.201321066788
269	0.38839413314	0.200915837798
270	0.389060695723	0.200519480253
271	0.389727258307	0.200132046862
272	0.39039382089	0.199753589552
273	0.391060383473	0.199384159437
274	0.391726946056	0.199023806784
275	0.39239350864	0.19867258099
276	0.393060071223	0.198330530541
277	0.393726633806	0.197997702991
278	0.395119339297	0.196609119772
279	0.397917768956	0.193183443675
280	0.400735648943	0.189763581627
281	0.40355352893	0.186379874961
282	0.406371408917	0.183034328872
283	0.409189288905	0.17972907438
284	0.411807489668	0.176570626417
285	0.413961415357	0.173711660241
286	0.415681373188	0.17061226496
287	0.41724346033	0.167472350463
288	0.418549727815	0.164230473922
289	0.4198559953	0.161074241777
290	0.421162262784	0.158008786363
291	0.422468530269	0.155039492312
292	0.423774797754	0.152171988846
293	0.425081065238	0.149412136746
294	0.42411870248	0.148532273465
295	0.420814967293	0.150158239592
296	0.417166938252	0.153004971002
297	0.413459498283	0.156815943612
298	0.408655538292	0.162312519139
299	0.402352535246	0.169232166486
300	0.396030081872	0.176599911423
301	0.389868956324	0.184443144352
302	0.385232378807	0.193470084385
303	0.380600026539	0.202790981788
304	0.375967674271	0.212365092659
305	0.371335322003	0.22215968223
306	0.367134329308	0.232399890389
307	0.363091207302	0.24290691836
308	0.359303904953	0.253721973661
309	0.355516602604	0.264675442308
310	0.351729300256	0.275750830488
311	0.347941997907	0.286934020606
312	0.344154695559	0.298212884964
313	0.34036739321	0.309576966597
314	0.338848721104	0.316719654675
315	0.339671421427	0.319457860785
316	0.340838415605	0.321561505376
317	0.342064820709	0.32356939153
318	0.343661602929	0.32489440522
319	0.345351704036	0.326060847286
320	0.347041805142	0.327244862356
321	0.348570578422	0.328330836245
322	0.348574803671	0.328333857257
323	0.348574803671	0.328333857257
324	0.348574803671	0.328333857257
325	0.348574803671	0.328333857257
326	0.348574803671	0.328333857257
327	0.348574803671	0.328333857257
328	0.348574803671	0.328333857257
329	0.348574803671	0.328333857257
330	0.348575187785	0.3283341319
331	0.349287335324	0.328844846568
332	0.350132386511	0.32945481743
333	0.350977437698	0.330069047171
334	0.351892627631	0.330685134244
335	0.353679836682	0.331279926083
336	0.355467929836	0.331886416505
337	0.357256022989	0.332504570917
338	0.359044116143	0.333134324388
339	0.360810473591	0.333754643407
340	0.361348328138	0.333218475909
341	0.361078772618	0.331984706665
342	0.360809217097	0.330836432681
343	0.360539661577	0.32977454704
344	0.360270106056	0.328799886738
345	0.361772157424	0.329342221579
346	0.366087391441	0.332213094376
347	0.369614343881	0.334456407615
348	0.373141296322	0.33671898489
349	0.376668248762	0.339000440481
350	0.380194817089	0.341300098172
351	0.383009621991	0.343071691901
352	0.385691523244	0.344771216331
353	0.388373424498	0.3465012466
354	0.390985187005	0.348251191867
355	0.392724930394	0.349905067557
356	0.393559352532	0.351474072701
357	0.39358894631	0.353012638524
358	0.393618540087	0.354634690092
359	0.39366986957	0.356361823054
360	0.394949701954	0.359489205592
361	0.397036944405	0.363660639163
362	0.399124186856	0.368027608752
363	0.401211429308	0.372583238915
364	0.403298671759	0.377320696258
365	0.403614307322	0.380020454232
366	0.401116760236	0.379280301116
367	0.399407494727	0.37954964467
368	0.397698229217	0.379851327905
369	0.395873909374	0.380386426044
370	0.393684429684	0.381588747317
371	0.391366564428	0.383040858834
372	0.389048699172	0.384518017027
373	0.386730833917	0.386019934363
374	0.384412968661	0.387546322982
375	0.382095103405	0.389096894891
376	0.380681675298	0.390388855479
377	0.380073075552	0.391436041518
378	0.379464475806	0.392484560689
379	0.378855876059	0.393534402337
380	0.378247276313	0.394585555904
381	0.377638676567	0.395638010936
382	0.377030076821	0.396691757072
383	0.376421477074	0.397746784052
384	0.375812877328	0.398803081711
385	0.37526528093	0.399843239371
386	0.374934290135	0.400824157366
387	0.374620391976	0.401803738203
388	0.374306493817	0.402786827709
389	0.37410764999	0.403571904588
390	0.374273966012	0.403719558727
391	0.374568667599	0.403643262554
392	0.374863369186	0.403567862117
393	0.375158070773	0.403493357919
394	0.37545277236	0.403419750456
395	0.375747473947	0.403347040219
396	0.376042175535	0.403275227694
397	0.376336877122	0.403204313359
398	0.376631578709	0.40313429769
399	0.376926280296	0.403065181154
400	0.377220981883	0.402996964214
401	0.37751568347	0.402929647327
402	0.377810385057	0.402863230944
403	0.378105086644	0.40279771551
404	0.378399788231	0.402733101466
405	0.37863348647	0.402682503662
406	0.378650579106	0.402678825212
407	0.378650579106	0.402678825212
408	0.378650579106	0.402678825212
409	0.378650579106	0.402678825212
410	0.378650579106	0.402678825212
411	0.378650579106	0.402678825212
412	0.378650579106	0.402678825212
413	0.378650579106	0.402678825212
414	0.378650579106	0.402678825212
415	0.378650579106	0.402678825212
416	0.378650579106	0.402678825212
417	0.378650579106	0.402678825212
418	0.378650579106	0.402678825212
419	0.378650579106	0.402678825212
420	0.378650579106	0.402678825212
421	0.378650579106	0.402678825212
422	0.378650579106	0.402678825212
423	0.378650579106	0.402678825212
424	0.378650579106	0.402678825212
425	0.378650579106	0.402678825212
426	0.378650579106	0.402678825212
427	0.378650579106	0.402678825212
428	0.378650579106	0.402678825212
429	0.378650579106	0.402678825212
430	0.378650579106	0.402678825212
431	0.378650579106	0.402678825212
432	0.378650579106	0.402678825212
433	0.37874276637	0.402739706453
434	0.379508690142	0.4032472023
435	0.380276918609	0.403759217908
436	0.381045147076	0.404274219322
437	0.381813375543	0.404792195146
438	0.38258160401	0.405313133975
439	0.383349832477	0.4058370244
440	0.384118060944	0.406363855005
441	0.38488628941	0.406893614369
442	0.385904576034	0.40760030462
443	0.388153947808	0.409179401402
444	0.390420220581	0.410795234137
445	0.392686493354	0.412435738436
446	0.394952766127	0.414100621079
447	0.397219038901	0.415789589225
448	0.399485311674	0.417502350567
449	0.401751584447	0.419238613488
450	0.40401785722	0.420998087218
451	0.406284129993	0.422780481968
452	0.408550402766	0.424585509074
453	0.410724488275	0.426338115093
454	0.411318601704	0.426572198233
455	0.409602365991	0.424374299846
456	0.407216959515	0.421620162373
457	0.40483155304	0.419041589399
458	0.402446146564	0.416641840615
459	0.400060740088	0.414424022511
460	0.398229994183	0.41291783934
461	0.396996929774	0.412206652022
462	0.395772849409	0.411430382143
463	0.393736454078	0.409544693774
464	0.391683157748	0.407836738443
465	0.389629861419	0.406325869328
466	0.38757656509	0.405014292072
467	0.38552326876	0.403903948132
468	0.383469972431	0.402996500837
469	0.381416676102	0.402293323202
470	0.379363379773	0.401795487699
471	0.377310083443	0.401503758157
472	0.375256787114	0.401418583936
473	0.373203490785	0.401540096479
474	0.372056430027	0.402084592806
475	0.373217413717	0.403265336934
476	0.375047568169	0.404612179767
477	0.376877722622	0.405964362144
478	0.378707877074	0.407321830889
479	0.380538031527	0.408684533325
480	0.381813525409	0.409388126705
481	0.382491337795	0.409380757601
482	0.382910107981	0.409378576807
483	0.382910107981	0.409378576807
484	0.382910107981	0.409378576807
485	0.382910107981	0.409378576807
486	0.382910107981	0.409378576807
487	0.382910107981	0.409378576807
488	0.382910107981	0.409378576807
489	0.382910107981	0.409378576807
490	0.382910107981	0.409378576807
491	0.382910107981	0.409378576807
492	0.382910107981	0.409378576807
493	0.382910107981	0.409378576807
494	0.382910107981	0.409378576807
495	0.382910107981	0.409378576807
496	0.382910107981	0.409378576807
497	0.382910107981	0.409378576807
498	0.382910107981	0.409378576807
499	0.382910107981	0.409378576807
500	0.382910107981	0.409378576807
501	0.382910107981	0.409378576807
502	0.382910107981	0.409378576807
503	0.382910107981	0.409378576807
504	0.382910107981	0.409378576807
505	0.382910107981	0.409378576807
506	0.382910107981	0.409378576807
507	0.382910107981	0.409378576807
508	0.382634857141	0.409379806152
509	0.380866945236	0.409406359734
510	0.379098738631	0.40946520833
511	0.377330532026	0.409556336283
512	0.375562325421	0.409679722054
513	0.373794118816	0.409835336508
514	0.372025912211	0.410023142949
515	0.370257705606	0.410243097166
516	0.369856292342	0.410281883636
517	0.369342944801	0.409020686449
518	0.369283075808	0.407826495026
519	0.37302968042	0.408375958092
520	0.377783569293	0.410025002592
521	0.382373425116	0.411749937808
522	0.386138482651	0.414418748761
523	0.388379141473	0.419589927415
524	0.390239569441	0.424827734323
525	0.39209941779	0.430161468347
526	0.393959266138	0.435587841843
527	0.395819114487	0.441103435923
528	0.397954213677	0.446670914144
529	0.40158197393	0.452159390838
530	0.405210028884	0.457766031753
531	0.408838083838	0.463486583475
532	0.412466138792	0.469316880611
533	0.414195518346	0.473358803198
534	0.412753268714	0.474503762902
535	0.411311019083	0.475988050824
536	0.40850197611	0.477757914765
537	0.405804867414	0.480614505412
538	0.40265428017	0.483304637557
539	0.395697219321	0.48297794434
540	0.387732874212	0.481917994961
541	0.379875684933	0.481107957377
542	0.372633467105	0.479582434002
543	0.366064551574	0.47541927591
544	0.35928440186	0.471463677698
545	0.352504831765	0.467608364578
546	0.34572526167	0.463855319285
547	0.338945691575	0.460207043846
548	0.332166121479	0.456666049267
549	0.325386551384	0.453234850019
550	0.318606981289	0.44991595811
551	0.311827411194	0.446711876743
552	0.305047841099	0.443625093583
553	0.300166946402	0.4417311211
554	0.298457680893	0.441686705402
555	0.296748415383	0.441670262409
556	0.295039149874	0.441681795245
557	0.293329884364	0.441721301719
558	0.291620618855	0.441788774327
559	0.289911353345	0.441884200257
560	0.288202087835	0.442007561406
561	0.286549699545	0.442153352004
562	0.285107138091	0.442301936351
563	0.284515673053	0.442368594035
564	0.284515673053	0.442368594035
565	0.284515673053	0.442368594035
566	0.284515673053	0.442368594035
567	0.284515673053	0.442368594035
568	0.284515673053	0.442368594035
569	0.284515673053	0.442368594035
570	0.284515673053	0.442368594035
571	0.284515673053	0.442368594035
572	0.284012507256	0.442306714602
573	0.281897927362	0.442081463055
574	0.279536128606	0.441896417927
575	0.277174329851	0.441781672924
576	0.274812531095	0.441737282829
577	0.272450732339	0.44176326885
578	0.270088933583	0.441859618571
579	0.267727134828	0.442026285979
580	0.265365336072	0.442263191577
581	0.263003537316	0.44257022257
582	0.26064173856	0.442947233136
583	0.258359067206	0.443445604377
584	0.257188405851	0.444746987653
585	0.255961279607	0.446096048601
586	0.25276825816	0.446201132721
587	0.248870003738	0.445899487834
588	0.244937563205	0.445642714119
589	0.240694758885	0.445249036568
590	0.235780138927	0.444487671178
591	0.229699348548	0.443060040137
592	0.22411480987	0.441512618427
593	0.219530943791	0.438965948253
594	0.215075220965	0.43633252887
595	0.210619498138	0.43379707021
596	0.206163775312	0.431361299661
597	0.201708052486	0.429026915141
598	0.19725232966	0.426795580266
599	0.192796606834	0.424668919398
600	0.188340884007	0.422648512619
601	0.182232773264	0.420554989928
602	0.174505870698	0.418429817991
603	0.166699840731	0.416434028134
604	0.157781800765	0.414201517436
605	0.148920225688	0.412205415681
606	0.142024545814	0.411041032508
607	0.135834098915	0.410231883783
608	0.129677838126	0.409555774082
609	0.123831941125	0.409091526304
610	0.118657859761	0.408933198519
611	0.114649948819	0.409210937328
612	0.110648951973	0.409594725739
613	0.107258696625	0.410259451895
614	0.103507591787	0.411836432596
615	0.0995698494649	0.413808701977
616	0.0956321071423	0.415873848121
617	0.0916943648198	0.418030494547
618	0.0877566224972	0.42027723266
619	0.0838188801747	0.422612625597
620	0.0797390921559	0.425097639664
621	0.0772474473207	0.42694260562
622	0.0763745943072	0.428063958049
623	0.0755017412938	0.429186638421
624	0.0746288882804	0.430310636343
625	0.0737560352669	0.431435941518
626	0.0728831822535	0.432562543742
627	0.07201032924	0.433690432908
628	0.0711374762266	0.434819599001
629	0.0702646232132	0.435950032099
630	0.0693902337453	0.437081192998
631	0.0671833533738	0.437758330013
632	0.0636843132509	0.438020399493
633	0.0601226625048	0.438297595165
634	0.0570409368568	0.437861959532
635	0.0541458486939	0.437173054801
636	0.051250760531	0.436522646095
637	0.0483556723682	0.43591090573
638	0.0454605842053	0.435337996717
639	0.0425654960424	0.434804072552
640	0.0398124535757	0.434250098576
641	0.037123655843	0.4337098564
642	0.0344348581103	0.433210488431
643	0.0317460603776	0.432752136168
644	0.0290572626449	0.432334930062
645	0.0263684649122	0.431958989336
646	0.0236796671795	0.431624421815
647	0.0209908694468	0.431331323775
648	0.0183020717141	0.431079779802
649	0.0156132739814	0.430869862676
650	0.0129260127031	0.430701717477
651	0.0114863281065	0.430483823385
652	0.00981614322339	0.427665320225
653	0.00775849454945	0.424073094328
654	0.00570084587552	0.420494214797
655	0.00364319720158	0.416929025322
656	0.00158554852764	0.413377880117
657	-0.000472100146298	0.409841144246
658	-0.00252974882024	0.406319193983
659	-0.00458739749417	0.402812417157
660	-0.00664504616811	0.399321213519
661	-0.00870269484205	0.395845995118
662	-0.010760343516	0.39238718668
663	-0.0128179921899	0.388945225995
664	-0.0148756408639	0.385520564319
665	-0.0169332895378	0.382113666774
666	-0.01904015337	0.378741253368
667	-0.021890252969	0.375634032181
668	-0.0247730643363	0.372559503358
669	-0.0276558757035	0.369507415876
670	-0.0305386870708	0.366478330422
671	-0.033336584216	0.363608679689
672	-0.0346118213234	0.363190580907
673	-0.0354369840167	0.363499835338
674	-0.0362621467101	0.363816742242
675	-0.0368630421093	0.364052322373
676	-0.0368335720478	0.364040674414
677	-0.0368041019864	0.364029036173
678	-0.0367746319249	0.36401740765
679	-0.0367451618634	0.364005788847
680	-0.036715691802	0.363994179764
681	-0.0366862217405	0.363982580402
682	-0.0366567516791	0.363970990761
683	-0.0366272816176	0.363959410844
684	-0.0365978115562	0.363947840651
685	-0.0365683414947	0.363936280183
686	-0.036489656275	0.363905461325
687	-0.0356677352884	0.363587686333
688	-0.0348131025337	0.363265310341
689	-0.0339584697789	0.362951159096
690	-0.0331038370241	0.36264525397
691	-0.0322492042693	0.36234761585
692	-0.0313945715146	0.362058265124
693	-0.0305399387598	0.361777221675
694	-0.029685306005	0.36150450488
695	-0.0290549405443	0.361308699543
696	-0.0286355812819	0.361180955933
697	-0.0274862479126	0.360841184655
698	-0.0263369145432	0.360516590059
699	-0.0251875811739	0.360207213174
700	-0.0240382478045	0.359913093243
701	-0.0228889144352	0.359634267699
702	-0.0217395810658	0.359370772141
703	-0.0205902476965	0.359122640313
704	-0.0194409143271	0.358889904081
705	-0.0182915809578	0.358672593416
706	-0.0171422475884	0.358470736372
707	-0.0159929142191	0.358284359067
708	-0.0148435808497	0.358113485671
709	-0.0136942474804	0.357958138386
710	-0.012544914111	0.357818337435
711	-0.0113955807416	0.357694101046
712	-0.0102462473723	0.357585445442
713	-0.00909691400294	0.357492384829
714	-0.00794758063359	0.357414931389
715	-0.00679824726424	0.35735309527
716	-0.00606827315729	0.357321934607
717	-0.00606827315729	0.357321934607
718	-0.00606827315729	0.357321934607
719	-0.00606827315729	0.357321934607
720	-0.00606827315729	0.357321934607
721	-0.00606827315729	0.357321934607
722	-0.00606827315729	0.357321934607
723	-0.00597013785264	0.35731822621
724	-0.00567543723806	0.357307774809
725	-0.00480960620031	0.357283014109
726	-0.0036308027695	0.357263566845
727	-0.00245199933869	0.357260568938
728	-0.00127319590788	0.357274020802
729	-9.43924770714e-05	0.357303920578
730	0.00108441095374	0.357350264137
731	0.00226321438455	0.357413045084
732	0.00344201781536	0.357492254758
733	0.00462082124617	0.357587882242
734	0.00579962467698	0.357699914369
735	0.00691061270749	0.357726761136
736	0.00611986968545	0.354942106929
737	0.00521204350202	0.352042990297
738	0.0043042173186	0.349206314102
739	0.00339639113517	0.346433612179
740	0.00248856495174	0.343726432694
741	0.00158073876832	0.341086335792
742	0.000549432842606	0.338481419145
743	-0.000988464227293	0.33579460257
744	-0.00363561517679	0.33282710275
745	-0.00800264072376	0.329406157563
746	-0.0126803201886	0.325969620531
747	-0.0158382375565	0.324624003179
748	-0.0185765105838	0.32391801514
749	-0.0238839465316	0.32814137549
750	-0.0303897456232	0.334701932645
751	-0.0368955447148	0.341334446555
752	-0.0434013438064	0.348034803396
753	-0.049907142898	0.354799159562
754	-0.0564129419895	0.361623923652
755	-0.0628509256808	0.368593624242
756	-0.0673871783195	0.378081439797
757	-0.0718063477969	0.387772295361
758	-0.0762255172742	0.397510725063
759	-0.0806446867516	0.407293316408
760	-0.0850638562289	0.417116962255
761	-0.0894830257063	0.426978828949
762	-0.0937787154413	0.436861429891
763	-0.0976659493368	0.446718204427
764	-0.100640494663	0.456462923001
765	-0.102466295814	0.466054894497
766	-0.104294415441	0.475649122232
767	-0.107642297165	0.483214407805
768	-0.111409823229	0.490242269176
769	-0.112608186373	0.492483068941
770	-0.112608186373	0.492483068941
771	-0.112325273312	0.492455129866
772	-0.110876523414	0.492322809575
773	-0.108960967474	0.492175489269
774	-0.107045411535	0.492059664367
775	-0.104771793485	0.491963095841
776	-0.102384715394	0.491909516996
777	-0.0999976373044	0.491904926311
778	-0.0976105592143	0.491949325158
779	-0.0952234811242	0.492042700275
780	-0.0928364030341	0.492185023788
781	-0.0883194122757	0.492839222982
782	-0.0821296044788	0.493937774225
783	-0.0759397966818	0.495125533338
784	-0.0697499888849	0.496401859969
785	-0.063560181088	0.497766072828
786	-0.0573703732911	0.499217451414
787	-0.0511805654942	0.50075523781
788	-0.0449907576972	0.502378638531
789	-0.0388009499003	0.50408682642
790	-0.0326111421034	0.505878942583
791	-0.0267042473672	0.507691540739
792	-0.0219631894681	0.509316403239
793	-0.0176889376109	0.51089977674
794	-0.0134146857538	0.51254465915
795	-0.00949849600692	0.514174891682
796	-0.0056957663001	0.515845433147
797	-0.00206286490342	0.517400780834
798	0.00145005540043	0.51889781591
799	0.00529746076371	0.520526214673
800	0.0094360302778	0.522274041663
801	0.0117620796855	0.523025276484
802	0.0120771040318	0.522578388212
803	0.0120058119372	0.521759270907
804	0.0119341357289	0.52095847036
805	0.0103455924058	0.519386468
806	0.00781596947061	0.51736049808
807	0.00528634653545	0.515375093506
808	0.00275672360028	0.513430724871
809	0.000227100665114	0.511527860119
810	-0.00230252227005	0.50966696412
811	-0.00483214520522	0.507848498231
812	-0.00736176814038	0.506072919841
813	-0.00989139107555	0.504340681919
814	-0.0124210140107	0.502652232545
815	-0.0149506369459	0.501008014436
816	-0.017480259881	0.499408464462
817	-0.0198400545061	0.498013873256
818	-0.0220798680382	0.496776358669
819	-0.0246541666299	0.495435055974
820	-0.0275196293723	0.493997763916
821	-0.030221110847	0.492897269684
822	-0.0296115014972	0.493799289798
823	-0.0275373675519	0.495453521301
824	-0.0250891069606	0.497249895464
825	-0.0210755809408	0.499604705691
826	-0.016120975309	0.502327640355
827	-0.0111663696772	0.505096776079
828	-0.00621176404545	0.507911357197
829	-2.23144697156e-05	0.511261731973
830	0.0108946594645	0.516665830882
831	0.0237644961788	0.523229561388
832	0.0374548015211	0.530199455979
833	0.0521740297468	0.537531920955
834	0.0670272643885	0.545158012286
835	0.0824581129634	0.553082844468
836	0.0979694705562	0.561280743198
837	0.114283311294	0.570387013814
838	0.130627002401	0.579725395441
839	0.146970693508	0.589261002444
840	0.163314384615	0.598984415637
841	0.179176701892	0.60852482189
842	0.192066136367	0.615981269869
843	0.203877362688	0.622722653687
844	0.215314846477	0.629266478577
845	0.226703931952	0.635862137271
846	0.238093017427	0.642545371982
847	0.249482102902	0.649313478516
848	0.260871188377	0.656163830607
849	0.271025429908	0.662353967145
850	0.276586530561	0.664901923043
851	0.280237205322	0.665811540086
852	0.283224781583	0.666637198325
853	0.285261825325	0.667305498163
854	0.28716486265	0.667955351452
855	0.288490286043	0.668506749354
856	0.289735200417	0.669044359974
857	0.290177631646	0.669085216602
858	0.290590212506	0.669108572762
859	0.291002793367	0.669133004015
860	0.291415374227	0.669158510243
861	0.291827955087	0.669185091323
862	0.292240535948	0.669212747127
863	0.292653116808	0.669241477522
864	0.293065697669	0.66927128237
865	0.293478278529	0.669302161527
866	0.293890859389	0.669334114844
867	0.29430344025	0.669367142167
868	0.29471602111	0.669401243338
869	0.295128601971	0.669436418193
870	0.295406799351	0.669460742076
871	0.295642559843	0.66948173758
872	0.295720950206	0.669488796224
873	0.295720950206	0.669488796224
874	0.295720950206	0.669488796224
875	0.295720950206	0.669488796224
876	0.295720950206	0.669488796224
877	0.295720950206	0.669488796224
878	0.295720950206	0.669488796224
879	0.295720950206	0.669488796224
880	0.295720950206	0.669488796224
881	0.295720950206	0.669488796224
882	0.295720950206	0.669488796224
883	0.29564720023	0.66942707464
884	0.292394906617	0.666719733826
885	0.286748430364	0.66208755295
886	0.281101954112	0.657543455529
887	0.275455477859	0.653089280182
888	0.269809001606	0.648726879131
889	0.264162525354	0.644458116069
890	0.258516049101	0.640284863844
891	0.252869572848	0.636209001986
892	0.247223096595	0.632232414061
893	0.241576620343	0.628356984851
894	0.23593014409	0.624584597372
895	0.230283667837	0.620917129718
896	0.224637191585	0.617356451752
897	0.218990715332	0.613904421636
898	0.213344239079	0.610562882207
899	0.207697762826	0.607333657221
900	0.202051286574	0.604218547464
901	0.196404810321	0.60121932674
902	0.190758334068	0.598337737764
903	0.185185607791	0.595610790021
904	0.182791425152	0.594475323447
905	0.182791425152	0.594475323447
906	0.182791425152	0.594475323447
907	0.182791425152	0.594475323447
908	0.182791425152	0.594475323447
909	0.182791425152	0.594475323447
910	0.182791425152	0.594475323447
911	0.182791425152	0.594475323447
912	0.182791425152	0.594475323447
913	0.182791425152	0.594475323447
914	0.182791425152	0.594475323447
915	0.182791425152	0.594475323447
916	0.182791425152	0.594475323447
917	0.182791425152	0.594475323447
918	0.182791425152	0.594475323447
919	0.182791425152	0.594475323447
920	0.182791425152	0.594475323447
921	0.182791425152	0.594475323447
922	0.182791425152	0.594475323447
923	0.182791425152	0.594475323447
924	0.182791425152	0.594475323447
925	0.182791425152	0.594475323447
926	0.182791425152	0.594475323447
927	0.182791425152	0.594475323447
928	0.182791425152	0.594475323447
929	0.182791425152	0.594475323447
930	0.182791425152	0.594475323447
931	0.182791425152	0.594475323447
932	0.182791425152	0.594475323447
933	0.182791425152	0.594475323447
934	0.183357423776	0.594955369416
935	0.185038321183	0.596392575243
936	0.186719218589	0.597846994329
937	0.188400115996	0.599318501355
938	0.190081013402	0.600806970766
939	0.191761910809	0.602312276805
940	0.193442808215	0.603834293556
941	0.195123705621	0.605372894978
942	0.196804603028	0.606927954941
943	0.198485500434	0.608499347263
944	0.200166397841	0.610086945742
945	0.201847295247	0.611690624193
946	0.203528192654	0.613310256479
947	0.20520909006	0.614945716542
948	0.206889987466	0.616596878439
949	0.208570884873	0.618263616366
950	0.208355754975	0.61953942196
951	0.204313860741	0.619277980072
952	0.200375152445	0.618496804476
953	0.196466836956	0.617997843124
954	0.191992522842	0.617202247992
955	0.195116745104	0.597937104964
956	0.207630591147	0.55913606204
957	0.212011933068	0.536837543582
958	0.205214445708	0.536801857234
959	0.198416958348	0.53722671745
960	0.191619470988	0.538111033373
961	0.184821983628	0.539452545472
962	0.178024496268	0.5412478542
963	0.171227008907	0.543492462523
964	0.164429521547	0.546180831085
965	0.157632034187	0.549306444486
966	0.150834546827	0.552861886862
967	0.144037059467	0.556838924841
968	0.137239572107	0.561228595827
969	0.130442084746	0.566021299611
970	0.12554062469	0.569775536518
971	0.124465928971	0.571085477279
972	0.123288047313	0.572088830756
973	0.122079772848	0.57306862723
974	0.120871498384	0.574057507322
975	0.110949788762	0.589598972466
976	0.0916384553582	0.622050437538
977	0.0804596260769	0.641332970892
978	0.0804596260769	0.641332970892
979	0.0804596260769	0.641332970892
980	0.0804596260769	0.641332970892
981	0.0804596260769	0.641332970892
982	0.0804596260769	0.641332970892
983	0.0804596260769	0.641332970892
984	0.0804596260769	0.641332970892
985	0.0804596260769	0.641332970892
986	0.0804596260769	0.641332970892
987	0.0804596260769	0.641332970892
988	0.0804596260769	0.641332970892
989	0.0804596260769	0.641332970892
990	0.0804596260769	0.641332970892
991	0.0804596260769	0.641332970892
992	0.0806096289814	0.641231296919
993	0.0825540660618	0.639925327409
994	0.0872294960093	0.636876915379
995	0.0922983514425	0.633720254688
996	0.0973672068758	0.630720101712
997	0.102436062309	0.627878699947
998	0.107504917742	0.625198213876
999	0.112573773175	0.622680721609
1000	0.117642628609	0.620328207593
1001	0.122711484042	0.618142555443
1002	0.127825134037	0.616108472932
1003	0.134515065012	0.613979989185
1004	0.142106610697	0.612324379774
1005	0.149698156381	0.610980127621
1006	0.157289702066	0.609949291307
1007	0.164881247751	0.609233461753
1008	0.173986469391	0.605818625635
1009	0.188387673513	0.592073519481
1010	0.206922433439	0.570186704048
1011	0.229910988272	0.539434767679
1012	0.255561273956	0.503076273495
1013	0.279669259701	0.466273229383
1014	0.30104625258	0.429585017149
1015	0.322029819972	0.393050851115
1016	0.343013387365	0.356708980758
1017	0.363996954758	0.320624801183
1018	0.38498052215	0.28489624445
1019	0.405964089543	0.249676025799
1020	0.426947656935	0.215213862018
1021	0.447931224328	0.181941022693
1022	0.468869997159	0.150684285707
1023	0.48823248901	0.124147055767
1024	0.506693366151	0.105166409003
1025	0.525154243292	0.0984292204943
1026	0.543615120433	0.106289722217
1027	0.562075997575	0.126045842408
1028	0.57902319876	0.150749816543
1029	0.590674417464	0.169952371944
1030	0.598192080365	0.182995935925
1031	0.601024608374	0.188752828422
1032	0.600845889429	0.18980586168
1033	0.600403837534	0.190427481454
1034	0.599515608433	0.191683462794
1035	0.597216940722	0.194975738662
1036	0.594918273011	0.198326048878
1037	0.592218517388	0.202331153906
1038	0.58903574686	0.207144508518
1039	0.585852976333	0.212050666035
1040	0.582670205805	0.217043333257
1041	0.579487435278	0.222116676648
1042	0.57630466475	0.227265293362
1043	0.573121894223	0.232484182425
1044	0.569939123695	0.237768716565
1045	0.566756353168	0.243114615078
1046	0.56357358264	0.248517917947
1047	0.560390812113	0.253974961375
1048	0.557208041586	0.259482354812
1049	0.554025271058	0.265036959499
1050	0.550842500531	0.270635868522
1051	0.547891069986	0.275865059433
1052	0.545139152642	0.28077123649
1053	0.542398434009	0.285685136225
1054	0.541311162906	0.28973827516
1055	0.547058159028	0.291854692442
1056	0.552948031368	0.294495708354
1057	0.559238991619	0.296709808715
1058	0.566012966774	0.298322604658
1059	0.57278694193	0.300220277394
1060	0.579560917085	0.302397463802
1061	0.586334892241	0.304848175189
1062	0.593108867396	0.307565873212
1063	0.599882842552	0.31054354841
1064	0.606656817708	0.313773799417
1065	0.613430792863	0.317248911091
1066	0.620204768019	0.320960930056
1067	0.626978743174	0.324901736381
1068	0.63375271833	0.329063110407
1069	0.640526693485	0.333436794017
1070	0.647300668641	0.338014545878
1071	0.654074643796	0.34278819042
1072	0.660848618952	0.347749660539
1073	0.667622594107	0.352891034124
1074	0.673189298939	0.357274537516
1075	0.673332175156	0.35741959487
1076	0.673332175156	0.35741959487
1077	0.673711749916	0.356733481842
1078	0.675643014238	0.353269785563
1079	0.678172296531	0.349731177913
1080	0.681246421851	0.346167484458
1081	0.684321706436	0.342615856684
1082	0.687396991022	0.339076749753
1083	0.690472275607	0.335550559845
1084	0.693547560193	0.33203769849
1085	0.696622844779	0.328538593231
1086	0.699698129364	0.325053688309
1087	0.70277341395	0.321583445378
1088	0.705848698535	0.318128344252
1089	0.708923983121	0.314688883675
1090	0.711999267707	0.311265582129
1091	0.715074552292	0.307858978666
1092	0.718149836878	0.304469633772
1093	0.721225121463	0.301098130267
1094	0.724300406049	0.297745074231
1095	0.727375690635	0.29441109596
1096	0.73045097522	0.291096850957
1097	0.733146685047	0.288466369606
1098	0.73429070531	0.288544732656
1099	0.734836707602	0.288612006344
1100	0.734837866868	0.288612153968
1101	0.734837866868	0.288612153968
1102	0.734837866868	0.288612153968
1103	0.734837866868	0.288612153968
1104	0.734837866868	0.288612153968
1105	0.734837866868	0.288612153968
1106	0.734837866868	0.288612153968
1107	0.734837866868	0.288612153968
1108	0.734837866868	0.288612153968
1109	0.734837866868	0.288612153968
1110	0.734837866868	0.288612153968
1111	0.732619224917	0.286908226935
1112	0.727510508971	0.283110326743
1113	0.721305531684	0.278741451449
1114	0.714890828232	0.274519030971
1115	0.70847612478	0.270609456302
1116	0.702061421328	0.267026469061
1117	0.695646717876	0.263783377761
1118	0.689232014424	0.260892858184
1119	0.682817310972	0.258366743961
1120	0.67640260752	0.256215813686
1121	0.669987904068	0.254449582129
1122	0.663552571573	0.253112640701
1123	0.656591787474	0.253098397214
1124	0.64913708458	0.254334015163
1125	0.64160251782	0.256078265514
1126	0.63406795106	0.258183154316
1127	0.626533384301	0.260639944331
1128	0.621036157974	0.263113825325
1129	0.619834478406	0.265020430923
1130	0.618714615099	0.26692116287
1131	0.619813393742	0.268545995088
1132	0.62380224638	0.270012172388
1133	0.628887360359	0.271752065448
1134	0.634182200503	0.273903307998
1135	0.639477040647	0.27646998825
1136	0.644771880792	0.279440658973
1137	0.650066720936	0.282802589426
1138	0.65536156108	0.286542008261
1139	0.660656401224	0.290644345592
1140	0.665951241368	0.295094466172
1141	0.671246081512	0.299876887271
1142	0.676561550699	0.304937526767
1143	0.682402471491	0.309320462543
1144	0.688737311076	0.313074306497
1145	0.695152014528	0.316961739358
1146	0.701172997547	0.321847190295
1147	0.706703598183	0.327888400373
1148	0.710196858384	0.332661149956
1149	0.708680992625	0.334958035231
1150	0.706185615795	0.338252637924
1151	0.703404968409	0.342081542682
1152	0.700586599317	0.345990520927
1153	0.697768230225	0.349909849508
1154	0.694949861132	0.353839184486
1155	0.692209277285	0.357761223621
1156	0.689766228417	0.36163438317
1157	0.688175481414	0.365377171533
1158	0.686666370613	0.369167410467
1159	0.685157259812	0.373019531446
1160	0.683648149011	0.376931637232
1161	0.68213903821	0.38090187958
1162	0.680629927409	0.384928459594
1163	0.679120816609	0.389009627849
1164	0.677569563571	0.393224567078
1165	0.675384703289	0.398710915795
1166	0.673591500535	0.403497808662
1167	0.672288680165	0.407386195827
1168	0.670985859794	0.411319148112
1169	0.670396618627	0.414602578116
1170	0.67070507227	0.416771413144
1171	0.670299884334	0.417779371742
1172	0.664835351458	0.415796497294
1173	0.658178927691	0.408886769269
1174	0.648693371749	0.399305054435
1175	0.636349415864	0.389389114574
1176	0.621668232381	0.37992235271
1177	0.602300700343	0.367896455208
1178	0.578442604883	0.349577564383
1179	0.553864331908	0.331570027675
1180	0.529128112706	0.314699588428
1181	0.50492340502	0.299721781289
1182	0.481849825232	0.287578854729
1183	0.458121275323	0.277311995195
1184	0.4343835713	0.269509377968
1185	0.411279474522	0.263597017743
1186	0.388177440649	0.260834301773
1187	0.365075406775	0.261324491777
1188	0.341973372902	0.265049540324
1189	0.318871339028	0.271876515079
1190	0.295769305155	0.281579885432
1191	0.273666183417	0.293874781909
1192	0.256660128324	0.307531473669
1193	0.240845964123	0.320728062357
1194	0.227860932097	0.331635036357
1195	0.217656514768	0.339963599648
1196	0.209491790059	0.345763661304
1197	0.205161112041	0.349916817838
1198	0.205239361241	0.351982846015
1199	0.206037787956	0.353724423705
1200	0.206994160898	0.355396143558
1201	0.207419022325	0.356139878168
1202	0.206712755853	0.354903900795
1203	0.210045887611	0.355373859565
1204	0.219418268316	0.357335842889
1205	0.22879064902	0.359895251198
1206	0.238163029724	0.363039449274
1207	0.247535410429	0.366753397113
1208	0.256907791133	0.371019985352
1209	0.266280171838	0.375820392527
1210	0.275652552542	0.381134448743
1211	0.285024933247	0.386940991974
1212	0.294397313951	0.393218205571
1213	0.303769694656	0.399943928303
1214	0.31314207536	0.407095931018
1215	0.322514456065	0.414652156619
1216	0.331631036673	0.422656883943
1217	0.339824615113	0.431287349709
1218	0.348018193554	0.440299534863
1219	0.356211771995	0.449670489011
1220	0.364405350435	0.459378256866
1221	0.372598928876	0.469401941816
1222	0.380792507317	0.479721741207
1223	0.385601657649	0.486631087612
1224	0.384422855385	0.48710899751
1225	0.383244053122	0.487598491954
1226	0.382065250858	0.488099536091
1227	0.380886448594	0.488612094389
1228	0.37970764633	0.489136130652
1229	0.378528844066	0.48967160803
1230	0.377350041803	0.490218489031
1231	0.376171239539	0.490776735532
1232	0.374992437275	0.491346308795
1233	0.373813635011	0.491927169477
1234	0.372634832747	0.49251927764
1235	0.371456030484	0.49312259277
1236	0.370533028316	0.493602784892
1237	0.370533028316	0.493602784892
1238	0.370533028316	0.493602784892
1239	0.370533028316	0.493602784892
1240	0.370533028316	0.493602784892
1241	0.370533028316	0.493602784892
1242	0.370533028316	0.493602784892
1243	0.370533028316	0.493602784892
1244	0.370533028316	0.493602784892
1245	0.370533028316	0.493602784892
1246	0.370533028316	0.493602784892
1247	0.370533028316	0.493602784892
1248	0.370533028316	0.493602784892
1249	0.370533028316	0.493602784892
1250	0.370533028316	0.493602784892
1251	0.370533028316	0.493602784892
1252	0.370533028316	0.493602784892
1253	0.370533028316	0.493602784892
1254	0.370746096791	0.493491329262
1255	0.371940518819	0.492873276077
1256	0.373443492731	0.492111881147
1257	0.374946466644	0.491368749801
1258	0.376449440556	0.490643965025
1259	0.377952414469	0.489937608241
1260	0.379455388381	0.489249759267
1261	0.380958362293	0.488580496271
1262	0.38228107447	0.48775330581
1263	0.382764497325	0.486129414547
1264	0.383050269832	0.484346292318
1265	0.383336042339	0.482597956853
1266	0.383621814846	0.48088478757
1267	0.383907587353	0.479207161627
1268	0.38419335986	0.477565453603
1269	0.384479132367	0.475960035168
1270	0.384764904874	0.474391274751
1271	0.385050677381	0.472859537204
1272	0.385336449888	0.471365183452
1273	0.385622222395	0.469908570147
1274	0.385694926428	0.468543103915
1275	0.384786276906	0.467445885218
1276	0.383569075501	0.466437024194
1277	0.382351874096	0.465439897476
1278	0.381134672691	0.464454580642
1279	0.379917471285	0.46348114901
1280	0.37870026988	0.462519677624
1281	0.377483068475	0.461570241224
1282	0.376446128805	0.460770961127
1283	0.376308007982	0.460606016759
1284	0.376543768473	0.460552490253
1285	0.376907723985	0.460470848813
1286	0.37755606631	0.460328393669
1287	0.37832700409	0.460163972439
1288	0.379152166783	0.459993975968
1289	0.379977329477	0.459830179237
1290	0.38080249217	0.459672588874
1291	0.381627654863	0.459521211264
1292	0.382452817557	0.459376052549
1293	0.38327798025	0.459237118625
1294	0.384103142943	0.459104415145
1295	0.384928305637	0.458977947512
1296	0.38575346833	0.458857720883
1297	0.386578631023	0.458743740164
1298	0.387403793716	0.458636010011
1299	0.38822895641	0.458534534832
1300	0.389054119103	0.458439318778
1301	0.389879281796	0.458350365752
1302	0.39070444449	0.4582676794
1303	0.391470077659	0.458196566074
1304	0.392059479861	0.458145500243
1305	0.392520687042	0.458107773974
1306	0.392697507411	0.458093830211
1307	0.392751732324	0.458089611872
1308	0.392751732324	0.458089611872
1309	0.392751732324	0.458089611872
1310	0.392751732324	0.458089611872
1311	0.392751732324	0.458089611872
1312	0.392751732324	0.458089611872
1313	0.392751732324	0.458089611872
1314	0.392751732324	0.458089611872
1315	0.392751732324	0.458089611872
1316	0.392751732324	0.458089611872
1317	0.392751732324	0.458089611872
1318	0.392751732324	0.458089611872
1319	0.392751732324	0.458089611872
1320	0.392751732324	0.458089611872
1321	0.3926030601	0.457981111371
1322	0.392266591565	0.457736242553
1323	0.392904173208	0.458201055106
1324	0.393541754851	0.458669272585
1325	0.394179336494	0.459140884572
1326	0.394816918137	0.459615880619
1327	0.39545449978	0.460094250244
1328	0.396092081423	0.460575982936
1329	0.396729663066	0.461061068153
1330	0.397367244709	0.461549495324
1331	0.398004826351	0.462041253852
1332	0.398642407994	0.46253633311
1333	0.399279989637	0.463034722447
1334	0.39991757128	0.463536411187
1335	0.400555152923	0.464041388628
1336	0.401192734566	0.464549644045
1337	0.401830316209	0.465061166691
1338	0.402467897852	0.465575945797
1339	0.403105479495	0.466093970573
1340	0.403743061138	0.466615230209
1341	0.404529315005	0.467262476132
1342	0.405503365183	0.468071085265
1343	0.405503365183	0.468071085265
1344	0.405503365183	0.468071085265
1345	0.405503365183	0.468071085265
1346	0.405503365183	0.468071085265
1347	0.405503365183	0.468071085265
1348	0.405503365183	0.468071085265
1349	0.405503365183	0.468071085265
1350	0.405503365183	0.468071085265
1351	0.405503365183	0.468071085265
1352	0.405503365183	0.468071085265
1353	0.405503365183	0.468071085265
1354	0.405503365183	0.468071085265
1355	0.405821181058	0.467544840173
1356	0.407501138641	0.464773361064
1357	0.410905979155	0.45921005003
1358	0.414727728332	0.453054046794
1359	0.419520382584	0.445472185121
1360	0.424372338585	0.437960593503
1361	0.429224294587	0.430622698491
1362	0.434076250588	0.423467529685
1363	0.438928206589	0.416504504403
1364	0.440687408769	0.414029236606
1365	0.442642077857	0.411310653282
1366	0.444826708014	0.408312535443
1367	0.447284416941	0.404991634374
1368	0.450069820392	0.401296145219
1369	0.453253138621	0.397163951363
1370	0.456926198116	0.39252079442
1371	0.461211434194	0.387278853347
1372	0.466275804104	0.381337036875
