Time	Mean	Std
0	0.0220740021869	0.0453206447587
1	0.023946079201	0.0501536691724
2	0.0259228100461	0.0541813892026
3	0.0275954284535	0.0575895715789
4	0.0290291013741	0.0605109382334
5	0.0302716179053	0.0630428326333
6	0.0313588198701	0.0652582693394
7	0.0323181157214	0.0672130867432
8	0.0331708231448	0.0689507168286
9	0.033933771892	0.070505449276
10	0.0346204257645	0.0719047166247
11	0.0370291060709	0.0768131944611
12	0.0394377863772	0.0817217458392
13	0.0418464666836	0.0866303582583
14	0.0442551469899	0.0915390218987
15	0.0466638272963	0.0964477289398
16	0.0476668493421	0.0984918227461
17	0.0481402598929	0.099456604828
18	0.0495316453087	0.102292171595
19	0.0510184857551	0.105322281877
20	0.052255494864	0.108509589167
21	0.0526844796856	0.112237013303
22	0.0531071300473	0.116016697687
23	0.0527073132941	0.120489968354
24	0.0513563132361	0.125947736288
25	0.0479255810162	0.133860188273
26	0.0442688350779	0.14277428239
27	0.0406987445499	0.152226311942
28	0.037290816193	0.161962310041
29	0.034169965881	0.171656462181
30	0.0312226802778	0.181364540852
31	0.0284727764425	0.190970615329
32	0.0260575854636	0.200177187657
33	0.0236423944847	0.20950634255
34	0.0212272035058	0.218942410808
35	0.018812012527	0.228472146011
36	0.0163968215481	0.238084300883
37	0.0135082200184	0.246998875303
38	0.00970164362378	0.254528017715
39	0.00579961219849	0.262026896171
40	0.0021474121107	0.269149613014
41	-0.000696763689742	0.274760967323
42	-0.00353460503037	0.280412410803
43	-0.00554997925606	0.284456125754
44	-0.00661417017687	0.286601048389
45	-0.00559862893588	0.28455403727
46	-0.00429522142685	0.282152657544
47	-0.00129812726916	0.28263529614
48	0.00251087266269	0.284860461376
49	0.00647149011544	0.287802987662
50	0.0102644874331	0.291143679437
51	0.0139360616877	0.294917408184
52	0.0179390464786	0.299385272223
53	0.0211695658732	0.303865856836
54	0.0243644177464	0.308378195908
55	0.0275592696197	0.31292187901
56	0.030754121493	0.317495560451
57	0.0339489733662	0.322097962334
58	0.0371438252395	0.326727870964
59	0.0401639726478	0.331384008525
60	0.041840975648	0.336083074391
61	0.0434506067484	0.3408412963
62	0.0450602378489	0.345656242221
63	0.0490604919626	0.346816361018
64	0.056248113951	0.346592006431
65	0.065709110398	0.346171622191
66	0.0752154492752	0.345899467163
67	0.083867797968	0.34125511001
68	0.0916317206423	0.335233474847
69	0.0989569477509	0.329615191717
70	0.106276230286	0.324403297226
71	0.113519554116	0.319647965334
72	0.120096754553	0.315661169285
73	0.127446420386	0.311805378328
74	0.134831753741	0.308406068405
75	0.142217087096	0.30549614788
76	0.149602420451	0.303089712751
77	0.156987753806	0.301198831086
78	0.164373087161	0.29983325697
79	0.171933124981	0.298855914247
80	0.181004755075	0.297133138818
81	0.191081814254	0.295148061535
82	0.201672597434	0.293184921815
83	0.209872757601	0.293084258243
84	0.214885549894	0.29236018296
85	0.217624967728	0.290581140219
86	0.220504415618	0.288663467074
87	0.223155328401	0.287099185939
88	0.225753283169	0.285683157397
89	0.228357182505	0.284365533396
90	0.231692595384	0.282373453103
91	0.235709322859	0.279745212123
92	0.23972737135	0.277203243498
93	0.243745419841	0.274751386345
94	0.247763468332	0.272392074012
95	0.251781516823	0.270127731386
96	0.255799565314	0.267960766038
97	0.259817613805	0.26589355878
98	0.263835662296	0.263928453673
99	0.267853710787	0.262067747556
100	0.271703311411	0.260325659865
101	0.274614854851	0.258719201805
102	0.27701267429	0.257171234961
103	0.279410493728	0.255647251079
104	0.281808313166	0.254147681597
105	0.284206132604	0.252672961202
106	0.286356727006	0.251221504037
107	0.287821920182	0.249770464849
108	0.289448517666	0.248102248465
109	0.291431125897	0.246157141476
110	0.294366851011	0.245424657112
111	0.297203459203	0.244853404511
112	0.300501669688	0.243841729507
113	0.303260852105	0.241795265311
114	0.304250100098	0.236897002121
115	0.305170358706	0.231995023115
116	0.306090617314	0.227212024232
117	0.307010875922	0.222555676698
118	0.307931134531	0.218034094983
119	0.308851393139	0.213655835373
120	0.309771651747	0.209429886769
121	0.310691910356	0.205365652008
122	0.311612168964	0.201472917899
123	0.312532427572	0.197761812133
124	0.31345268618	0.194242745293
125	0.314372944789	0.190926336394
126	0.315293203397	0.187823320779
127	0.316209706304	0.184945371983
128	0.319332574947	0.18187448288
129	0.322841028604	0.179015048468
130	0.324664851834	0.175417448175
131	0.325906477391	0.17226153116
132	0.326685179638	0.169614362779
133	0.328002909953	0.16821024115
134	0.331090574693	0.16925550538
135	0.333523641677	0.171874397358
136	0.337468318212	0.177540857293
137	0.342029736107	0.184070068941
138	0.346789967068	0.190423802812
139	0.352645321601	0.195109975397
140	0.35889103737	0.1993175084
141	0.365136753139	0.203687002132
142	0.371382468908	0.208208260035
143	0.377628184677	0.212871612206
144	0.383873900447	0.217667926087
145	0.390119616216	0.222588606711
146	0.396365331985	0.227625588752
147	0.402602387914	0.232762870427
148	0.40511766487	0.234379312541
149	0.405105942326	0.233864597711
150	0.404193711429	0.234183399268
151	0.402030493745	0.235564675105
152	0.397719522242	0.237593685547
153	0.390942332404	0.240211088864
154	0.383911105383	0.243460028747
155	0.377603465502	0.246416947099
156	0.369784216069	0.246325219866
157	0.361348225278	0.245672307025
158	0.35271342142	0.245689076249
159	0.34298349399	0.247243565769
160	0.332863205324	0.249484634147
161	0.322742916658	0.251991366208
162	0.312622627991	0.25475591989
163	0.302502339325	0.257770000002
164	0.292382050659	0.261024962773
165	0.282247891294	0.264522093199
166	0.271557252489	0.268625992219
167	0.260776454313	0.272956046022
168	0.251316981155	0.277586456052
169	0.243636967169	0.282564625764
170	0.236857461536	0.286887569217
171	0.23132894269	0.290261060113
172	0.227948177662	0.292344124627
173	0.227033630971	0.292881281103
174	0.226373121462	0.293260456171
175	0.225077391896	0.294171482291
176	0.222629802921	0.296071459087
177	0.219723598537	0.298426123013
178	0.216605316112	0.301049762008
179	0.213487033687	0.30375763444
180	0.209964278847	0.306773828885
181	0.204107291519	0.311165138293
182	0.197760324377	0.315898707604
183	0.191413357235	0.320697525661
184	0.185066390093	0.325558707127
185	0.178733293649	0.330473014719
186	0.172956676647	0.335194982227
187	0.167270219014	0.339953798732
188	0.161583761381	0.344788378756
189	0.155897303748	0.349695579996
190	0.150210846115	0.354672388131
191	0.144524388482	0.359715914058
192	0.138837930849	0.364823390754
193	0.133151473216	0.369992169845
194	0.127465015583	0.375219717955
195	0.122413778006	0.379729117484
196	0.118514399839	0.382885155524
197	0.115073637081	0.385540915278
198	0.112519582509	0.388326426215
199	0.111358087251	0.391884744834
200	0.110601064408	0.395240211689
201	0.111916052127	0.396838708852
202	0.11335575814	0.398180184097
203	0.113879369651	0.400331327646
204	0.113596197427	0.403238721736
205	0.113998270635	0.406674260247
206	0.115430027641	0.410944897941
207	0.11747300295	0.415856789141
208	0.119520727202	0.420999433468
209	0.121568451455	0.426361233466
210	0.123616175708	0.431934027765
211	0.125663899961	0.437709757485
212	0.127711624214	0.443680497396
213	0.129759348467	0.449838482412
214	0.13180707272	0.456176129653
215	0.133854796972	0.462686056401
216	0.135763352947	0.469170216285
217	0.13669951514	0.4745142044
218	0.135849188497	0.477815371889
219	0.132550646323	0.478291511954
220	0.1289925016	0.478637761731
221	0.125696578803	0.47909872826
222	0.122765917525	0.47963935821
223	0.120751350752	0.479492367146
224	0.119543567711	0.478718485944
225	0.117866671468	0.476951133001
226	0.115780313546	0.474064844376
227	0.11456366073	0.470211040114
228	0.114316531999	0.465564022623
229	0.114383652464	0.46099808593
230	0.115309274343	0.457359584936
231	0.116383282702	0.453924262668
232	0.117242625804	0.450617574277
233	0.117689150718	0.447508475332
234	0.118259500879	0.444329353147
235	0.119939666883	0.440031356557
236	0.123085600395	0.43450067994
237	0.12857848452	0.428564085399
238	0.137367841636	0.423098696258
239	0.149646815481	0.418408237328
240	0.164433727349	0.413800535573
241	0.180643126567	0.408423950888
242	0.197799843239	0.402691677127
243	0.214995233196	0.397532111753
244	0.232190623152	0.393005986941
245	0.24916988088	0.389345707073
246	0.265528916489	0.386093845961
247	0.28040702869	0.383818328276
248	0.29431086786	0.38327828003
249	0.307900457835	0.383532493923
250	0.320631546397	0.38348331396
251	0.333214248478	0.384025438162
252	0.346011615815	0.385145797638
253	0.359221801341	0.386628820339
254	0.372308161621	0.388858821934
255	0.384284706056	0.391879786955
256	0.394934651262	0.395484918786
257	0.404210039637	0.399381457556
258	0.411300813712	0.402326637367
259	0.415957627275	0.403861507421
260	0.41657400767	0.404024292155
261	0.413728152296	0.403878055093
262	0.409293145569	0.403766744835
263	0.402842517131	0.403858536028
264	0.396385147462	0.404251327392
265	0.389927777793	0.4049443042
266	0.383470408125	0.405935929108
267	0.377013038456	0.40722402042
268	0.370555668787	0.408805775771
269	0.364098299119	0.41067780197
270	0.35764092945	0.412836150292
271	0.351183559781	0.415276356389
272	0.344726190112	0.417993483913
273	0.338061751053	0.421157824678
274	0.33027411645	0.425518882047
275	0.322462703443	0.430120915053
276	0.314651290436	0.434936730677
277	0.3060494931	0.440710931111
278	0.293208539713	0.442812461959
279	0.278913560872	0.443932873115
280	0.266105358679	0.444336447393
281	0.253322986503	0.445459645798
282	0.23887945361	0.448037261238
283	0.224425986904	0.450841068474
284	0.209928525009	0.45389027683
285	0.195431063114	0.457150568531
286	0.177238506509	0.456133934952
287	0.148543507091	0.44383824919
288	0.119356066257	0.433413117235
289	0.0901686254222	0.425632475806
290	0.0609811845878	0.420643096046
291	0.0317937437533	0.418544811892
292	0.00259804656636	0.419384132617
293	-0.0271224246873	0.423310017671
294	-0.05630061808	0.429871581758
295	-0.0854550330684	0.439141891946
296	-0.114609448057	0.450961220746
297	-0.142973478716	0.464301078254
298	-0.166611859282	0.476774493601
299	-0.181133933221	0.484789193293
300	-0.187794268357	0.488242484843
301	-0.192058269969	0.489612596861
302	-0.194019276964	0.489879871985
303	-0.193993401719	0.489301082572
304	-0.193916790055	0.488734398672
305	-0.193840178392	0.488202788317
306	-0.190068472019	0.486084301685
307	-0.175794322832	0.480693725818
308	-0.161027732228	0.477380710891
309	-0.146261141625	0.476402726439
310	-0.131494551022	0.477774111817
311	-0.116727960419	0.481474792303
312	-0.101953113463	0.487448714495
313	-0.0864464230495	0.495327028406
314	-0.0703588149539	0.505009231266
315	-0.0527264058854	0.515572924844
316	-0.0309229629736	0.525183208888
317	-0.00908758804999	0.536487349411
318	0.0122612928311	0.548882777559
319	0.0267829020914	0.555013274672
320	0.0380135509105	0.555248641582
321	0.0592411520023	0.549522635004
322	0.0837272018032	0.542181015446
323	0.109807458919	0.535892358685
324	0.130444872285	0.530992174961
325	0.151336202727	0.525658563372
326	0.173797012951	0.519984969645
327	0.201817957003	0.513008171054
328	0.230951633519	0.506044342621
329	0.26008911071	0.499868748831
330	0.289226587902	0.494516856813
331	0.317837186627	0.489982108683
332	0.341970912435	0.485731042859
333	0.363409218558	0.481449497558
334	0.384847524681	0.477330736264
335	0.40474102983	0.473111989937
336	0.420463501137	0.468284006619
337	0.436154040432	0.46353167001
338	0.451844579726	0.458862869385
339	0.466700109469	0.453272448438
340	0.477223800821	0.444379097166
341	0.47646388839	0.436900546229
342	0.472062101809	0.433464657437
343	0.466066107914	0.431477465525
344	0.465512957768	0.431468681189
345	0.464705890547	0.432003885435
346	0.462329343543	0.43273669363
347	0.454392662712	0.434438310154
348	0.445343249416	0.437045713161
349	0.436290035445	0.440012481802
350	0.427236821474	0.443326749766
351	0.418710485969	0.446809776496
352	0.414661023381	0.449010234031
353	0.413306980479	0.450327386392
354	0.411952937577	0.451654368455
355	0.410598894674	0.452991093834
356	0.409244851772	0.454337476531
357	0.40789080887	0.455693430946
358	0.406536765967	0.45705887189
359	0.405182723065	0.458433714596
360	0.403895061237	0.45974980126
361	0.403511635796	0.46014330814
362	0.403511635796	0.46014330814
363	0.403511635796	0.46014330814
364	0.403511635796	0.46014330814
365	0.403511635796	0.46014330814
366	0.40331748777	0.459911820678
367	0.401943365738	0.458281145492
368	0.399183946856	0.455047877375
369	0.396390447313	0.45183190999
370	0.39359694777	0.448674760776
371	0.390803448227	0.445577680007
372	0.388009948684	0.44254192883
373	0.385216449141	0.439568777912
374	0.382422949598	0.436659505964
375	0.379629450055	0.43381539815
376	0.376835950512	0.431037744386
377	0.374042450969	0.428327837513
378	0.371248951426	0.425686971356
379	0.368455451884	0.423116438662
380	0.365661952341	0.420617528926
381	0.361330127769	0.419787978719
382	0.356191821932	0.419891261203
383	0.351544915602	0.419985127656
384	0.348208997002	0.419924842498
385	0.345776400487	0.41986963759
386	0.343564207208	0.420157076187
387	0.342531987935	0.421452567123
388	0.342885065513	0.423830469591
389	0.343272223751	0.426336525229
390	0.343659381988	0.428945296118
391	0.344046540226	0.431654919938
392	0.344433698464	0.434463509721
393	0.344820856702	0.437369158925
394	0.34520801494	0.440369946301
395	0.345595173178	0.44346394054
396	0.345982331416	0.446649204679
397	0.346369489654	0.449923800269
398	0.346756647891	0.453285791288
399	0.347143806129	0.456733247801
400	0.347530964367	0.460264249357
401	0.349456447633	0.461830327684
402	0.352297637954	0.462443292606
403	0.35672132343	0.464283737585
404	0.359382312084	0.465593501602
405	0.360979911075	0.466626362495
406	0.362789540767	0.467837223276
407	0.365797881223	0.46934910663
408	0.371243875496	0.470107808622
409	0.37720777574	0.470537205072
410	0.384206445041	0.469946609831
411	0.393054093535	0.467292881896
412	0.402582076068	0.463879684968
413	0.412110719109	0.460620839725
414	0.420867797575	0.456836197313
415	0.423054232387	0.44610640683
416	0.431268216041	0.4367648156
417	0.441533448602	0.42764064825
418	0.450880103128	0.418473406697
419	0.46000256124	0.408703121146
420	0.470238093266	0.397338943266
421	0.47996668956	0.385622744688
422	0.491882328887	0.37395221391
423	0.501900409405	0.360771626115
424	0.510496142831	0.348018191165
425	0.518739257327	0.335537063777
426	0.526744085912	0.323097209941
427	0.533547010532	0.31056572819
428	0.537012152602	0.298718894673
429	0.539017748777	0.287660427601
430	0.539988575893	0.278105395102
431	0.538687269192	0.270260756097
432	0.524875140148	0.243355764448
433	0.511347229069	0.216978657324
434	0.503838833808	0.199694351563
435	0.502901379579	0.186071089745
436	0.495966708013	0.17338271515
437	0.487185079148	0.161855603182
438	0.480981638317	0.15308883105
439	0.475338419495	0.145511634908
440	0.468582126759	0.139770153206
441	0.462332769755	0.134408751084
442	0.45378714393	0.130610059754
443	0.445065182251	0.127592502565
444	0.438604009147	0.123812440647
445	0.441457969569	0.117061317357
446	0.447336229062	0.114217181069
447	0.453406510382	0.112450858311
448	0.459991182924	0.112184651552
449	0.468816426218	0.115507822673
450	0.478704037525	0.121515235357
451	0.489014803457	0.128939420287
452	0.511156057693	0.144759659937
453	0.533012433456	0.162389430447
454	0.549620857975	0.176015301941
455	0.566228985117	0.189990443903
456	0.579652959243	0.202298979536
457	0.575801416284	0.206411596564
458	0.590505021099	0.21796111469
459	0.598820027795	0.226842611705
460	0.588917922082	0.232031030285
461	0.586161017929	0.241249531164
462	0.587053923414	0.251691647942
463	0.589095708223	0.263562160692
464	0.59059290565	0.275855788336
465	0.58245201287	0.288147866449
466	0.57128682102	0.297143546739
467	0.559932800544	0.306801766003
468	0.548964517578	0.31693604627
469	0.542126815668	0.323805234957
470	0.538199446738	0.328211515268
471	0.534272077808	0.332824667822
472	0.530344708878	0.337636213186
473	0.526417339948	0.342637793574
474	0.522489971018	0.347821211119
475	0.518562602088	0.35317845972
476	0.517789054668	0.357882271635
477	0.532104462431	0.360696585474
478	0.512826650138	0.368893680848
479	0.498960640583	0.377013047957
480	0.503311743439	0.379272841387
481	0.500634019364	0.383023080683
482	0.49680108824	0.386836680663
483	0.492279099257	0.389160654038
484	0.493527893775	0.389807726837
485	0.498012197753	0.388271752523
486	0.50254471883	0.386768223844
487	0.507077239908	0.385328334324
488	0.511609760985	0.383952799935
489	0.51071277018	0.383368304301
490	0.505843078382	0.383625139636
491	0.500973386584	0.384256921876
492	0.496103694786	0.385261806425
493	0.491234002988	0.386636884171
494	0.48636431119	0.388378223055
495	0.481494619392	0.390480923116
496	0.476624927595	0.392939183236
497	0.473737506092	0.394663575506
498	0.484228546873	0.389505531242
499	0.495360357437	0.384578711296
500	0.507399379495	0.379872139261
501	0.527043975035	0.373024806787
502	0.548884539265	0.366804522077
503	0.566733669502	0.366015344804
504	0.572448382425	0.368980145804
505	0.575241113255	0.372799099869
506	0.577300237932	0.378365077403
507	0.578828534542	0.385389013918
508	0.580356831153	0.392770147923
509	0.586206242381	0.399889941761
510	0.594227387268	0.407289441287
511	0.602248532155	0.415289972552
512	0.610269677043	0.42385750256
513	0.61829082193	0.432958372719
514	0.625789834038	0.442420117587
515	0.630752161468	0.451609826645
516	0.63345092582	0.460526933754
517	0.634366577041	0.469362252734
518	0.629012548824	0.476908988677
519	0.631485419372	0.486314533319
520	0.633051078426	0.496139144234
521	0.626894789368	0.504503766399
522	0.616047929033	0.511472969776
523	0.608732681224	0.515115882072
524	0.605470220487	0.51918822512
525	0.59742844738	0.521433864737
526	0.590072063326	0.522271080052
527	0.583246507339	0.52207494469
528	0.576420951352	0.522065186839
529	0.565274280748	0.520418192749
530	0.551955876484	0.51821673686
531	0.53863747222	0.516417085548
532	0.525328315071	0.515021442139
533	0.512711370516	0.513868641
534	0.500905861334	0.512888718181
535	0.491637036829	0.511603881761
536	0.484631775402	0.510091328929
537	0.479409627106	0.509059967489
538	0.480457158249	0.50885204574
539	0.473677790626	0.507972360783
540	0.466898423003	0.507468726581
541	0.460119055381	0.507342263042
542	0.453339687758	0.507593252075
543	0.446560320136	0.508221134457
544	0.442249654246	0.508831551494
545	0.443251645188	0.508728974386
546	0.444873524002	0.50857698359
547	0.446656897235	0.508429919111
548	0.448440270469	0.508303884037
549	0.450223643702	0.508198894015
550	0.452007016935	0.508114962091
551	0.453790390168	0.5080520987
552	0.455564516286	0.508010473969
553	0.45664642981	0.507995330833
554	0.457439040741	0.507989161641
555	0.458231651672	0.507987157269
556	0.459024262604	0.507989317764
557	0.459816873535	0.507995643076
558	0.460609484466	0.508006133047
559	0.461402095398	0.508020787419
560	0.462194706329	0.508039605834
561	0.462287545534	0.507426955407
562	0.460251737706	0.504928973422
563	0.457748018752	0.502105812517
564	0.459253899655	0.49873850757
565	0.464509081986	0.495183326322
566	0.469590218973	0.492448505308
567	0.478302037398	0.492934056634
568	0.48722001607	0.493907238066
569	0.494848795095	0.494287231482
570	0.502339575341	0.494931259497
571	0.509830355588	0.495938650686
572	0.517321135835	0.49730719687
573	0.524811916081	0.499033926772
574	0.532302696328	0.501115137745
575	0.539793476575	0.503546434484
576	0.547284256821	0.506322773814
577	0.554775037068	0.509438514524
578	0.562265817315	0.512887471162
579	0.567771134077	0.515630282108
580	0.560648964773	0.512077132932
581	0.553587435422	0.508794521068
582	0.552778198855	0.502022904368
583	0.556432786504	0.496117990731
584	0.558979303885	0.490092365685
585	0.557017622676	0.482535378103
586	0.554775001567	0.474527020338
587	0.548825846758	0.463988697842
588	0.542670531702	0.453539787875
589	0.537804416294	0.444225538228
590	0.533076299664	0.435279118575
591	0.523482053193	0.420990624267
592	0.50753662105	0.399774917758
593	0.494256103531	0.381987019717
594	0.480885640126	0.365639110943
595	0.467329722562	0.35092448815
596	0.453387738089	0.336696884838
597	0.439445753616	0.322940656976
598	0.425561161109	0.309772593829
599	0.414225677598	0.297667352473
600	0.416162000412	0.285459926593
601	0.419492016725	0.274520474437
602	0.419692898449	0.268414384922
603	0.416772032463	0.262172238538
604	0.412170763612	0.255193140018
605	0.409580493876	0.249206138916
606	0.411468869942	0.246332028778
607	0.414447412589	0.245201371872
608	0.417425955236	0.245192365419
609	0.420392278481	0.24631781614
610	0.422461300053	0.24952796107
611	0.429245012677	0.253991334344
612	0.443119606816	0.258913804647
613	0.455582583724	0.263246724986
614	0.47019269048	0.265417080768
615	0.485785673746	0.265304628926
616	0.501766044936	0.265025647722
617	0.517746416127	0.265108652618
618	0.533669395352	0.265535073826
619	0.549028729064	0.266136541513
620	0.563743742519	0.267484625983
621	0.577704194247	0.269629537845
622	0.591206884017	0.27289399965
623	0.604517867742	0.27718717902
624	0.616607724743	0.281558366192
625	0.627434251151	0.285441645416
626	0.633617229129	0.284524552493
627	0.638624398368	0.282345132646
628	0.643631567607	0.280230606529
629	0.648650956247	0.278164884887
630	0.654567646561	0.27488133489
631	0.660651297607	0.271361813863
632	0.666793807944	0.267527577311
633	0.672289037533	0.264379761153
634	0.67572708316	0.262424290753
635	0.678367706437	0.261358834856
636	0.681007008697	0.260328216147
637	0.683646310958	0.259331016387
638	0.686329921054	0.258402232985
639	0.690092141025	0.258139158618
640	0.694535569081	0.257314949627
641	0.700004674232	0.255552191345
642	0.705626727034	0.252741549358
643	0.710566320501	0.249409318999
644	0.715505913968	0.246155299086
645	0.720445507435	0.242982631817
646	0.725385100902	0.239894544946
647	0.730324694369	0.236894346191
648	0.735264287836	0.233985416324
649	0.740203881303	0.231171200803
650	0.74514347477	0.228455199856
651	0.750067546294	0.22586364652
652	0.754193062684	0.224556126026
653	0.757712562428	0.224284620176
654	0.761232062173	0.224164797677
655	0.764751561917	0.224196901731
656	0.767677395386	0.224567411026
657	0.767630337257	0.225964687441
658	0.766544713084	0.227756373557
659	0.764171188258	0.228820910233
660	0.760362907398	0.230760953263
661	0.755528949442	0.233712161078
662	0.750005294633	0.237728903033
663	0.744481639823	0.242400100608
664	0.738957985013	0.247688729149
665	0.733434330204	0.253556156809
666	0.727910675394	0.259963195663
667	0.722387020585	0.266870983583
668	0.716863872532	0.274240987225
669	0.711740048826	0.281460293656
670	0.706647137283	0.288972603834
671	0.701832182088	0.296360414674
672	0.699306158035	0.30222114693
673	0.697053011885	0.308469212215
674	0.694801639384	0.314847131458
675	0.692550266883	0.321349840935
676	0.690892560658	0.326966572632
677	0.69220774603	0.327650794503
678	0.694517189611	0.326760482425
679	0.69703592397	0.325636646962
680	0.700308206279	0.323421635545
681	0.703580488587	0.321369230337
682	0.706852770896	0.319482565175
683	0.710125053204	0.31776459222
684	0.710391465773	0.313823287324
685	0.693836787551	0.298571252276
686	0.695720735513	0.29673352177
687	0.696286954543	0.294376726234
688	0.689992244383	0.288908376772
689	0.682575481212	0.284935737375
690	0.675127805876	0.282428614759
691	0.667134998223	0.282022926675
692	0.656393875287	0.283506090091
693	0.645379874448	0.284690304259
694	0.63436409996	0.286915340847
695	0.623348325472	0.290155461829
696	0.612332550984	0.294377150926
697	0.601316776495	0.29953890847
698	0.590725709347	0.305151710718
699	0.58290452452	0.30919589934
700	0.578661945888	0.31126627179
701	0.574427984585	0.314002020209
702	0.567474763905	0.319218309153
703	0.559089193794	0.326117463513
704	0.553709493423	0.330995536727
705	0.565150883843	0.321972526816
706	0.558153648079	0.328878812456
707	0.552474141247	0.335213534364
708	0.553655056848	0.336249694259
709	0.555558701114	0.337251947915
710	0.557759668149	0.338606510416
711	0.560423660827	0.340313449291
712	0.560908386633	0.344267803322
713	0.555292506553	0.336868877502
714	0.54065501956	0.322951986262
715	0.526196706634	0.314102491021
716	0.51317427085	0.310296724462
717	0.50009790561	0.312602340258
718	0.48659683303	0.320768770647
719	0.47024133308	0.333865105027
720	0.448423126178	0.350302777053
721	0.425427531618	0.36957076567
722	0.405151196434	0.387613450714
723	0.389942112307	0.402395536347
724	0.383723906725	0.408071387782
725	0.377618279183	0.413961669541
726	0.371512651641	0.420180249301
727	0.365407024099	0.426712774227
728	0.359301396556	0.433545053258
729	0.353195769014	0.440663143969
730	0.346874109496	0.447821802021
731	0.341459473718	0.453584297477
732	0.339963749439	0.458870386656
733	0.344813900072	0.450269671861
734	0.358685657618	0.4303803862
735	0.372378241097	0.412417741592
736	0.384634947434	0.396073411867
737	0.396945583226	0.382343488944
738	0.409256219019	0.371489885891
739	0.421651399862	0.363742374281
740	0.43593068146	0.358573331089
741	0.451378733389	0.3560955692
742	0.466826785317	0.356762954353
743	0.478639935619	0.359387571166
744	0.481462207377	0.360281701372
745	0.484171901095	0.361235754986
746	0.486881594813	0.362282703517
747	0.48959128853	0.363421744127
748	0.492300982248	0.36465201383
749	0.495010675966	0.365972592589
750	0.49763907889	0.367338918973
751	0.499164608402	0.368170121136
752	0.499409877429	0.368306359015
753	0.499408226158	0.368307264069
754	0.498334568453	0.368900530809
755	0.495673047387	0.370412293775
756	0.492997985902	0.371990182139
757	0.490322924418	0.373625912117
758	0.487647862933	0.375318727445
759	0.484972801449	0.377067859284
760	0.482297739964	0.37887252765
761	0.47962267848	0.380731942814
762	0.476947616995	0.382645306673
763	0.474272555511	0.384611814076
764	0.471597494026	0.386630654118
765	0.468922432542	0.388701011382
766	0.466247371057	0.390822067139
767	0.463572309573	0.392993000505
768	0.461855918596	0.395467808975
769	0.460070696429	0.397985376211
770	0.454237910254	0.399449685012
771	0.448448055047	0.40101867672
772	0.444635148086	0.403135397089
773	0.443585837736	0.406203951945
774	0.443672428395	0.409553925412
775	0.444486915207	0.412814272539
776	0.445215472416	0.416503348854
777	0.446314905778	0.419955570275
778	0.447397496181	0.423525136452
779	0.447598171932	0.427792586851
780	0.443422452581	0.428073646811
781	0.438056540525	0.427107133454
782	0.432690628469	0.426469451472
783	0.427324716413	0.426162076994
784	0.421958804356	0.426185724696
785	0.4165928923	0.426540339521
786	0.409847870455	0.42640141204
787	0.401501633774	0.42553338987
788	0.392196726585	0.424262714803
789	0.382960650587	0.423205254298
790	0.37732225183	0.424636627954
791	0.367377994065	0.423487416422
792	0.354528274902	0.420604549583
793	0.338916610397	0.415872064975
794	0.32292962148	0.410061923727
795	0.307486546383	0.403282008071
796	0.292142941306	0.396365742364
797	0.276428460077	0.390152610922
798	0.260730821807	0.384367547867
799	0.245915098188	0.378483521357
800	0.236511320523	0.376512402862
801	0.22988807537	0.378167113101
802	0.223264830217	0.380570613482
803	0.216641585064	0.383708833302
804	0.210018339912	0.38756392525
805	0.203395094759	0.392114746022
806	0.198150959395	0.397178949316
807	0.194508038867	0.402465652569
808	0.190865118338	0.408056036615
809	0.187623477322	0.413842543719
810	0.189473223509	0.418571773493
811	0.200515495646	0.421400208298
812	0.212519277348	0.42466399271
813	0.22452305905	0.42858081311
814	0.236838270592	0.432897131626
815	0.249469535521	0.437572963175
816	0.26210080045	0.442822777854
817	0.274732065379	0.448626425909
818	0.287363330308	0.454962713215
819	0.299994595237	0.461809715966
820	0.311590309316	0.467561961908
821	0.321595683587	0.471441578271
822	0.331601057858	0.475903702056
823	0.341606432129	0.480932119897
824	0.352739625104	0.485538079842
825	0.366972256222	0.488037710763
826	0.38120488734	0.491107281176
827	0.395779194217	0.494828694957
828	0.411233412815	0.499300104636
829	0.426373183268	0.503944698422
830	0.436871453285	0.505121374815
831	0.44243622259	0.502335428098
832	0.439338538062	0.492703481461
833	0.445452183816	0.490582562151
834	0.440198021863	0.480040188483
835	0.423452226997	0.463077841538
836	0.406706432132	0.44927882193
837	0.389960637266	0.438941567972
838	0.378684506714	0.432944489742
839	0.383045381497	0.430764754681
840	0.387968298504	0.429218468621
841	0.393074989062	0.428128698854
842	0.393824375579	0.427186222701
843	0.391144700332	0.427133690095
844	0.388219315989	0.428448870453
845	0.382307110151	0.431323517323
846	0.380376475384	0.43406107654
847	0.385831009865	0.434742416896
848	0.390405632625	0.434872284362
849	0.394145604183	0.433917974595
850	0.397515995943	0.432506086301
851	0.40127206456	0.431176311771
852	0.414635473764	0.427989609522
853	0.418881014596	0.427073885321
854	0.434494363136	0.424381270403
855	0.461195712123	0.423356164459
856	0.487768598114	0.426298722487
857	0.514341484106	0.432861821472
858	0.535444705783	0.440608913439
859	0.540910922127	0.442949848708
860	0.545815096245	0.445181518526
861	0.550535496813	0.447485542699
862	0.559613201423	0.452283908163
863	0.571833967744	0.459641443846
864	0.582699040078	0.467671346318
865	0.593451495763	0.476467023638
866	0.600222380377	0.482856133047
867	0.599266419985	0.483397153166
868	0.598310459593	0.483958080044
869	0.598102319035	0.485009537413
870	0.598263758275	0.486300997112
871	0.598209639819	0.487175153068
872	0.599101350815	0.484882772392
873	0.602059657926	0.479778988936
874	0.605510124485	0.473657547229
875	0.608809319002	0.466811273072
876	0.611166292143	0.459580302804
877	0.613523265284	0.452372371611
878	0.610468111756	0.440878291314
879	0.589413219944	0.416711174955
880	0.583710545232	0.404245281119
881	0.588387881023	0.397884676403
882	0.593753457606	0.39183482267
883	0.589167355118	0.379298368614
884	0.573709917433	0.363860257512
885	0.558447620008	0.353451333635
886	0.562130958971	0.348327986681
887	0.57009035344	0.343784082806
888	0.57804974791	0.339344970393
889	0.586009142379	0.335014815086
890	0.593968536848	0.330797895669
891	0.601757751898	0.327072834818
892	0.60436836801	0.326087339845
893	0.585244595661	0.32979438812
894	0.564911897987	0.337484540293
895	0.548701623735	0.346243140109
896	0.538687836114	0.354119974551
897	0.529243148601	0.362481028688
898	0.525210587756	0.367950131691
899	0.539177765195	0.36272246929
900	0.537792725535	0.366799513143
901	0.526027675372	0.372701198497
902	0.514707262527	0.377796910746
903	0.515365535279	0.37425911394
904	0.527368727608	0.365304161886
905	0.539176779677	0.359120944989
906	0.532039195358	0.360903495936
907	0.520625555533	0.364474235652
908	0.509211915708	0.36842985563
909	0.497798275882	0.372758103299
910	0.486384636057	0.377446159897
911	0.474974959292	0.382479351919
912	0.466820168846	0.386296112152
913	0.478239708836	0.38043659474
914	0.491483346866	0.374944081023
915	0.506544982095	0.370281700324
916	0.516480815064	0.368159174534
917	0.525937243877	0.366708374025
918	0.535647051082	0.365493427427
919	0.546116994281	0.363583036022
920	0.558164979943	0.359459559824
921	0.570851963854	0.354821806884
922	0.583054359499	0.350121119274
923	0.594332798296	0.34481533091
924	0.605631052492	0.339776158216
925	0.616929306688	0.335029950151
926	0.628227560884	0.33058932507
927	0.63952581508	0.326466752898
928	0.650824069275	0.322674424444
929	0.662122323471	0.319224109645
930	0.673420577667	0.316127007249
931	0.684718831863	0.313393589262
932	0.696017086059	0.311033444206
933	0.707315340254	0.30905512386
934	0.717506262289	0.306543417153
935	0.722311668207	0.299733002722
936	0.727117074126	0.292967865712
937	0.731832784094	0.286392534972
938	0.736297757702	0.280256018167
939	0.742012523245	0.273320473231
940	0.747703423919	0.267404208377
941	0.752755326346	0.262718624511
942	0.758151189572	0.259244885227
943	0.76321830674	0.25684775574
944	0.768671340456	0.253095606153
945	0.773515369325	0.248259842808
946	0.778359398194	0.243494046538
947	0.783203427063	0.238802406394
948	0.788047455932	0.234189379245
949	0.792891484801	0.229659702287
950	0.79773551367	0.225218404686
951	0.802579542538	0.220870817935
952	0.807423571407	0.216622584403
953	0.812267600276	0.212479663456
954	0.817111629145	0.20844833447
955	0.821955658014	0.204535195885
956	0.826799686883	0.200747159431
957	0.831643715752	0.197091438513
958	0.836485102588	0.193576268566
959	0.839316561497	0.19070345528
960	0.840593842809	0.188252432897
961	0.841871124122	0.185809405966
962	0.84215615479	0.183148042007
963	0.842000517026	0.180337450958
964	0.842884076439	0.176167109302
965	0.84440038482	0.171478919323
966	0.845742979185	0.166977352395
967	0.84708557355	0.162619775946
968	0.83563867478	0.14836060108
969	0.82650578478	0.137873542312
970	0.827848379145	0.13383106517
971	0.82919097351	0.129998973899
972	0.830533567874	0.126396405409
973	0.831876162239	0.123043521816
974	0.833218756604	0.119961260817
975	0.833603072626	0.118610561443
976	0.833724128088	0.117797123684
977	0.82529720318	0.115534355764
978	0.807336800089	0.116798705097
979	0.790667647253	0.124442857762
980	0.775026777499	0.134277237567
981	0.759385907744	0.145500280064
982	0.741222465305	0.153708626136
983	0.717951076295	0.155377656969
984	0.693234758164	0.16097870834
985	0.66849469591	0.169618496354
986	0.644336039501	0.180504058295
987	0.620988900783	0.193574896813
988	0.6104312552	0.1959623187
989	0.597559600846	0.202082316099
990	0.574212462129	0.217188817574
991	0.550865323411	0.232928000945
992	0.527593757168	0.249118045174
993	0.506366552297	0.264039749942
994	0.485361097965	0.27911211241
995	0.465313921977	0.292926275628
996	0.445897419077	0.306454113383
997	0.436470109117	0.312386072791
998	0.437869065852	0.309751953154
999	0.438376731883	0.307311298766
1000	0.437856114833	0.3059348542
1001	0.437335497784	0.30533510608
1002	0.439337453418	0.304733225042
1003	0.445488229871	0.305021885209
1004	0.450749235658	0.307818424761
1005	0.455717742954	0.311585520051
1006	0.460763702707	0.316225221846
1007	0.465139823856	0.321485564087
1008	0.469515945004	0.327081296963
1009	0.473892066153	0.332995512959
1010	0.478268187302	0.339211554048
1011	0.48264430845	0.345713139857
1012	0.486944857124	0.352485095633
1013	0.489201044425	0.359465132777
1014	0.491235481187	0.366560873843
1015	0.49326991795	0.373764124702
1016	0.494936942182	0.380972410543
1017	0.495284956766	0.387765474737
1018	0.497624960642	0.394489132193
1019	0.50019223406	0.400932276618
1020	0.502964743976	0.407030109514
1021	0.507064451431	0.410228023045
1022	0.511924295053	0.411774155572
1023	0.517721626194	0.410446419741
1024	0.52811133381	0.402648003451
1025	0.541019929912	0.394546619486
1026	0.555197411152	0.385347860013
1027	0.570390143272	0.373769817703
1028	0.586464851111	0.362301129767
1029	0.602613900875	0.35099877059
1030	0.618762950638	0.339882540531
1031	0.634912000401	0.328971308531
1032	0.651061050165	0.318286158028
1033	0.667210099928	0.307850631028
1034	0.683359149692	0.297690980268
1035	0.699508199455	0.287836419722
1036	0.715657249218	0.278319358617
1037	0.731684096061	0.269173665954
1038	0.744426165101	0.258956500465
1039	0.756541005046	0.249117876647
1040	0.768450608493	0.239981481894
1041	0.779033014401	0.233826734555
1042	0.788855284142	0.2294088652
1043	0.798651556979	0.225221135418
1044	0.804745224007	0.222932608025
1045	0.808612501041	0.219668881354
1046	0.81072574865	0.216892721261
1047	0.811682066293	0.216279024491
1048	0.811756408217	0.216233749126
1049	0.811756408217	0.216233749126
1050	0.811756408217	0.216233749126
1051	0.803255328978	0.209092224417
1052	0.785390546026	0.197288233708
1053	0.773993465339	0.192316207304
1054	0.763755577322	0.189713889618
1055	0.753517689304	0.188952811851
1056	0.743279801287	0.190055095086
1057	0.734060101568	0.192694017595
1058	0.727152735679	0.196804999779
1059	0.719885065717	0.20369742108
1060	0.711413593914	0.214356382459
1061	0.700958927186	0.229433300533
1062	0.690468027343	0.245609519194
1063	0.679284643856	0.2636072105
1064	0.668069841448	0.282294179316
1065	0.656855039041	0.301505495422
1066	0.645640236634	0.321147071774
1067	0.634415196349	0.341157067501
1068	0.622075878265	0.362849784186
1069	0.609512977965	0.385124909147
1070	0.597686875106	0.406708142423
1071	0.595596012307	0.4159644124
1072	0.603532994172	0.413220217063
1073	0.605003264534	0.419018053526
1074	0.605314342226	0.4265421683
1075	0.605625419918	0.434389441349
1076	0.605936497611	0.442542682048
1077	0.605229387004	0.450028067348
1078	0.602195081133	0.455587240918
1079	0.598534609823	0.461706253377
1080	0.595692202988	0.466311324872
1081	0.594832991079	0.467663191552
1082	0.594010012284	0.468957742968
1083	0.593879517133	0.469103410349
1084	0.593776538102	0.469193904248
1085	0.58526585195	0.462917989654
1086	0.577367551601	0.457429718075
1087	0.570821344984	0.453136306395
1088	0.565389416167	0.448028479362
1089	0.560181069566	0.44296148127
1090	0.554235925524	0.43882736779
1091	0.54705662066	0.436072701741
1092	0.539213174847	0.434176965416
1093	0.53136873827	0.432537721837
1094	0.526542589113	0.432368985284
1095	0.525155520801	0.433658607222
1096	0.523945799348	0.434792384786
1097	0.524904198579	0.43389346099
1098	0.528646312338	0.430434410765
1099	0.535254042957	0.424528991379
1100	0.543805300779	0.416920428797
1101	0.552834898797	0.409117259688
1102	0.561864496815	0.401734562334
1103	0.570894094833	0.394795925948
1104	0.579927595652	0.388326514448
1105	0.597368803592	0.38542232064
1106	0.614197625728	0.38304778236
1107	0.622387765258	0.377537058436
1108	0.618543427593	0.368336407157
1109	0.616787445428	0.361812362089
1110	0.617240776026	0.357646864362
1111	0.616656244367	0.355064615819
1112	0.61620865259	0.353245671668
1113	0.624623241137	0.35227563211
1114	0.63061913128	0.351599545425
1115	0.633274442798	0.351693761925
1116	0.636039984682	0.35291064618
1117	0.636283437905	0.354742206901
1118	0.632606165741	0.356511247406
1119	0.62547216348	0.358317309652
1120	0.614552844445	0.361924490165
1121	0.600778485228	0.367852564731
