Time	Mean	Std
0	-0.122427254148	0.273677668074
1	-0.128039379015	0.285134095909
2	-0.132299483071	0.294681125112
3	-0.135904186504	0.302759384445
4	-0.138993932303	0.30968360932
5	-0.141671711995	0.315684606017
6	-0.144014769226	0.320935479423
7	-0.140263663333	0.312529120172
8	-0.131905548362	0.293798304637
9	-0.127569416071	0.28408089427
10	-0.124605039498	0.277437635325
11	-0.127985489287	0.285013327342
12	-0.131365939076	0.292589022776
13	-0.134731785323	0.300131994347
14	-0.130545977652	0.290751462861
15	-0.125002040498	0.278327326598
16	-0.119458103343	0.265903200215
17	-0.113914166189	0.253479085167
18	-0.108370229035	0.241054983205
19	-0.10282629188	0.228630896464
20	-0.0972823547259	0.216206827565
21	-0.0917384175716	0.203782779774
22	-0.0861944804172	0.191358757201
23	-0.0806505432628	0.1789347651
24	-0.0751066061085	0.16651081029
25	-0.0695626689541	0.154086901794
26	-0.0640187317998	0.141663051794
27	-0.0634205275781	0.140322492493
28	-0.0673437421156	0.149114324201
29	-0.0682818846035	0.151216684486
30	-0.0682818846035	0.151216684486
31	-0.0682818846035	0.151216684486
32	-0.0682818846035	0.151216684486
33	-0.0682818846035	0.151216684486
34	-0.0682818846035	0.151216684486
35	-0.0682818846035	0.151216684486
36	-0.0685564234824	0.151097530015
37	-0.0707917623455	0.150184458079
38	-0.0739543431369	0.149068989048
39	-0.0771169239284	0.148164322553
40	-0.0802628691239	0.147484372153
41	-0.0816822755517	0.14814077105
42	-0.0827356984737	0.149434846182
43	-0.0837891213957	0.151136745239
44	-0.0848425443176	0.153232880189
45	-0.0858959672396	0.155707330212
46	-0.0869493901615	0.158542382644
47	-0.0880028130835	0.161719073731
48	-0.0890562360055	0.165217698277
49	-0.0900911371825	0.169027854667
50	-0.0904884997569	0.173448533086
51	-0.0894824329855	0.178881378755
52	-0.0874537695481	0.185188156098
53	-0.0852577603281	0.191916449217
54	-0.0830617511081	0.19894109961
55	-0.0808657418881	0.206231826013
56	-0.0781171855082	0.21309194438
57	-0.0715667504996	0.217449622827
58	-0.0630025149805	0.220169216024
59	-0.0533230562321	0.22150434467
60	-0.0425563729192	0.221370552552
61	-0.0315742838774	0.217013151065
62	-0.0198970525944	0.211212630713
63	-0.00777945813355	0.204991340226
64	0.00485088305243	0.198321782342
65	0.017483387724	0.191945460523
66	0.0301158923955	0.185895783332
67	0.0427483970671	0.180205651097
68	0.0553809017387	0.174910157209
69	0.0679948846653	0.170024129045
70	0.0799713289892	0.164821369744
71	0.0905443439675	0.158314896623
72	0.10009476228	0.150950923465
73	0.109477834809	0.143843162797
74	0.118860907339	0.137272459077
75	0.128679773656	0.131609663061
76	0.138733364916	0.12696448263
77	0.14694795698	0.123057307947
78	0.154075990463	0.120411360999
79	0.160088800716	0.118661824223
80	0.164997750808	0.117186728952
81	0.167964756404	0.117107055363
82	0.169870636253	0.118115739477
83	0.171336152924	0.118989372563
84	0.17228892287	0.119666620538
85	0.174493122424	0.118404364766
86	0.177731552654	0.115582981148
87	0.180969982883	0.112839514693
88	0.184208413113	0.110179785943
89	0.187446843342	0.107610004154
90	0.190685273572	0.10513676506
91	0.193923703801	0.102767039219
92	0.196292411966	0.100312912936
93	0.197800051946	0.097975728051
94	0.199307691926	0.0960359436737
95	0.200379538119	0.093989791592
96	0.200436675881	0.0922783274924
97	0.199759630768	0.0916769676964
98	0.200438794131	0.0899230738059
99	0.202310318384	0.0875380814982
100	0.205353679552	0.0850501642567
101	0.209530859372	0.0831997146382
102	0.213393463346	0.0831903934706
103	0.202202228533	0.0889524584323
104	0.191821889891	0.096534112312
105	0.18121160525	0.105203558378
106	0.171191200642	0.113674191946
107	0.16221633286	0.121148860085
108	0.154148133374	0.12703616029
109	0.144367445813	0.130609485251
110	0.132366795368	0.131758773032
111	0.118035673926	0.130992364496
112	0.103752000486	0.129973818937
113	0.0903293952295	0.129865417074
114	0.0769067899732	0.131305194423
115	0.063484184717	0.134243346952
116	0.050563554668	0.138060681366
117	0.0383750280454	0.142451741356
118	0.0248302929462	0.149375388381
119	0.0100931969569	0.158409536013
120	-0.00581573594746	0.169332681188
121	-0.022858487504	0.181965720802
122	-0.0400566806872	0.194633306627
123	-0.0431124042083	0.194217789051
124	-0.0477773508091	0.197207140381
125	-0.053584936212	0.203205733769
126	-0.061016632323	0.211368783824
127	-0.0694938652606	0.2207536393
128	-0.0788777664939	0.230630796925
129	-0.0865491796532	0.238233137502
130	-0.092000629927	0.242690171268
131	-0.0951354034589	0.243722248915
132	-0.0987526364724	0.243808287217
133	-0.10239712155	0.24400570881
134	-0.106041606627	0.244310115493
135	-0.109686091705	0.244721108032
136	-0.113330576782	0.245238150549
137	-0.116975061859	0.245860573978
138	-0.120619546937	0.24658758033
139	-0.124264032014	0.247418247697
140	-0.127908517092	0.248351535928
141	-0.131553002169	0.249386292899
142	-0.134727469774	0.250346527472
143	-0.136990568253	0.251019944016
144	-0.138455339824	0.251415837707
145	-0.139801119687	0.251789333668
146	-0.14114689955	0.252185581599
147	-0.142492679414	0.252604474429
148	-0.143838459277	0.2530458997
149	-0.14518423914	0.253509739706
150	-0.146530019004	0.253995871649
151	-0.147862004613	0.254498845764
152	-0.147889256677	0.254509362239
153	-0.147243733579	0.254610644336
154	-0.146070055209	0.254813470431
155	-0.144896376838	0.255040346135
156	-0.143722698468	0.255291207328
157	-0.142549020098	0.255565983379
158	-0.141375341728	0.255864597242
159	-0.140201663357	0.256186965558
160	-0.139027984987	0.256532998776
161	-0.137854306617	0.25690260127
162	-0.136680628247	0.257295671469
163	-0.135506949876	0.257712101992
164	-0.134333271506	0.258151779791
165	-0.133159593136	0.258614586294
166	-0.131985914766	0.259100397565
167	-0.130812236395	0.259609084455
168	-0.129685999687	0.26006598246
169	-0.128789172662	0.260187786135
170	-0.129092361297	0.258476132561
171	-0.132234253576	0.252484945919
172	-0.13589280525	0.24590691033
173	-0.140337580969	0.23892135592
174	-0.145835295386	0.230998718171
175	-0.152442041022	0.221730850575
176	-0.159493309295	0.212182572723
177	-0.166544577569	0.203037540825
178	-0.173595845842	0.194352685979
179	-0.180629282506	0.186185386114
180	-0.187053417288	0.178388590629
181	-0.193771485631	0.171915408036
182	-0.201470163988	0.167881172604
183	-0.210170840865	0.166494860206
184	-0.219816182967	0.167793780481
185	-0.229692046898	0.17060146303
186	-0.239567910829	0.174475832133
187	-0.24944377476	0.179347771661
188	-0.259272197029	0.185139173699
189	-0.268871209616	0.191733094756
190	-0.277270206542	0.198799406184
191	-0.282830499823	0.205645148849
192	-0.287874133711	0.212486216613
193	-0.29277706665	0.219374430013
194	-0.297155216164	0.22620491177
195	-0.30042433446	0.232830803504
196	-0.302949016849	0.23952136671
197	-0.304579908263	0.246601329346
198	-0.305851931235	0.253920008817
199	-0.305973756173	0.261854523529
200	-0.30440849195	0.270702664501
201	-0.301201736634	0.279662634997
202	-0.292188977049	0.292526906276
203	-0.28083451538	0.304733608165
204	-0.268457773199	0.315371846154
205	-0.255783245646	0.325697806704
206	-0.240854586588	0.335439480457
207	-0.226666600229	0.344085150805
208	-0.214336747243	0.350497902632
209	-0.202265676128	0.356653623304
210	-0.190194605013	0.362866258456
211	-0.17846928973	0.368732339736
212	-0.166408266002	0.374516874791
213	-0.153608410322	0.380590267516
214	-0.140787695088	0.386745564882
215	-0.127966979854	0.392973168152
216	-0.11544617789	0.399013229706
217	-0.103887583857	0.404268066897
218	-0.0930986461372	0.408840858816
219	-0.0842867165287	0.411674642391
220	-0.0777711779636	0.413361951399
221	-0.0726031969303	0.41446370923
222	-0.0722606101518	0.411104594926
223	-0.0737196651912	0.406711012548
224	-0.0770392210332	0.401796844025
225	-0.0830143841767	0.394923155593
226	-0.0939596674874	0.386120849746
227	-0.104365753016	0.378065365288
228	-0.112913705171	0.371619503961
229	-0.121202875455	0.365614963332
230	-0.130726461137	0.359203229296
231	-0.140856765813	0.35278132785
232	-0.151322778934	0.34650760225
233	-0.162527624007	0.340128296899
234	-0.173753328634	0.334050598419
235	-0.184979033261	0.328303015085
236	-0.196204737888	0.322903175244
237	-0.207362025557	0.317934771064
238	-0.218108525355	0.313763541466
239	-0.228046046686	0.310864742405
240	-0.237983568016	0.30847566436
241	-0.247921089347	0.306608222734
242	-0.257858610678	0.305271990705
243	-0.267334193755	0.304615919343
244	-0.275026891316	0.304948970468
245	-0.280131245118	0.305048299809
246	-0.282519610258	0.304496518573
247	-0.284706500482	0.303938672251
248	-0.286893390706	0.30343094896
249	-0.28908028093	0.302973600691
250	-0.290032755756	0.302790214802
251	-0.290032755756	0.302790214802
252	-0.290032755756	0.302790214802
253	-0.290032755756	0.302790214802
254	-0.290032755756	0.302790214802
255	-0.290032755756	0.302790214802
256	-0.290032755756	0.302790214802
257	-0.289999484564	0.302730367927
258	-0.289791539616	0.302356401832
259	-0.289583594667	0.301982568627
260	-0.289375649718	0.301608868806
261	-0.289167704769	0.301235302867
262	-0.288959759821	0.300861871308
263	-0.288751814872	0.300488574629
264	-0.288543869923	0.300115413335
265	-0.288335924974	0.29974238793
266	-0.288127980026	0.299369498923
267	-0.287765264505	0.298719401726
268	-0.286346484571	0.296180567184
269	-0.283147397066	0.290480378851
270	-0.277500795147	0.280507091735
271	-0.269381725394	0.266385634733
272	-0.261123332444	0.252326797503
273	-0.252864939493	0.238629549533
274	-0.244606546543	0.225359832066
275	-0.236348153593	0.21259771573
276	-0.228089760642	0.200440181562
277	-0.219864638884	0.189048382915
278	-0.211814190882	0.17872298837
279	-0.20376374288	0.169363613304
280	-0.195563473145	0.160968607985
281	-0.185899333332	0.152065339121
282	-0.174473913155	0.142423562086
283	-0.16193747264	0.133448790083
284	-0.148406838044	0.125272380946
285	-0.134736242392	0.118410518241
286	-0.120559297538	0.112891418986
287	-0.105361249296	0.108471593539
288	-0.0905865177751	0.10569585685
289	-0.0771316441253	0.103635483405
290	-0.0655836281318	0.101053026499
291	-0.0565080799711	0.0967286163729
292	-0.0475718550084	0.0927703790899
293	-0.0386356300457	0.0893803199025
294	-0.029699405083	0.0866251711316
295	-0.0203769976872	0.0841434492117
296	-0.0101296995007	0.081623280344
297	0.000641974326152	0.0799119489662
298	0.0114171638171	0.0796739204481
299	0.022192353308	0.0809254606171
300	0.0328177210655	0.0835982290917
301	0.0419792187447	0.0872465977828
302	0.0493794360605	0.0910572821135
303	0.0556686330383	0.094524631557
304	0.0609296550487	0.097510776555
305	0.064763815294	0.0997512992589
306	0.0678312180923	0.101724312299
307	0.0697227469291	0.103371055355
308	0.0709815280756	0.104721588534
309	0.0718934425419	0.105974170387
310	0.0730446380683	0.107584398452
311	0.0743840573309	0.109840272323
312	0.0757234765936	0.112587416682
313	0.0770628958563	0.115790870553
314	0.078402315119	0.119413916062
315	0.0793555519485	0.122901181805
316	0.0793838979875	0.125381051155
317	0.078887868386	0.12726878022
318	0.0782512118827	0.129059860898
319	0.0759581343991	0.128524778087
320	0.0715494365794	0.125074856485
321	0.0652052284055	0.119355788035
322	0.0584045242476	0.11377864459
323	0.0516038200898	0.109095843627
324	0.0448370968173	0.105412222245
325	0.0393572742552	0.102319507735
326	0.0341943810077	0.10039812194
327	0.0302425002237	0.0998125806522
328	0.0267538761556	0.0999471193172
329	0.0231516690677	0.100724674494
330	0.0187695241609	0.102523171427
331	0.0141991555177	0.105345793909
332	0.00962878687451	0.109060930172
333	0.00505841823132	0.11358103392
334	0.000488049588134	0.118814269444
335	-0.00408231905506	0.124670864925
336	-0.00822458740716	0.130447318891
337	-0.0114476439416	0.135212354893
338	-0.0136549428644	0.138598385306
339	-0.0136268175572	0.138554650313
340	-0.0114754997144	0.135254487053
341	-0.00738867151742	0.129248720298
342	-0.00284534733643	0.123029144051
343	0.00169797684457	0.11736459308
344	0.00624130102557	0.112339058066
345	0.0107846252066	0.108041746845
346	0.0152714283178	0.104600390189
347	0.0185472189655	0.102638614904
348	0.0220307046304	0.101097015014
349	0.026060200986	0.100046694314
350	0.0300896973417	0.0998056532587
351	0.0341191936973	0.100379721967
352	0.038148690053	0.101755105635
353	0.0421781864087	0.103899986737
354	0.0462076827643	0.106767999633
355	0.05023717912	0.11030275168
356	0.0538385751845	0.113975841213
357	0.0565207594314	0.116998584184
358	0.0583242973045	0.119158564317
359	0.0595488319278	0.12068024394
360	0.0607657943517	0.12223479304
361	0.0619827567755	0.123829899574
362	0.0631997191994	0.125464016653
363	0.0644166816232	0.127135640037
364	0.0656336440471	0.128843309906
365	0.0668506064709	0.130585612126
366	0.0686820362326	0.131492867756
367	0.0724546767707	0.129766531808
368	0.0761913038676	0.126310287164
369	0.0794407349372	0.122083311637
370	0.0826901660069	0.118016283447
371	0.0859395970766	0.114126303624
372	0.0891890281463	0.110432083385
373	0.0924384592159	0.106953909439
374	0.0957181909529	0.103737055121
375	0.101546520453	0.10410668941
376	0.109404128724	0.10514092206
377	0.118147158569	0.10559862503
378	0.12729214378	0.106048608062
379	0.136445252563	0.106804916857
380	0.145598361347	0.107866962005
381	0.154056179523	0.107924462606
382	0.160420552639	0.104389327948
383	0.164971652609	0.0980071155488
384	0.169291137857	0.0917135416934
385	0.173722728402	0.0863575393004
386	0.177539851609	0.0820410969607
387	0.17941576404	0.0783102604449
388	0.180656738179	0.0752231137219
389	0.181838897655	0.0729759503252
390	0.18302105713	0.0716634245323
391	0.184203216606	0.0713371439539
392	0.185385376081	0.0720105159077
393	0.186567535557	0.0736561287134
394	0.187719394365	0.0761625188998
395	0.18632265541	0.0786726128882
396	0.182896637684	0.0832265176599
397	0.178585198384	0.0890630333062
398	0.173871803718	0.0956625593346
399	0.16915028548	0.103056472766
400	0.164428767242	0.1110901869
401	0.160402539611	0.118428347647
402	0.15846975704	0.122350830352
403	0.158350247615	0.123113021489
404	0.158462352913	0.123186932151
405	0.158462352913	0.123186932151
406	0.158462352913	0.123186932151
407	0.158462352913	0.123186932151
408	0.158462352913	0.123186932151
409	0.158462352913	0.123186932151
410	0.158462352913	0.123186932151
411	0.158462352913	0.123186932151
412	0.158462352913	0.123186932151
413	0.158462352913	0.123186932151
414	0.158462352913	0.123186932151
415	0.158462352913	0.123186932151
416	0.158462352913	0.123186932151
417	0.158462352913	0.123186932151
418	0.158462352913	0.123186932151
419	0.158462352913	0.123186932151
420	0.158462352913	0.123186932151
421	0.158462352913	0.123186932151
422	0.158462352913	0.123186932151
423	0.158462352913	0.123186932151
424	0.158462352913	0.123186932151
425	0.159334831534	0.124306881746
426	0.161681640774	0.127393926774
427	0.164028450013	0.130583581892
428	0.166375259253	0.133868512698
429	0.168722068492	0.137241877996
430	0.169782650204	0.140577708276
431	0.169059065637	0.14404938262
432	0.168243295195	0.147899756493
433	0.167427524754	0.152106824751
434	0.166381598385	0.156776824552
435	0.164673831967	0.162125105065
436	0.162426459615	0.168054194354
437	0.158670194805	0.175182956781
438	0.15548130163	0.183837884133
439	0.155028966883	0.197663326672
440	0.154921820878	0.212458327939
441	0.154814674873	0.227544426226
442	0.154707528868	0.24286738171
443	0.154600382863	0.258385058947
444	0.154493236858	0.274064384172
445	0.153513612232	0.288244992221
446	0.151059656987	0.299768660125
447	0.148605701743	0.311379780488
448	0.146151746498	0.323068924305
449	0.143697791254	0.334827920069
450	0.142734621946	0.34569453246
451	0.14392301645	0.35526758268
452	0.145203596829	0.364875361903
453	0.146484177208	0.374569227359
454	0.147994913513	0.384106696437
455	0.15016748987	0.393020527767
456	0.152879672159	0.401409711818
457	0.157100746906	0.408248453688
458	0.160754450018	0.413763410534
459	0.161671594703	0.414117364745
460	0.162243550645	0.4138213559
461	0.162815506587	0.413527702171
462	0.163391248629	0.413234314925
463	0.164389682197	0.412709831428
464	0.165524685797	0.412113711575
465	0.167316037599	0.411169303406
466	0.169973595622	0.409793435351
467	0.172817213744	0.408372520208
468	0.175660831866	0.407006490671
469	0.178504449988	0.40569590116
470	0.18153567625	0.404589021528
471	0.186255128316	0.403513526879
472	0.192437641116	0.401965059604
473	0.19971730016	0.399918184151
474	0.207890556692	0.397511738462
475	0.216180559434	0.395158767346
476	0.224470562176	0.392920446951
477	0.232760564919	0.390798747285
478	0.241050567661	0.38879557759
479	0.249340570403	0.386912778871
480	0.257630573145	0.385152116416
481	0.265920575888	0.383515272359
482	0.27420679253	0.382004790723
483	0.282070317647	0.380723180073
484	0.289797272732	0.37959354956
485	0.296819832282	0.378763976147
486	0.301955878373	0.37981408712
487	0.305961972301	0.381202338417
488	0.309968066229	0.382619018971
489	0.313974160156	0.384063814183
490	0.317588087535	0.385436664896
491	0.319146391577	0.386623140503
492	0.319241634885	0.387949090318
493	0.318239731948	0.389526091923
494	0.316248680845	0.39137629341
495	0.312714021333	0.393724219098
496	0.308985906205	0.396287558214
497	0.305257791077	0.39901474238
498	0.301529675949	0.401902436204
499	0.297801560821	0.4049472059
500	0.294073445693	0.408145536121
501	0.290345330565	0.411493846241
502	0.286617215437	0.414988505964
503	0.282889100309	0.418625850156
504	0.279160985181	0.422402192828
505	0.275480917386	0.426267422295
506	0.272821156828	0.427977346385
507	0.271105288335	0.429076583406
508	0.26883331497	0.429232988787
509	0.266374784965	0.429088343682
510	0.26391625496	0.428965814863
511	0.261056127522	0.428919213898
512	0.256951453834	0.429068858341
513	0.251907826576	0.429410391318
514	0.246078669541	0.429932042795
515	0.241518710497	0.429610372013
516	0.235995084806	0.428822677567
517	0.228681671508	0.427449883356
518	0.220120151316	0.425758547769
519	0.211204443104	0.424139541484
520	0.202288734891	0.422734878119
521	0.193373026678	0.421546700358
522	0.184457318465	0.420576842996
523	0.175541610252	0.419826819085
524	0.166625902039	0.419297808315
525	0.157710193827	0.41899064783
526	0.148794485614	0.418905825642
527	0.139782594305	0.419030713401
528	0.13066587339	0.420389491736
529	0.120862911457	0.422340725028
530	0.110488242097	0.42461204531
531	0.103633705148	0.425780230523
532	0.0995760710359	0.426110468304
533	0.0964573904939	0.426430644231
534	0.0942197904076	0.426765159811
535	0.0921484694209	0.427674998083
536	0.0919683173164	0.430304688545
537	0.0935779528191	0.432742931855
538	0.0960772933378	0.435292062578
539	0.0988025760733	0.438048710682
540	0.101527858809	0.441042690301
541	0.104253141544	0.44426920325
542	0.10697842428	0.447723222311
543	0.109703707015	0.451399525019
544	0.112428989751	0.455292726858
545	0.115154272487	0.45939731347
546	0.117879555222	0.463707671564
547	0.120701021054	0.468158062615
548	0.124183421364	0.472375656686
549	0.129789000744	0.475385915199
550	0.136652892602	0.477673342284
551	0.140735865411	0.478638990318
552	0.143266481632	0.479053537633
553	0.145797097854	0.479511747164
554	0.148327714076	0.480013493874
555	0.150849715406	0.48054295102
556	0.152637670116	0.479778630886
557	0.154425624826	0.479057441124
558	0.156571981414	0.478026569763
559	0.158846583806	0.476905456141
560	0.161121186198	0.475819527886
561	0.163662167752	0.474550869126
562	0.166261292982	0.47326713098
563	0.169080079606	0.471922661495
564	0.172760274032	0.470174249089
565	0.17855683173	0.466900070002
566	0.186458960345	0.462615444272
567	0.194421528371	0.458483700385
568	0.202384096397	0.45453293351
569	0.20909628301	0.451119236537
570	0.215121864572	0.448020751282
571	0.220809830206	0.445119795229
572	0.226497795839	0.442322340157
573	0.232185761473	0.439630361861
574	0.237873727106	0.437045809395
575	0.24356169274	0.434570599466
576	0.249152089283	0.432187188505
577	0.253186345005	0.429626590067
578	0.256274998211	0.426850927974
579	0.260557197117	0.424238972287
580	0.264855968152	0.422055611514
581	0.268888360026	0.420425275985
582	0.272862608225	0.419245716919
583	0.276617195028	0.418484922906
584	0.279510374029	0.418165928258
585	0.278065444274	0.414820185295
586	0.257856754228	0.383001534659
587	0.236861301998	0.351401429673
588	0.215865849767	0.321749613511
589	0.194870397537	0.294634897129
590	0.173874945307	0.270820403978
591	0.152879493077	0.251246332527
592	0.131884040847	0.236965836777
593	0.110888588617	0.228971517407
594	0.0898931363868	0.227925785205
595	0.0684248914868	0.233237465741
596	0.0451591465616	0.242218357709
597	0.0225354767397	0.255403819522
598	0.00085740943319	0.272399247161
599	-0.0220142035722	0.291944780663
600	-0.0445410861431	0.315345943786
601	-0.0661890512334	0.342308680425
602	-0.0875898373554	0.371786941824
603	-0.108990623477	0.403090408283
604	-0.130391409599	0.435825967688
605	-0.149570450235	0.465606584581
606	-0.152091301499	0.465240965618
607	-0.153885829988	0.463660472662
608	-0.155605930154	0.462178837034
609	-0.156484416743	0.460567434434
610	-0.156421670232	0.458828018945
611	-0.156069225554	0.457182611502
612	-0.155716780876	0.455719528752
613	-0.155364336198	0.454440531693
614	-0.155011891521	0.453347178375
615	-0.154186654173	0.452738968085
616	-0.15146634771	0.453445102763
617	-0.147831975528	0.454775891842
618	-0.144197603347	0.456155845551
619	-0.140563231165	0.457584519088
620	-0.137290161549	0.458661468131
621	-0.134896009413	0.458810113492
622	-0.132749036245	0.458730237699
623	-0.130602063077	0.458695393518
624	-0.12845508991	0.458705591211
625	-0.126308116742	0.458760827775
626	-0.124420206037	0.458790120002
627	-0.122845189034	0.458784113965
628	-0.121344600355	0.45882298975
629	-0.120685625252	0.458811213607
630	-0.120967883249	0.45870355106
631	-0.121539839414	0.458564570077
632	-0.122111795578	0.458427862541
633	-0.122683751742	0.458293430488
634	-0.123255707907	0.458161275918
635	-0.123827664071	0.458031400805
636	-0.124399620236	0.457903807087
637	-0.1249715764	0.457778496673
638	-0.125543532564	0.457655471438
639	-0.126115488729	0.457534733224
640	-0.126687444893	0.457416283844
641	-0.127259401057	0.457300125076
642	-0.127831357222	0.457186258665
643	-0.128403313386	0.457074686326
644	-0.12897526955	0.456965409737
645	-0.129547225715	0.456858430548
646	-0.129860119416	0.456800879394
647	-0.129860119416	0.456800879394
648	-0.129860119416	0.456800879394
649	-0.129860119416	0.456800879394
650	-0.129860119416	0.456800879394
651	-0.129860119416	0.456800879394
652	-0.129860119416	0.456800879394
653	-0.130019666377	0.456711543528
654	-0.131931904675	0.45606443749
655	-0.13702560149	0.454612295801
656	-0.142345458558	0.453119205161
657	-0.147665315627	0.451711955249
658	-0.152985172695	0.450391350695
659	-0.158305029764	0.449158155758
660	-0.163624886832	0.448013092246
661	-0.1689447439	0.446956837514
662	-0.174264600969	0.44599002255
663	-0.179584458037	0.445113230161
664	-0.184904315106	0.444326993274
665	-0.190224172174	0.443631793356
666	-0.195544029243	0.443028058973
667	-0.200863886311	0.442516164491
668	-0.206183743379	0.442096428927
669	-0.211503600448	0.441769114971
670	-0.216823457516	0.441534428161
671	-0.222143314585	0.441392516245
672	-0.227463171653	0.441343468718
673	-0.233021834633	0.44091373979
674	-0.236431199118	0.436909097576
675	-0.233283434654	0.42388785721
676	-0.230515586743	0.409253912476
677	-0.228682095065	0.393402125476
678	-0.227757809171	0.376412055754
679	-0.227761118692	0.358337374021
680	-0.22871501044	0.339272263532
681	-0.23064193097	0.319377928897
682	-0.233514024995	0.298966066603
683	-0.236883721229	0.278872868395
684	-0.240253417464	0.259895195332
685	-0.243623113699	0.242295308392
686	-0.246992809934	0.226394762448
687	-0.250362506169	0.212575230309
688	-0.253732202403	0.201265835901
689	-0.257101898638	0.192908561093
690	-0.260471594873	0.187897730875
691	-0.263841291108	0.186503269879
692	-0.267210987342	0.188805323456
693	-0.270182330706	0.194146513045
694	-0.273550281226	0.202005252248
695	-0.280293902178	0.212641024651
696	-0.286431446324	0.222562216666
697	-0.291584268088	0.231337202878
698	-0.294696432192	0.240036745217
699	-0.295884399942	0.248351797203
700	-0.295213243733	0.25609969943
701	-0.293569058742	0.262201051615
702	-0.290979700256	0.266703002697
703	-0.287892739561	0.270402847466
704	-0.284805778865	0.27417368136
705	-0.281718818169	0.278012615803
706	-0.278631857473	0.281916868782
707	-0.275544896778	0.285883764186
708	-0.272457936082	0.289910730586
709	-0.269370975386	0.293995299547
710	-0.26628401469	0.298135103544
711	-0.263028842866	0.302052061904
712	-0.258948030089	0.3046846886
713	-0.254208435132	0.306346229633
714	-0.249444771327	0.30807859297
715	-0.244526418303	0.30968050731
716	-0.239010942392	0.31049502982
717	-0.23351338032	0.311335513531
718	-0.229147270124	0.310610286165
719	-0.225777760867	0.308469220999
720	-0.223316793342	0.305011747926
721	-0.220855825817	0.30161549404
722	-0.218394858292	0.298282550479
723	-0.215933890767	0.295015063004
724	-0.213472923242	0.291815230379
725	-0.211011955717	0.288685302303
726	-0.206588283042	0.28435847984
727	-0.19901780616	0.278194111378
728	-0.191447329278	0.272295527544
729	-0.183755395564	0.266613959949
730	-0.17522739678	0.260741084606
731	-0.166714863361	0.255244374006
732	-0.159027970894	0.251071088265
733	-0.151999860608	0.248064570861
734	-0.14499581917	0.245437843205
735	-0.138146466952	0.243382513228
736	-0.131894237619	0.242538360138
737	-0.125674460596	0.242158479602
738	-0.119454683574	0.242200502696
739	-0.113077786634	0.242557157455
740	-0.105498696674	0.242618573244
741	-0.099825529611	0.246183074338
742	-0.0954372036894	0.25245342006
743	-0.0910502299463	0.259429562619
744	-0.0866632562031	0.267054229339
745	-0.08227628246	0.275273536034
746	-0.0798520138669	0.282529358092
747	-0.0805745494806	0.287705512054
748	-0.0812970850943	0.29312623352
749	-0.08214107754	0.298811048854
750	-0.0838211350569	0.304897457375
751	-0.0856539383362	0.311147856057
752	-0.0874867416155	0.317513726028
753	-0.0893195448948	0.323988260862
754	-0.0911523481741	0.330565075604
755	-0.0929851514534	0.337238186323
756	-0.0948179547328	0.344001989082
757	-0.0966507580121	0.350851238764
758	-0.0984835612914	0.357781028096
759	-0.100473484488	0.364785217817
760	-0.103665600705	0.371588559567
761	-0.104951794025	0.374270883004
762	-0.104953146204	0.374273704504
763	-0.104953146204	0.374273704504
764	-0.104953146204	0.374273704504
765	-0.104953146204	0.374273704504
766	-0.104953146204	0.374273704504
767	-0.104953146204	0.374273704504
768	-0.104953146204	0.374273704504
769	-0.104953146204	0.374273704504
770	-0.104953146204	0.374273704504
771	-0.104953146204	0.374273704504
772	-0.104953146204	0.374273704504
773	-0.104183024357	0.374293123072
774	-0.102366896317	0.374359269671
775	-0.100550095389	0.374454028487
776	-0.0987332944613	0.374577358609
777	-0.0969164935332	0.374729231828
778	-0.0949089509986	0.375090997445
779	-0.0920198374529	0.376318396572
780	-0.0891307239072	0.377572100204
781	-0.0862416103616	0.378851847197
782	-0.0833524968159	0.380157374538
783	-0.0804633832703	0.381488417552
784	-0.0775742697246	0.382844710105
785	-0.0746851561789	0.38422598481
786	-0.0717960426333	0.385631973221
787	-0.0689069290876	0.387062406024
788	-0.0660178155419	0.38851701322
789	-0.0631287019963	0.389995524315
790	-0.0602395884506	0.391497668484
791	-0.057350474905	0.39302317475
792	-0.0544613613593	0.394571772142
793	-0.0523423696604	0.39592214322
794	-0.051269384154	0.396983981444
795	-0.0501970715364	0.398052846061
796	-0.0491247589189	0.399128870155
797	-0.0480524463013	0.400211995978
798	-0.0471708752903	0.401107735443
799	-0.0471708752903	0.401107735443
800	-0.0471708752903	0.401107735443
801	-0.0471708752903	0.401107735443
802	-0.0471708752903	0.401107735443
803	-0.0471708752903	0.401107735443
804	-0.0471708752903	0.401107735443
805	-0.0471708752903	0.401107735443
806	-0.0471708752903	0.401107735443
807	-0.0471708752903	0.401107735443
808	-0.0471708752903	0.401107735443
809	-0.0471708752903	0.401107735443
810	-0.0471708752903	0.401107735443
811	-0.0471092159512	0.400978603099
812	-0.0463198135522	0.399325903245
813	-0.0449459966291	0.395552614863
814	-0.0448584209066	0.389520869796
815	-0.0467643238564	0.382650909621
816	-0.0491995959289	0.375812685487
817	-0.0516348680014	0.369263166483
818	-0.0540701400739	0.363017979276
819	-0.0565054121464	0.357093091566
820	-0.0589406842189	0.351504700422
821	-0.0613759562914	0.34626909825
822	-0.063811228364	0.341402516095
823	-0.0662465004365	0.336920945027
824	-0.068681772509	0.332839937521
825	-0.0711170445815	0.329174392122
826	-0.073552316654	0.325938326156
827	-0.0760731813791	0.32313696215
828	-0.0797534114919	0.320686339776
829	-0.0836772513779	0.318684869606
830	-0.0876010912639	0.317163600278
831	-0.091586590489	0.316228230964
832	-0.0962998327741	0.316903362395
833	-0.101891542078	0.318975993194
834	-0.108368424185	0.319699046884
835	-0.114488967596	0.318248165878
836	-0.120149449433	0.316512511745
837	-0.12580993127	0.31494059764
838	-0.131470413107	0.313534886314
839	-0.137130894944	0.312297622107
840	-0.142791376781	0.311230813954
841	-0.148227574844	0.310182605004
842	-0.151429253529	0.307860346406
843	-0.154356741866	0.305707273425
844	-0.157055787459	0.303796870399
845	-0.15953774744	0.30186521539
846	-0.162100280048	0.299029411561
847	-0.16554213266	0.294903246766
848	-0.169000914385	0.28911930644
849	-0.172474091544	0.283399888827
850	-0.175947268702	0.278254495433
851	-0.17942044586	0.273715500257
852	-0.182256115312	0.269736976014
853	-0.182516501715	0.266145368747
854	-0.18054707637	0.262371239415
855	-0.176940511049	0.258438530874
856	-0.173264638178	0.255046574311
857	-0.169829547991	0.251911919023
858	-0.166706078038	0.249004219707
859	-0.163582608085	0.246803986571
860	-0.160459138132	0.245330254988
861	-0.157559951954	0.244434610488
862	-0.156895285152	0.242537393868
863	-0.156504808699	0.240926956177
864	-0.15634277499	0.239626542846
865	-0.156310475833	0.23848292489
866	-0.154705879045	0.235121525884
867	-0.15130856528	0.231375801069
868	-0.146734957012	0.228813957356
869	-0.141903343539	0.22668529658
870	-0.137071730066	0.224798670237
871	-0.132240116593	0.223160216987
872	-0.128323478012	0.221574628042
873	-0.127555087564	0.219171538414
874	-0.127148794148	0.217231544188
875	-0.125516614859	0.213292449147
876	-0.121438071708	0.205505913057
877	-0.116962974741	0.197895613944
878	-0.11217625754	0.190786794894
879	-0.107389540338	0.184029011323
880	-0.102602823137	0.177662325005
881	-0.097816105936	0.171730239791
882	-0.0929930527384	0.166232632682
883	-0.0879664506723	0.160984826992
884	-0.08258086242	0.155776254488
885	-0.077242251899	0.151124069842
886	-0.0724973950788	0.146611325821
887	-0.0671904892253	0.140664209256
888	-0.0618835833718	0.134767687738
889	-0.0565766775182	0.128928703308
890	-0.0512697716647	0.123155439998
891	-0.0459628658112	0.117457589159
892	-0.0403784927713	0.111744821389
893	-0.0339271021533	0.105945721969
894	-0.027172012247	0.100472288245
895	-0.0216428082144	0.0954617323222
896	-0.0185599680435	0.0905581417374
897	-0.0156328990057	0.0856962490595
898	-0.0127058299679	0.0808858483704
899	-0.00977876093011	0.0761367002579
900	-0.00685169189232	0.0714610179156
901	-0.00392462285453	0.0668742127634
902	-0.0010338898131	0.0624507209384
903	0.00165329435986	0.0584546346922
904	0.00381003589838	0.0551783821436
905	0.00461965746233	0.0528894333232
906	0.00430576413796	0.0524379423353
907	0.00260201745853	0.0540053769071
908	0.000898270779099	0.0557905072658
909	-0.000805475900329	0.0577731572154
910	-0.00250922257976	0.0599337276987
911	-0.00421296925919	0.0622536967952
912	-0.00591671593861	0.0647159241689
913	-0.00881114072208	0.068228313873
914	-0.0126344898536	0.0725275567669
915	-0.0164578389851	0.0768708378888
916	-0.0202811881166	0.0812510953489
917	-0.0241045372482	0.0856626571125
918	-0.028000221928	0.0901654515084
919	-0.0333096470097	0.0960010001955
920	-0.0387479304229	0.102064961574
921	-0.0441862138361	0.108223399493
922	-0.0496244972493	0.114461065385
923	-0.0553637759151	0.121164355555
924	-0.0618481055952	0.128891307645
925	-0.0688459930773	0.137322382095
926	-0.0766595150069	0.146879807852
927	-0.0848463415269	0.156060328209
928	-0.0939755459909	0.164236222649
929	-0.104061155364	0.171494752069
930	-0.115085707651	0.177993702917
931	-0.127004832129	0.183944791319
932	-0.139890094268	0.189484150983
933	-0.152564843247	0.193681690626
934	-0.165011439604	0.197342309378
935	-0.177494391336	0.201898682214
936	-0.189977343067	0.207314654832
937	-0.202460294798	0.213524827023
938	-0.214870910982	0.220408960422
939	-0.225867786763	0.227004253653
940	-0.236735804212	0.234283330991
941	-0.247603821662	0.24227073014
942	-0.258471839112	0.250898811642
943	-0.269038861309	0.259631370772
944	-0.278689376044	0.267467973834
945	-0.286519586331	0.27305831635
946	-0.293308618585	0.277720314268
947	-0.299619417198	0.282577305758
948	-0.303911024045	0.287862353215
949	-0.304569151175	0.294461231186
950	-0.303361840561	0.299436911773
951	-0.300200153801	0.303068916416
952	-0.293482318295	0.308904929582
953	-0.285419522747	0.314602421721
954	-0.276655955472	0.319910231262
955	-0.267856032823	0.325542950453
956	-0.258645118923	0.331416684562
957	-0.247160849695	0.340768331475
958	-0.234263291407	0.351716745038
959	-0.220974784714	0.362969648478
960	-0.20768627802	0.374631542382
961	-0.194397771327	0.386665422857
962	-0.181109264633	0.399037637039
963	-0.16782075794	0.411717685033
964	-0.155167374886	0.423545016523
965	-0.145988755425	0.429360480022
966	-0.140305991272	0.429013497549
967	-0.135826403879	0.426842217796
968	-0.132423630307	0.423384497975
969	-0.131697931544	0.416635669472
970	-0.13189872761	0.410378740958
971	-0.133159327631	0.40428186672
972	-0.137009938738	0.394248045665
973	-0.141225344943	0.383696000144
974	-0.145440751149	0.373280757532
975	-0.149508229027	0.362933346397
976	-0.153324670918	0.352459875831
977	-0.159331985007	0.338781326442
978	-0.166752588157	0.324204686166
979	-0.174564139713	0.310138731969
980	-0.182375691268	0.296542687931
981	-0.190187242823	0.283484173502
982	-0.197998794378	0.271040892948
983	-0.205810345933	0.259301432384
984	-0.21293294251	0.249106364415
985	-0.215683140562	0.243422946736
986	-0.214243734188	0.24177848371
987	-0.211702715661	0.24140011228
988	-0.209161697134	0.241062008723
989	-0.206620678606	0.240764342681
990	-0.204079660079	0.240507264297
991	-0.201538641552	0.240290903843
992	-0.198997623024	0.240115371386
993	-0.196456604497	0.239980756517
994	-0.19391558597	0.23988712812
995	-0.191522495769	0.23985801142
996	-0.189791432807	0.239971860072
997	-0.188142852974	0.240135516764
998	-0.186494273141	0.240335759738
999	-0.184645174188	0.240770748134
1000	-0.181242724992	0.242786015326
1001	-0.176296728479	0.246442000718
1002	-0.171350731966	0.250220788243
1003	-0.166404735452	0.254116899657
1004	-0.160689633815	0.257897118904
1005	-0.154105139112	0.261182461175
1006	-0.148208173506	0.264518817098
1007	-0.142314572345	0.26803525576
1008	-0.136420971183	0.271725351115
1009	-0.130527370022	0.275582127366
1010	-0.12463376886	0.279598687024
1011	-0.118740167699	0.283768245272
1012	-0.112846566537	0.288084158955
1013	-0.106952965376	0.292539950492
1014	-0.101059364214	0.297129327067
1015	-0.0951657630526	0.30184619552
1016	-0.0894884957471	0.30669654913
1017	-0.086312022955	0.31189214842
1018	-0.0831436248511	0.317363810357
1019	-0.0801757458669	0.322811403984
1020	-0.0787612171264	0.326276708713
1021	-0.0788902357026	0.327751758798
1022	-0.0790192542788	0.329439528485
1023	-0.079148272855	0.331336767124
1024	-0.0801002278942	0.333054677713
1025	-0.0828192109307	0.334060728941
1026	-0.0855444139882	0.335132818733
1027	-0.0882696170458	0.336273162967
1028	-0.0909948201033	0.337481069751
1029	-0.0937200231608	0.338755816359
1030	-0.0964452262183	0.340096651207
1031	-0.0991704292759	0.341502795855
1032	-0.101895632333	0.342973447017
1033	-0.104620835391	0.344507778591
1034	-0.107346038448	0.346104943665
1035	-0.110071241506	0.347764076519
1036	-0.112580110707	0.349345527944
1037	-0.112534690546	0.349316441545
1038	-0.110801326685	0.348218971631
1039	-0.107706707221	0.346320983758
1040	-0.104611414867	0.34450236597
1041	-0.101516122514	0.3427648096
1042	-0.0984208301607	0.341109553388
1043	-0.0953255378073	0.339537800986
1044	-0.0922302454538	0.338050717136
1045	-0.0891349531004	0.336649423861
1046	-0.086039660747	0.335334996665
1047	-0.0829443683936	0.334108460778
1048	-0.0798490760402	0.332970787474
1049	-0.0765440562351	0.332214741752
1050	-0.0705535735177	0.335302183164
1051	-0.0642499847282	0.338952914904
1052	-0.0579463959387	0.34272725489
1053	-0.0516428071492	0.346621165256
1054	-0.0453392183597	0.350630662376
1055	-0.0390356295701	0.354751827096
1056	-0.0327320407806	0.358980813546
1057	-0.0264819468412	0.363321328697
1058	-0.0219117219117	0.367972973212
1059	-0.0186684070068	0.37286716756
1060	-0.0147494046402	0.377964904002
1061	-0.0104864080912	0.383179171828
1062	-0.0062234115422	0.388428211133
1063	-0.00196041499322	0.393710631176
1064	0.00230258155576	0.399025106245
1065	0.00656557810474	0.404370372484
1066	0.0108285746537	0.409745224849
1067	0.0146124740488	0.415246446219
1068	0.017852342201	0.420902419979
1069	0.0192476977891	0.426658384442
1070	0.0179575904649	0.4281287682
1071	0.0163543770685	0.42916598533
1072	0.0147511636722	0.430280120025
1073	0.0134924861756	0.431581819061
1074	0.0117609236274	0.43175119411
1075	0.00773958825669	0.428360346993
1076	0.00136490744175	0.42142793791
1077	-0.00589235236611	0.413421919788
1078	-0.013149612174	0.405777067904
1079	-0.0204412175617	0.398493332528
1080	-0.0284091833002	0.391161951207
1081	-0.0367211432209	0.38393316709
1082	-0.0450331031417	0.377034223364
1083	-0.0533450630624	0.370483546812
1084	-0.0597626042621	0.364634218462
1085	-0.0655725017659	0.359435759322
1086	-0.0712784379468	0.354765067397
1087	-0.0756079788977	0.349860726215
1088	-0.0791162581339	0.345040134721
1089	-0.0809897522576	0.339831670593
1090	-0.0828588726039	0.335263148668
1091	-0.0841817674407	0.331049090414
1092	-0.086628183494	0.32661026182
1093	-0.0917911955329	0.321466381014
1094	-0.0974937181897	0.317405441894
1095	-0.100906468024	0.315621072442
1096	-0.101965872414	0.315357024967
1097	-0.102142697811	0.315825549206
1098	-0.102319523208	0.31678612137
1099	-0.102496348605	0.318234285831
1100	-0.102673174003	0.320163426221
1101	-0.102844049814	0.322572318116
1102	-0.102723125508	0.325804109426
1103	-0.102953497611	0.329048397799
1104	-0.105959369178	0.329770908316
1105	-0.110481278566	0.329160078522
1106	-0.116015543617	0.32786529316
1107	-0.123089662404	0.326301910542
1108	-0.130481577017	0.325096096186
1109	-0.137873491631	0.324273769732
1110	-0.145269780022	0.323837720247
1111	-0.153212293922	0.32375429738
1112	-0.160031286606	0.323001876367
1113	-0.164478219204	0.320582076226
1114	-0.168642168681	0.31744151464
1115	-0.1751356617	0.314244202144
1116	-0.182271091588	0.3112005741
1117	-0.18840401574	0.309154385188
1118	-0.193970917689	0.30770747184
1119	-0.199537819638	0.306410391349
1120	-0.205104721587	0.305265053656
1121	-0.210677573122	0.304268900725
1122	-0.216542224774	0.303223922158
1123	-0.222055580018	0.302584851472
1124	-0.226687854519	0.302692231793
1125	-0.230411734894	0.303555828297
1126	-0.233227220929	0.305201543049
1127	-0.235400151304	0.307491488596
1128	-0.237532516325	0.310013977069
1129	-0.239664881345	0.312735274983
1130	-0.241797246366	0.315650240426
1131	-0.243929611387	0.318753560238
1132	-0.246061639963	0.322039609127
1133	-0.247656365727	0.325197245619
1134	-0.247703782303	0.32757826876
1135	-0.244562039013	0.328152799947
1136	-0.240772975743	0.328412676998
1137	-0.23798641821	0.327754111465
1138	-0.235765882878	0.326588654193
1139	-0.233545347547	0.325468186637
1140	-0.231324812216	0.324393174986
1141	-0.229104276885	0.323364072591
1142	-0.226883741554	0.322381319105
1143	-0.224663206222	0.321445339635
1144	-0.222442670891	0.320556543902
1145	-0.22022213556	0.319715325412
1146	-0.218001600229	0.318922060649
1147	-0.215781064898	0.31817710828
1148	-0.213560529566	0.317480808394
1149	-0.21065533807	0.317757665441
1150	-0.207349422302	0.318497837734
1151	-0.20381876078	0.319235480083
1152	-0.200288435702	0.320033746314
1153	-0.197295413436	0.320995332491
1154	-0.19512028781	0.322142280074
1155	-0.193804778508	0.323457947941
1156	-0.192494652316	0.324779480591
1157	-0.191184526125	0.326105823147
1158	-0.189874399934	0.327436917159
1159	-0.188564273742	0.328772704917
1160	-0.187254147551	0.33011312944
1161	-0.18594402136	0.331458134475
1162	-0.184633895169	0.332807664488
1163	-0.183323768977	0.334161664656
1164	-0.182013642786	0.335520080859
1165	-0.180703516595	0.336882859678
1166	-0.179393390403	0.338249948383
1167	-0.178025336691	0.339580217577
1168	-0.174369589332	0.339321005198
1169	-0.169087363435	0.336622522958
1170	-0.160948609748	0.33058422169
1171	-0.150908081325	0.322992950666
1172	-0.140423317604	0.315758486882
1173	-0.129938553884	0.309182486837
1174	-0.119453790163	0.303307781909
1175	-0.108969026442	0.298175826045
1176	-0.0984578240065	0.29382517562
1177	-0.0879136474433	0.290300085134
1178	-0.07736947088	0.287634946158
1179	-0.0668252943168	0.285853812808
1180	-0.0562811177535	0.284973261139
1181	-0.0457369411903	0.285001638686
1182	-0.035192764627	0.285938674834
1183	-0.0246485880638	0.287775493571
1184	-0.0141044115005	0.29049502725
1185	-0.00356023493725	0.294072787309
1186	0.006983941626	0.298477913482
1187	0.0174701906678	0.303609540815
1188	0.0256687460641	0.306765004012
1189	0.0319765132343	0.308113241067
1190	0.0373307634782	0.312240098431
1191	0.0423794989717	0.318678758662
1192	0.0469839991672	0.324735148766
1193	0.0515717323495	0.330947700943
1194	0.0557976225685	0.337321356804
1195	0.0596792478714	0.343868636122
1196	0.0624126660865	0.350644562799
1197	0.0636024550628	0.357820904364
1198	0.0646859628099	0.365365575733
1199	0.065769470557	0.373245855988
1200	0.0668529783041	0.381440945423
1201	0.0679364860512	0.389930995729
1202	0.0690199937984	0.398697164232
1203	0.0698056151696	0.407907613313
1204	0.0688513977621	0.417667427138
1205	0.0654493688135	0.427657507164
1206	0.0604657883761	0.437650723631
1207	0.0537442332214	0.444950722596
1208	0.0447587496347	0.448485834177
1209	0.0330364103995	0.447340891375
1210	0.0175844268961	0.439738869174
1211	0.000294207930031	0.429026570672
1212	-0.016996011036	0.4184437886
1213	-0.0342694629888	0.407988489922
1214	-0.0511810719782	0.39741359854
1215	-0.0677484160516	0.386721602398
1216	-0.0831939917521	0.375308735098
1217	-0.0971289123413	0.362879251271
1218	-0.110957551701	0.350530737654
1219	-0.124786191062	0.338362210043
1220	-0.138614830422	0.326393799631
1221	-0.152443469782	0.314648343072
1222	-0.166272109142	0.303151756165
1223	-0.179802862126	0.291657283553
1224	-0.191593776331	0.279924902302
1225	-0.200936878996	0.268495040768
1226	-0.208698430171	0.257832659834
1227	-0.21472200663	0.249920204803
1228	-0.218481654656	0.245164463353
1229	-0.219924793512	0.243378500209
1230	-0.219942023234	0.243357313488
1231	-0.21960181494	0.243167609347
1232	-0.217592475949	0.242093120749
1233	-0.215537162862	0.241076127194
1234	-0.213481849776	0.240143187846
1235	-0.21142653669	0.239295285813
1236	-0.209371223604	0.23853332793
1237	-0.207315910517	0.237858140142
1238	-0.205260597431	0.237270463201
1239	-0.203205284345	0.236770948726
1240	-0.201149971259	0.236360155677
1241	-0.199094658172	0.236038547275
1242	-0.197039345086	0.235806488429
1243	-0.194984032	0.235664243678
1244	-0.192928718914	0.235611975691
1245	-0.190873405827	0.235649744339
1246	-0.188818092741	0.235777506354
1247	-0.186762779655	0.235995115575
1248	-0.184707466569	0.236302323784
1249	-0.182652153483	0.236698782112
1250	-0.180596840396	0.23718404301
1251	-0.178881735605	0.237656560461
1252	-0.178600482269	0.237739887911
1253	-0.177521713443	0.238074701913
1254	-0.176169534063	0.238528317507
1255	-0.174817354683	0.239019493504
1256	-0.173465175303	0.239547998859
1257	-0.172112995923	0.24011358708
1258	-0.170760816542	0.240715996776
1259	-0.169408637162	0.241354952233
1260	-0.168056457782	0.242030164012
1261	-0.166704278402	0.24274132956
1262	-0.165352099022	0.243488133841
1263	-0.163999919641	0.244270249983
1264	-0.162647740261	0.245087339928
1265	-0.161295560881	0.245939055091
1266	-0.159943381501	0.246825037032
1267	-0.159200223747	0.247326431818
1268	-0.161474320152	0.245824484156
1269	-0.16901650896	0.241547042327
1270	-0.17694028293	0.238265137217
1271	-0.1848640569	0.236275772309
1272	-0.193023110111	0.235612403658
1273	-0.201831209435	0.23648645346
1274	-0.208463380755	0.238224349117
1275	-0.217739334106	0.242168978004
1276	-0.227015287456	0.247800441981
1277	-0.235475799247	0.256026992026
1278	-0.241585068313	0.264350550272
1279	-0.246530380665	0.272265040702
1280	-0.251041681741	0.281285647943
1281	-0.25396012301	0.292878231069
1282	-0.256825983914	0.305029963937
1283	-0.259692494729	0.317616275837
1284	-0.2631767234	0.330007927596
1285	-0.268076729287	0.341503646237
1286	-0.273699409315	0.352822336327
1287	-0.279563119203	0.362983400459
1288	-0.282409574932	0.368914703242
1289	-0.279987938258	0.367083882764
1290	-0.277184716421	0.365091921885
1291	-0.274381494585	0.363534077054
1292	-0.271578272749	0.362415946457
1293	-0.268969494384	0.362006698737
1294	-0.268810054578	0.365297870153
1295	-0.266006832741	0.365394671082
1296	-0.263203610905	0.365933568678
1297	-0.261215830628	0.365439716777
1298	-0.261579293076	0.366810412796
1299	-0.263366784245	0.369940889643
1300	-0.266707974609	0.373141087837
1301	-0.272392578108	0.374063251608
1302	-0.276548831082	0.374651456087
1303	-0.280230096073	0.375374242062
1304	-0.283293643209	0.376397812298
1305	-0.284941413127	0.377694978072
1306	-0.285866508906	0.379175753349
1307	-0.285941553199	0.380823142367
1308	-0.286016597491	0.382606121206
1309	-0.286091641783	0.384522803738
1310	-0.286166686076	0.386571201193
1311	-0.286241730368	0.388749231482
1312	-0.286316774661	0.391054728588
1313	-0.286391818953	0.393485451971
1314	-0.286466863246	0.396039095875
1315	-0.28621684383	0.398373525586
1316	-0.284531891309	0.399357763335
1317	-0.282091881829	0.399762874388
1318	-0.279651872349	0.400379037786
1319	-0.276951790863	0.400933715467
1320	-0.273132021456	0.400486777738
1321	-0.268561698722	0.399069480274
1322	-0.26557230688	0.397063253611
1323	-0.262499884457	0.394503153903
1324	-0.257309136923	0.390415771914
1325	-0.252008592432	0.386558711117
1326	-0.246708047941	0.383031343984
1327	-0.24140750345	0.379842855611
1328	-0.236106958959	0.377001844287
1329	-0.230806414468	0.374516217785
1330	-0.225505869977	0.372393092477
1331	-0.220205325485	0.370638697947
1332	-0.214904780994	0.3692582899
1333	-0.209604236503	0.368256074023
1334	-0.204303692012	0.367635143317
1335	-0.199328211229	0.367400959212
1336	-0.195787663552	0.367440340988
1337	-0.193002172833	0.367591717272
1338	-0.190216682114	0.367848980919
1339	-0.187431191395	0.368211909984
1340	-0.184645700676	0.368680192416
1341	-0.181860209957	0.369253427391
1342	-0.179074719238	0.369931127016
1343	-0.17684659717	0.370548040142
1344	-0.176736800212	0.370580153164
1345	-0.176736800212	0.370580153164
1346	-0.176736800212	0.370580153164
1347	-0.176718140149	0.370585626758
1348	-0.17493175959	0.371110816972
1349	-0.171886553813	0.371600702552
1350	-0.167877223168	0.371882803814
1351	-0.16135420663	0.375136035636
1352	-0.151815811862	0.382147023641
1353	-0.140336906898	0.386705984072
1354	-0.128093263077	0.390278517491
1355	-0.115758779266	0.393830780177
1356	-0.103380557682	0.397428519734
1357	-0.091002336097	0.401130533465
1358	-0.0785386576321	0.404817912465
1359	-0.0659585694011	0.408449715813
1360	-0.0533132104104	0.412096068554
1361	-0.0398862904873	0.414816170105
1362	-0.0261286457086	0.417230898938
1363	-0.0123710009298	0.419777827765
1364	0.00138664384893	0.422454565537
1365	0.0151442886277	0.425258661062
1366	0.0289019334064	0.428187612246
1367	0.0426409181221	0.431232809966
1368	0.0546121823422	0.433867690916
1369	0.0653246213432	0.436709898009
1370	0.0750729354775	0.439939597823
1371	0.0823075637175	0.439879371682
1372	0.0873388466819	0.435328425254
1373	0.0913856022221	0.432468051031
1374	0.0954991484653	0.43028190548
1375	0.0995218547175	0.428238987526
1376	0.103500823196	0.426289223947
1377	0.107479791675	0.424386252436
1378	0.111373303274	0.422622361434
1379	0.115150405106	0.421031279409
1380	0.118862236179	0.419558715843
1381	0.121792506319	0.418975729607
1382	0.124392051604	0.418803443193
1383	0.126991596888	0.418687236079
1384	0.129591142173	0.418627154966
1385	0.132190687458	0.41862322402
1386	0.134790232742	0.418675444821
1387	0.137389778027	0.418783796366
1388	0.139989323312	0.418948235101
1389	0.142588868596	0.41916869502
1390	0.145188413881	0.419445087788
1391	0.147787959166	0.419777302922
1392	0.149575471497	0.420038064027
1393	0.150407001056	0.420168327327
1394	0.150407001056	0.420168327327
1395	0.150407001056	0.420168327327
1396	0.150407001056	0.420168327327
1397	0.150407001056	0.420168327327
1398	0.150407001056	0.420168327327
1399	0.150407001056	0.420168327327
1400	0.150382047662	0.420124856187
1401	0.14882929118	0.417423117803
1402	0.144979675233	0.410734598443
1403	0.139715413608	0.400363968267
1404	0.132778290918	0.3865131631
1405	0.123838347924	0.36933843371
1406	0.113500121916	0.3505854835
1407	0.103111394824	0.332651910599
1408	0.0927226677331	0.315773527065
1409	0.0823339406419	0.300128408437
1410	0.0719452135506	0.285919074378
1411	0.0615564864594	0.273369506386
1412	0.0511677593681	0.262717664683
1413	0.0407790322769	0.254202222722
1414	0.0303903051857	0.248043308968
1415	0.0200015780944	0.24441912895
1416	0.00961285100317	0.243442914163
1417	-0.000775876088066	0.245146300607
1418	-0.0111646031793	0.249474406168
1419	-0.0215533302705	0.256294292466
1420	-0.0319171039679	0.265397144752
1421	-0.0407530745774	0.275305428302
1422	-0.0472921857206	0.284471528668
1423	-0.0524166511872	0.291103141788
1424	-0.0558682555883	0.295157171912
1425	-0.0573170396859	0.296648803038
1426	-0.0573675407687	0.296701193498
1427	-0.0573675407687	0.296701193498
1428	-0.0573675407687	0.296701193498
1429	-0.0573675407687	0.296701193498
1430	-0.0573675407687	0.296701193498
1431	-0.0573675407687	0.296701193498
1432	-0.0573675407687	0.296701193498
1433	-0.0573675407687	0.296701193498
1434	-0.0573375371754	0.296670064193
1435	-0.0558002278071	0.295087674638
1436	-0.0528705770809	0.29214161783
1437	-0.0490101666083	0.288381871255
1438	-0.0450414181629	0.284416795205
1439	-0.0418704056596	0.279720766381
1440	-0.0412258260607	0.272509561682
1441	-0.0405968437206	0.265525743159
1442	-0.0399678613805	0.258805717809
1443	-0.0393388790404	0.252370559057
1444	-0.0387098967003	0.246242601522
1445	-0.0380809143602	0.24044533422
1446	-0.0374519320201	0.235003231701
1447	-0.03682294968	0.229941512758
1448	-0.0361939673399	0.22528581821
1449	-0.0355649849998	0.221061802901
1450	-0.0349360026597	0.217294642674
1451	-0.0343070203196	0.214008464753
1452	-0.0336780379795	0.211225719207
1453	-0.0330490556394	0.208966519187
1454	-0.0321292472549	0.207272794638
1455	-0.03047806644	0.206321179935
1456	-0.0299269154451	0.205811094461
1457	-0.0303065241965	0.206067300895
1458	-0.0307944709207	0.20705617129
1459	-0.0304846817028	0.208425584124
1460	-0.0276484595806	0.20989143514
1461	-0.0271376230072	0.214581044329
1462	-0.0273138066533	0.220383085138
1463	-0.0274899902994	0.226387557108
1464	-0.0276661739455	0.23257878231
1465	-0.0278423575915	0.238942244313
1466	-0.0280185412376	0.245464548199
1467	-0.0281947248837	0.252133367283
1468	-0.0283709085298	0.258937381506
1469	-0.0285470921758	0.26586621138
1470	-0.0287232758219	0.272910350363
1471	-0.028899459468	0.280061097774
1472	-0.0290756431141	0.287310493728
1473	-0.0292518267602	0.294651257074
1474	-0.029748840044	0.301739637352
1475	-0.0324845315331	0.30652767775
1476	-0.0355125345603	0.311039734997
1477	-0.0385405375874	0.315581559049
1478	-0.0415685406146	0.32015188305
1479	-0.0445965436417	0.32474950373
1480	-0.0476245466689	0.329373278015
1481	-0.0483115668883	0.330425887836
1482	-0.0483115668883	0.330425887836
1483	-0.0483115668883	0.330425887836
1484	-0.0483115668883	0.330425887836
1485	-0.0483115668883	0.330425887836
1486	-0.0483115668883	0.330425887836
1487	-0.0478828095037	0.330426461842
1488	-0.0453360503279	0.331248603271
1489	-0.0410962887013	0.333279787142
1490	-0.0357669409176	0.336563169372
1491	-0.0303920559229	0.339839954038
1492	-0.02361520547	0.340999352007
1493	-0.0162902864503	0.341363078157
1494	-0.00896536743058	0.341774100181
1495	-0.0016404484109	0.342232247673
1496	0.00568447060879	0.34273733165
1497	0.0130093896285	0.343289144938
1498	0.0203372331342	0.343887867394
1499	0.0286018878354	0.344676542667
1500	0.0371290966297	0.345585936403
1501	0.0456563054239	0.346579381928
1502	0.0541835142182	0.347656158695
1503	0.0627107230125	0.348815494986
1504	0.0712379318067	0.350056570527
1505	0.079765140601	0.351378519206
1506	0.0882923493953	0.352780431874
1507	0.0963908008049	0.354120113278
1508	0.102371250423	0.354398686358
1509	0.106658697591	0.353327759101
1510	0.109856558602	0.350942962771
1511	0.113008882401	0.348617483967
1512	0.114759240742	0.348281469795
1513	0.115961530517	0.348729347084
1514	0.117163820292	0.34919105052
1515	0.118366110066	0.349666525335
1516	0.119568399841	0.350155715429
1517	0.120770689615	0.3506585634
1518	0.121970054904	0.351173737906
1519	0.122232608997	0.351288314899
1520	0.122232608997	0.351288314899
1521	0.122232608997	0.351288314899
1522	0.122232608997	0.351288314899
1523	0.122232608997	0.351288314899
1524	0.122232608997	0.351288314899
1525	0.122232608997	0.351288314899
1526	0.122232608997	0.351288314899
1527	0.122232608997	0.351288314899
1528	0.122232608997	0.351288314899
1529	0.122232608997	0.351288314899
1530	0.122232608997	0.351288314899
1531	0.122233281886	0.35128736549
1532	0.122978170744	0.350237362511
1533	0.12378563844	0.349101406107
1534	0.124593106136	0.347967821502
1535	0.125400573832	0.346836631953
1536	0.126208041528	0.34570786097
1537	0.127015509224	0.34458153232
1538	0.12782297692	0.343457670032
1539	0.128630444615	0.342336298397
1540	0.129437912311	0.341217441969
1541	0.130245380007	0.340101125573
1542	0.131052847703	0.338987374303
1543	0.131860315399	0.337876213524
1544	0.132667783095	0.336767668879
1545	0.133475250791	0.335661766287
1546	0.134556670108	0.33489207371
1547	0.136326619344	0.334971601389
1548	0.138335557326	0.334842239539
1549	0.140883815699	0.334006156782
1550	0.143432074072	0.333197013809
1551	0.146272030393	0.332028323626
1552	0.148580067634	0.331592529902
1553	0.150825526037	0.331262037336
1554	0.153070984441	0.330954006275
1555	0.155316442844	0.330668499491
1556	0.15756222619	0.330405695314
1557	0.160971631053	0.330594836833
1558	0.164789489775	0.33096246244
1559	0.168789641942	0.331430609322
1560	0.17278979411	0.331930979651
1561	0.17767995155	0.333080117575
1562	0.184962369937	0.335939844717
1563	0.192332805978	0.338904757547
1564	0.200875775311	0.340704367874
1565	0.211629267979	0.340265087206
1566	0.222805859678	0.338868142461
1567	0.233541202998	0.33683736945
1568	0.244797598997	0.335493272128
1569	0.255514674606	0.335057312931
1570	0.266231750215	0.334830938085
1571	0.276656454986	0.335221793513
1572	0.286868862869	0.336136708436
1573	0.297081270751	0.337283181496
1574	0.307293678634	0.338658860997
1575	0.317506086516	0.340260966895
1576	0.327884865846	0.34216060293
1577	0.337806774836	0.344075583496
1578	0.347779049331	0.346227507413
1579	0.357569030381	0.348507685857
1580	0.367359011431	0.350993988056
1581	0.376258987208	0.352739312455
1582	0.382766702039	0.352156329955
1583	0.389186399215	0.35171217466
1584	0.394433563099	0.351853548216
1585	0.397470203648	0.352800685627
1586	0.399809793546	0.354021650019
1587	0.401902101903	0.355155425758
1588	0.403234368835	0.355897767979
1589	0.404566635766	0.356655877561
1590	0.405898902698	0.357429654176
1591	0.407292402512	0.358118943814
1592	0.409839234557	0.356941138747
1593	0.412651857784	0.355349746587
1594	0.415464481011	0.353779384873
1595	0.418277104238	0.352230334886
1596	0.420923031075	0.350592987224
1597	0.422862206734	0.348502487609
1598	0.424420549731	0.346164776342
1599	0.426323332859	0.344061556737
1600	0.428226115987	0.34196493969
1601	0.430128899115	0.339875047389
1602	0.432031682243	0.337792004652
1603	0.433934465371	0.335715938978
1604	0.435837248499	0.333646980609
1605	0.437740031626	0.331585262584
1606	0.439642814754	0.329530920801
1607	0.440538224079	0.326904073516
1608	0.440282387684	0.323678997453
1609	0.440021683447	0.320538970356
1610	0.439760979209	0.317489365575
1611	0.439439042089	0.314628346841
1612	0.437963772739	0.313655601989
1613	0.436222712206	0.313179624661
1614	0.434481651673	0.312786181078
1615	0.432670818731	0.312455693957
1616	0.43008140062	0.312025608948
1617	0.426534638651	0.31158159241
1618	0.421978779212	0.311245121832
1619	0.416111671126	0.310995303652
1620	0.409270993588	0.311405565067
1621	0.401497282646	0.312803061568
1622	0.392818264351	0.315398513933
1623	0.38390536882	0.318925723186
1624	0.374597906928	0.323503529108
1625	0.364383673187	0.329584259286
1626	0.353206958022	0.33748326757
1627	0.342076757503	0.346520653755
1628	0.331213206822	0.356360083749
1629	0.319520769702	0.368092186342
1630	0.307059483029	0.381798655933
1631	0.293706839671	0.397758784606
1632	0.280115401218	0.415151181925
1633	0.266523962765	0.433540101299
1634	0.252932524311	0.452804149136
1635	0.239410858268	0.472721266021
1636	0.226667777392	0.4919813171
1637	0.214882040376	0.510090589387
1638	0.204027414127	0.526934241754
1639	0.194139596395	0.542325475671
1640	0.185225348114	0.556154373214
1641	0.177244133237	0.568749855817
1642	0.170168225714	0.58139136392
1643	0.163326195427	0.594166469918
1644	0.1568787315	0.606313407124
1645	0.151338039423	0.616831306862
1646	0.146759828769	0.62557466227
1647	0.143142477273	0.632515217907
1648	0.140409721658	0.637776756621
1649	0.138510720325	0.64144203607
1650	0.137380568545	0.643626801418
1651	0.137141773449	0.644088756926
1652	0.137141773449	0.644088756926
1653	0.137141773449	0.644088756926
1654	0.137141773449	0.644088756926
1655	0.137141773449	0.644088756926
1656	0.137141773449	0.644088756926
1657	0.137141773449	0.644088756926
1658	0.137141773449	0.644088756926
1659	0.137141773449	0.644088756926
1660	0.137141773449	0.644088756926
1661	0.137141773449	0.644088756926
1662	0.137141773449	0.644088756926
1663	0.137141773449	0.644088756926
1664	0.137141773449	0.644088756926
1665	0.137141773449	0.644088756926
1666	0.137141773449	0.644088756926
1667	0.137141773449	0.644088756926
1668	0.137141773449	0.644088756926
1669	0.137141773449	0.644088756926
1670	0.137141773449	0.644088756926
1671	0.137141773449	0.644088756926
1672	0.137141773449	0.644088756926
1673	0.137141773449	0.644088756926
1674	0.137141773449	0.644088756926
1675	0.137141773449	0.644088756926
1676	0.137141773449	0.644088756926
1677	0.137141773449	0.644088756926
1678	0.137141773449	0.644088756926
1679	0.137141773449	0.644088756926
1680	0.137141773449	0.644088756926
1681	0.137141773449	0.644088756926
1682	0.137141773449	0.644088756926
1683	0.137141773449	0.644088756926
1684	0.137141773449	0.644088756926
1685	0.137141773449	0.644088756926
1686	0.137141773449	0.644088756926
1687	0.137141773449	0.644088756926
1688	0.137141773449	0.644088756926
1689	0.137141773449	0.644088756926
1690	0.137141773449	0.644088756926
1691	0.137141773449	0.644088756926
1692	0.137141773449	0.644088756926
1693	0.137141773449	0.644088756926
1694	0.137141773449	0.644088756926
1695	0.137141773449	0.644088756926
1696	0.137141773449	0.644088756926
1697	0.137141773449	0.644088756926
1698	0.137141773449	0.644088756926
1699	0.137141773449	0.644088756926
1700	0.137141773449	0.644088756926
1701	0.137141773449	0.644088756926
