Time	Mean	Std
0	-0.00978732182023	0.0205390157249
1	-0.0124370079745	0.0251425612688
2	-0.0141367294406	0.0291416468898
3	-0.0146759426241	0.0357977136913
4	-0.0161717783665	0.0434147488844
5	-0.0207999129241	0.0519906944362
6	-0.0279057555653	0.0599764923968
7	-0.0341756167194	0.067838110789
8	-0.0397488266341	0.0752668164915
9	-0.0447353828735	0.0821694585115
10	-0.0492232834891	0.088539971245
11	-0.0556613023101	0.0987122768893
12	-0.061735010501	0.108387202925
13	-0.0678087186918	0.118157455269
14	-0.0738824268827	0.128001207189
15	-0.0799561350736	0.137902719976
16	-0.0860298432645	0.147850389382
17	-0.0919407564393	0.157595351628
18	-0.0966603828928	0.165659397229
19	-0.100668572244	0.173049923708
20	-0.103618510929	0.179611960533
21	-0.105112938014	0.18494789028
22	-0.106615029541	0.190101585036
23	-0.108701479305	0.192655846923
24	-0.11006437196	0.193929622604
25	-0.108928456929	0.19264629633
26	-0.105347561975	0.189245033454
27	-0.101766667021	0.18590017866
28	-0.0981857720673	0.182614831558
29	-0.0948710792725	0.178966673339
30	-0.0923740081081	0.174078334743
31	-0.0910007431795	0.168292041646
32	-0.0906914169055	0.162145480742
33	-0.0904933125464	0.156084469641
34	-0.0902952081873	0.150313910375
35	-0.0900971038282	0.144868515877
36	-0.0898989994691	0.139786291829
37	-0.08970089511	0.135108227453
38	-0.0895027907509	0.130877668524
39	-0.089917202571	0.127672294211
40	-0.0920317187045	0.12647683621
41	-0.0961302645254	0.127044089251
42	-0.100276156102	0.127937302419
43	-0.104828450925	0.128808303002
44	-0.111425890916	0.128334552178
45	-0.119299139707	0.127294404853
46	-0.127327305893	0.126660350352
47	-0.135849398915	0.126316055883
48	-0.144015447176	0.12701652193
49	-0.146517865103	0.134774915668
50	-0.142516311935	0.151030857594
51	-0.137672935526	0.169039080417
52	-0.132163773686	0.188182905512
53	-0.126282248793	0.208165537307
54	-0.119527417487	0.2287731162
55	-0.110947665006	0.249869644158
56	-0.0990463974948	0.271557168245
57	-0.0876263891541	0.293973326647
58	-0.0763540045455	0.316887901104
59	-0.0641012684711	0.339371001279
60	-0.0490340402858	0.35982389009
61	-0.0318867842598	0.378712010995
62	-0.0146782612479	0.397656946871
63	0.00293666501107	0.416412682203
64	0.0225899532243	0.433903487515
65	0.0433305351932	0.450933422607
66	0.0642234908869	0.468043311806
67	0.0855608084174	0.485026232258
68	0.106517668577	0.501553164064
69	0.122141284775	0.509767901491
70	0.130090803289	0.509079123486
71	0.136117595583	0.507983314137
72	0.142425048267	0.506954385682
73	0.149444336066	0.505712502453
74	0.155595860654	0.504498043476
75	0.159922464069	0.503047312982
76	0.156450168762	0.493213156473
77	0.154331334662	0.481428133269
78	0.156754840199	0.472967596264
79	0.15888919857	0.46462095035
80	0.159348420056	0.456245124917
81	0.158963573904	0.447509906735
82	0.159393428058	0.438369657611
83	0.160136630185	0.429297206077
84	0.16085060751	0.42047296994
85	0.160177748599	0.409042946042
86	0.157225270374	0.39408792058
87	0.152979195995	0.377272741002
88	0.149412968065	0.359979067428
89	0.146590595749	0.342041583984
90	0.146910515859	0.322095559515
91	0.149178799416	0.301846048159
92	0.151200265178	0.281764399721
93	0.152248754685	0.261551929694
94	0.15329170099	0.241657925589
95	0.154334647295	0.222170953868
96	0.15985497729	0.210149647733
97	0.164503105249	0.200547268807
98	0.164009353374	0.188559078622
99	0.162239818885	0.176710378023
100	0.161407593675	0.165912583454
101	0.160183596454	0.155487651157
102	0.158083631942	0.145109713406
103	0.155670319457	0.135010878412
104	0.153293014986	0.125467794209
105	0.152491061797	0.118109238986
106	0.153971271591	0.113339138806
107	0.156794642538	0.110064907018
108	0.158962579647	0.107794203132
109	0.160322476928	0.106586803068
110	0.160392384494	0.106689028997
111	0.159901927893	0.106462762428
112	0.159376828543	0.106246655534
113	0.158851729193	0.106062354978
114	0.158326629843	0.105910026803
115	0.157801530493	0.105789809124
116	0.157276431143	0.1057018115
117	0.156751331793	0.105646114444
118	0.156973396372	0.106428667697
119	0.157906397769	0.108107520268
120	0.156531082878	0.107378493211
121	0.153935862616	0.105476315097
122	0.15125093286	0.103586947119
123	0.148566003104	0.101802236109
124	0.145881073347	0.100127778544
125	0.143196143591	0.0985691934214
126	0.140511213835	0.0971320587836
127	0.137826284079	0.0958218393245
128	0.135141354323	0.0946438061139
129	0.132456424567	0.0936029501463
130	0.129906940319	0.092711919297
131	0.127916689718	0.0920017610752
132	0.125961081866	0.0914478250555
133	0.124005474014	0.0910507682301
134	0.122049866163	0.0908126483737
135	0.120094258311	0.0907347168149
136	0.118138650459	0.0908173859334
137	0.116183042607	0.0910602183257
138	0.114625065197	0.0911361044166
139	0.113497392565	0.0910932877593
140	0.114528953526	0.0933438835547
141	0.115787897049	0.0940089045155
142	0.115756895996	0.0921669757618
143	0.114973912275	0.0901757996114
144	0.112066461676	0.0892000808475
145	0.107525672541	0.0893354400603
146	0.10266328135	0.090239850423
147	0.0978008901586	0.0916725633685
148	0.0929384989672	0.0936093246493
149	0.0880761077758	0.096019638432
150	0.0832137165845	0.0988688767231
151	0.0783513253931	0.102120307094
152	0.0734889342017	0.105736833573
153	0.0686275848975	0.109681547123
154	0.06423951301	0.113532406044
155	0.0605172076976	0.117044675298
156	0.0568269404736	0.120696864971
157	0.0531366732495	0.124500380124
158	0.0490487755842	0.128326902193
159	0.0446187308018	0.132147272973
160	0.038902957857	0.134142395528
161	0.0338640376155	0.137277180164
162	0.0302047714449	0.142219103016
163	0.0272974879417	0.146564783785
164	0.0265146713162	0.148201145102
165	0.0273651932272	0.147795215422
166	0.0288154251713	0.146480685833
167	0.0336188975554	0.139802118071
168	0.0391431614009	0.13262168786
169	0.046168811842	0.124818469844
170	0.0521050210796	0.118563768784
171	0.0577045361696	0.113044142226
172	0.0633040512596	0.107836275544
173	0.0689025244624	0.102987624891
174	0.0740277202485	0.09855675437
175	0.0784871494595	0.0944038095307
176	0.0829145405822	0.0904658979431
177	0.0877734253749	0.0874359184033
178	0.0933841422428	0.0858637413215
179	0.0990368706173	0.0846904727027
180	0.104689598992	0.0838652510751
181	0.110342327366	0.0833984087831
182	0.115995055741	0.083295971785
183	0.121647784115	0.0835592802867
184	0.12730051249	0.0841849024876
185	0.132953240864	0.0851648540776
186	0.138327861262	0.0867941390366
187	0.14034924122	0.091705137311
188	0.141649829716	0.0960021141238
189	0.141449031617	0.0981940608409
190	0.142337674721	0.100301888815
191	0.143563011973	0.102252179993
192	0.144788349225	0.104228146003
193	0.146013686476	0.106228354114
194	0.147239023728	0.108251460538
195	0.14846436098	0.110296205248
196	0.149689698232	0.112361406933
197	0.150483541814	0.113709757765
198	0.15052555332	0.113781335442
199	0.151778453671	0.112395011199
200	0.155232370986	0.10924708632
201	0.160916301868	0.104861239644
202	0.167339359408	0.100531167886
203	0.177244825783	0.0965847753654
204	0.187231981314	0.0930013564618
205	0.197219136845	0.0896637202997
206	0.208256405249	0.085924503969
207	0.219871069406	0.0822052795466
208	0.231485733564	0.078951152402
209	0.242825078718	0.0762836884287
210	0.253297312616	0.0747022683197
211	0.266959761827	0.0732669710583
212	0.281936760493	0.0756967261006
213	0.296156813915	0.0834660947037
214	0.312087437332	0.0967972901015
215	0.328375657542	0.113355182814
216	0.344663312492	0.131765837595
217	0.360648835979	0.151364009724
218	0.37384418185	0.171386792292
219	0.379915918576	0.186538364762
220	0.378614525966	0.194722574522
221	0.374827214875	0.201178041461
222	0.369463820148	0.20807981025
223	0.35906041646	0.213349117623
224	0.346982953302	0.218120816456
225	0.333513229767	0.222491128722
226	0.31899339336	0.226628684487
227	0.304159498191	0.230185821854
228	0.289479020913	0.233620804481
229	0.275073862639	0.236662115175
230	0.261535815621	0.238031669164
231	0.24480755329	0.236608869751
232	0.226764741503	0.233009237999
233	0.20947887496	0.22840933569
234	0.190482438423	0.223330180168
235	0.171128405093	0.219387360425
236	0.151774937023	0.216866201623
237	0.132723600415	0.215664774366
238	0.116462441424	0.21463473418
239	0.106071991227	0.213797876448
240	0.100853653402	0.212964021996
241	0.0958912204901	0.212398291172
242	0.0917657445558	0.21205243243
243	0.0891978687488	0.211769979677
244	0.0882223632561	0.211360100133
245	0.0886391181388	0.210758679044
246	0.0890558730216	0.210160011127
247	0.0892092909128	0.209940324491
248	0.0892061819829	0.209941633285
249	0.0873151029394	0.210775308044
250	0.0853084281223	0.211741296849
251	0.0833017533053	0.212789932178
252	0.0812950784882	0.213919998633
253	0.0789979775693	0.215519709907
254	0.075817355319	0.218368987617
255	0.071759723816	0.222456879587
256	0.0673306595238	0.2271181395
257	0.0629015952315	0.231850277457
258	0.0584725309393	0.236649041571
259	0.0540434666471	0.24151046033
260	0.0496144023548	0.246430825738
261	0.0451853380626	0.251406676825
262	0.0407562737703	0.256434783683
263	0.0363272094781	0.261512132159
264	0.0318981451859	0.266635909252
265	0.0274690808936	0.271803489292
266	0.0230400166014	0.277012420901
267	0.0186109523092	0.282260414738
268	0.0141120495542	0.287522331431
269	0.0110534993818	0.29120128193
270	0.00765392631631	0.294719787277
271	0.00323309159193	0.298031109564
272	-0.00161052662283	0.301327082027
273	-0.00616371873568	0.304249090244
274	-0.00983338951718	0.305814902566
275	-0.012626051046	0.306021199566
276	-0.0148209297899	0.305328134111
277	-0.0164370400098	0.30378346689
278	-0.0175340292498	0.301509312724
279	-0.0186008037608	0.299301506007
280	-0.0195227559501	0.29698872151
281	-0.0208189865469	0.293683997656
282	-0.0251960633839	0.287029591844
283	-0.0323484001899	0.28080159748
284	-0.0431005273563	0.274341419696
285	-0.053593354269	0.268527466444
286	-0.0640861811816	0.264151878452
287	-0.0745790080943	0.261286927584
288	-0.0828842471326	0.257559739144
289	-0.0901718057082	0.254225739825
290	-0.0989583461985	0.250275805857
291	-0.107736749725	0.246210088221
292	-0.120130810698	0.238918740596
293	-0.132867388271	0.231921358906
294	-0.145603965844	0.225611883348
295	-0.158340543417	0.220049494845
296	-0.171303470986	0.215489316472
297	-0.184845167079	0.212224479209
298	-0.198905984151	0.210145985573
299	-0.212997015953	0.208846733065
300	-0.227232870076	0.208411801964
301	-0.241094445792	0.208912633455
302	-0.251746861167	0.209093049253
303	-0.258763124764	0.202087509612
304	-0.262179598002	0.188351507073
305	-0.265855371493	0.174080452407
306	-0.269531144984	0.160176935436
307	-0.273206918475	0.146745461336
308	-0.278997332448	0.137564382481
309	-0.285357809352	0.130343094331
310	-0.289762685675	0.125143534692
311	-0.293154437303	0.120993124655
312	-0.292363491656	0.119184854373
313	-0.291115364114	0.117623608855
314	-0.289867236572	0.116077802978
315	-0.288619109031	0.11454806181
316	-0.284908141729	0.108999086124
317	-0.27973936732	0.101432844503
318	-0.273622013016	0.0931740524781
319	-0.266624694124	0.0863856590796
320	-0.259064034952	0.0811863800251
321	-0.251503375781	0.0775395526045
322	-0.243745898957	0.0759162053815
323	-0.236249724845	0.0765569056843
324	-0.228554810525	0.0781233662935
325	-0.219587728441	0.0801685345389
326	-0.208436207132	0.0851651738697
327	-0.193239370749	0.0946663486425
328	-0.173285750901	0.110464501341
329	-0.153332131053	0.127671877208
330	-0.13268327836	0.145206955221
331	-0.108384852825	0.16021482768
332	-0.0829268768621	0.174000465567
333	-0.0575460582113	0.188261172228
334	-0.0314304480251	0.201869146907
335	-0.00506113802717	0.215514646301
336	0.0188453322104	0.228864933615
337	0.0412939953407	0.242505893897
338	0.0627940785764	0.256759548537
339	0.0834141972237	0.271960798138
340	0.103470975592	0.2879684533
341	0.12352775396	0.304534708248
342	0.143331551264	0.321618692295
343	0.16321948293	0.338568016451
344	0.18209973401	0.356454853706
345	0.199154382308	0.374224775583
346	0.214807241506	0.387334196539
347	0.227218630332	0.393021542874
348	0.235057619774	0.390122839049
349	0.242896609217	0.387897233908
350	0.250066623	0.386389747649
351	0.254341520406	0.38566735526
352	0.257319612962	0.385864003645
353	0.260260197536	0.386369186655
354	0.262465990575	0.387476166139
355	0.264418083801	0.388910558136
356	0.266370177028	0.390551454756
357	0.268322270255	0.392396265366
358	0.270274363481	0.394442128852
359	0.272226456708	0.396685934502
360	0.274178549935	0.399124343944
361	0.276130643161	0.401753813802
362	0.278010585699	0.404583953434
363	0.279206804778	0.407505873706
364	0.281211964236	0.40946497786
365	0.28377055871	0.410480737686
366	0.285546503062	0.411183068868
367	0.286518602709	0.411487449125
368	0.287306318276	0.411741195177
369	0.288094033843	0.412001284203
370	0.28876224332	0.412274086947
371	0.286474102613	0.41329592309
372	0.283300744386	0.414795856749
373	0.275050874198	0.420097250438
374	0.263717389082	0.426489161728
375	0.251932766436	0.433190617022
376	0.240207010417	0.440084861202
377	0.228946197313	0.447001577251
378	0.21770856631	0.454059376767
379	0.206470935307	0.461259182087
380	0.195233304304	0.468594447634
381	0.180188446053	0.469713135746
382	0.148740382782	0.444259115157
383	0.117015430257	0.419742038915
384	0.0852904777315	0.396881394536
385	0.0535655252063	0.375979451154
386	0.0218697516362	0.357416580289
387	0.00317721896794	0.356630000274
388	-0.009116199566	0.363232547665
389	-0.0213943874997	0.369496708676
390	-0.0335793265284	0.37582940353
391	-0.0435623718399	0.380766561363
392	-0.052667201546	0.385107500197
393	-0.0566955192918	0.385396438457
394	-0.0576402221098	0.383065999963
395	-0.0581337873975	0.380364839182
396	-0.0586862193125	0.377732221253
397	-0.0597035941414	0.375513170257
398	-0.0607441510723	0.373331459167
399	-0.0617847080033	0.371167666543
400	-0.0628252649343	0.369022107586
401	-0.0600585946163	0.371053945029
402	-0.0403620025163	0.391969301875
403	-0.0191816615835	0.414388582589
404	0.00308825464038	0.437907928492
405	0.027714695514	0.461456178812
406	0.0555390528303	0.484142858357
407	0.0704940518145	0.48733635869
408	0.0784706915608	0.481675122418
409	0.0846070715533	0.477645770877
410	0.0907434515459	0.473691666823
411	0.0968798315385	0.469814710178
412	0.103036185486	0.466006756498
413	0.109238987653	0.462249654364
414	0.116381833672	0.457885278172
415	0.122975429562	0.452180359129
416	0.130778821874	0.444926677724
417	0.138582214186	0.438066409805
418	0.14667785577	0.431437182057
419	0.156617639828	0.424199361052
420	0.16799719154	0.416001750609
421	0.178611949862	0.40836842564
422	0.188682279339	0.401456097573
423	0.197545749237	0.395419505972
424	0.205319643845	0.390037316409
425	0.210737013802	0.385504389647
426	0.212927288362	0.38196036713
427	0.214983680352	0.378650801867
428	0.217446579191	0.3754599006
429	0.221322821128	0.372203010549
430	0.223320770333	0.369517363725
431	0.225229206616	0.367063572962
432	0.227117668945	0.364833107345
433	0.228959683053	0.362829473445
434	0.229861653309	0.361017144021
435	0.231312873696	0.359223140904
436	0.231500597756	0.357868074408
437	0.229267875802	0.360137229338
438	0.225995064841	0.363552625485
439	0.220878111405	0.366780240275
440	0.214321390316	0.371416514414
441	0.208572700935	0.376891754218
442	0.202928721219	0.382438983901
443	0.197284741503	0.388042338788
444	0.191640761787	0.393699422469
445	0.184836811886	0.399770529464
446	0.176196735329	0.406528444543
447	0.167556658772	0.413421405847
448	0.158783265381	0.42029360339
449	0.150336904572	0.42707962277
450	0.143699550995	0.433146716919
451	0.136566690129	0.439039994301
452	0.128707632706	0.444753853471
453	0.120848575282	0.450499332875
454	0.112989517859	0.456275238015
455	0.10495155565	0.462356238092
456	0.0968070421382	0.468631146397
457	0.0910829746399	0.471198131944
458	0.0861067468778	0.472659943926
459	0.0811305191156	0.474173478795
460	0.0761542913534	0.475738242891
461	0.0711348252722	0.477345586605
462	0.0660283616091	0.478989023362
463	0.0609218979461	0.480685537613
464	0.0558154342831	0.482434569408
465	0.0518689408042	0.48362978336
466	0.0497585739819	0.483904811302
467	0.0476482071597	0.484212757851
468	0.0458438954265	0.484576800333
469	0.0441242371664	0.484968365655
470	0.0424738644055	0.485382940177
471	0.0414085118563	0.485837770406
472	0.0390567451554	0.489235544087
473	0.0365506478274	0.492915936499
474	0.0341898240887	0.496860904627
475	0.0320085259629	0.500569708661
476	0.0299874790433	0.504062878329
477	0.0278824675371	0.507614467718
478	0.0248937929012	0.511581293544
479	0.0217260918159	0.515639962647
480	0.0185583907307	0.519709281201
481	0.0153906896454	0.523789000999
482	0.0109076660384	0.52847022065
483	0.0216519006143	0.527060672117
484	0.0121998994268	0.534376575964
485	0.0022407812145	0.542244378823
486	-0.00664048217975	0.549914093853
487	-0.0117011679718	0.55585593056
488	-0.0155710044672	0.561314438258
489	-0.0180374043297	0.566362960405
490	-0.0212844012906	0.5734580538
491	-0.0237015548927	0.580274114238
492	-0.0231477164406	0.583516485437
493	-0.0221133061043	0.586367364898
494	-0.0206450042	0.588950493026
495	-0.0172694602064	0.591522219277
496	-0.0134176874143	0.593930223002
497	-0.00882021985119	0.59604510893
498	-0.0032111076306	0.597767573148
499	0.00257703103935	0.599515901867
500	0.0083651697093	0.601375197592
501	0.0141533083793	0.60334443444
502	0.0212567695709	0.604899764268
503	0.0143528048485	0.610104168667
504	0.0400940919065	0.585114354354
505	0.0661107391897	0.560453488742
506	0.0817606048225	0.552267661783
507	0.0908944479125	0.550402895305
508	0.102863226938	0.541986100977
509	0.114054877835	0.532617855503
510	0.124740812049	0.523238962429
511	0.132371024615	0.519112625547
512	0.139286052202	0.516868122468
513	0.146380143759	0.514952807289
514	0.152895361906	0.513126843474
515	0.157502717136	0.511173898185
516	0.161633843567	0.509375840995
517	0.165103239815	0.507800370137
518	0.168444654534	0.506296340248
519	0.171786069253	0.504826745992
520	0.175127483973	0.503391888963
521	0.180891040737	0.497730279901
522	0.187256600114	0.491086217864
523	0.192402327223	0.486639841447
524	0.185099038314	0.503976241822
525	0.178027506206	0.521200288767
526	0.180244900929	0.52194525046
527	0.184516425373	0.517081802674
528	0.184286920874	0.518849098929
529	0.185562409779	0.524484979546
530	0.188475290581	0.528260674848
531	0.19198666438	0.529664470007
532	0.191907937974	0.534282182721
533	0.189985279824	0.539031631373
534	0.188062329928	0.543792838464
535	0.186139380031	0.548565675226
536	0.184216430135	0.553349840728
537	0.181507822445	0.557137792925
538	0.175676450158	0.556951797481
539	0.169842284149	0.55680435773
540	0.164008118139	0.556699084579
541	0.155751810084	0.560945478857
542	0.146893499417	0.566342912674
543	0.138035188749	0.571822250168
544	0.129176878081	0.577381159549
545	0.120318567414	0.583017364734
546	0.111460256746	0.588728645747
547	0.103243261298	0.595233785345
548	0.0955015095611	0.602318479884
549	0.0856284559172	0.607102181115
550	0.0754043241562	0.611614999737
551	0.0668075776867	0.613200410234
552	0.0615577350575	0.609566470151
553	0.0576465189442	0.605558315471
554	0.053735302831	0.601620389822
555	0.0498240867177	0.597754081186
556	0.0453846330978	0.593721243035
557	0.0402273921457	0.58982372059
558	0.0381929157907	0.588942319354
559	0.0356863928525	0.587908767318
560	0.0319288228673	0.586464593152
561	0.0275007979401	0.584925925221
562	0.0230727730129	0.583565130748
563	0.0186447480858	0.582383456589
564	0.0142167231586	0.581381994945
565	0.00978869823141	0.58056167841
566	0.00536067330424	0.579923275689
567	0.00093264837706	0.579467388027
568	-0.00488820394057	0.577729489209
569	-0.0238541561888	0.562760831521
570	-0.0448582865251	0.546915597465
571	-0.0658624168614	0.53245399728
572	-0.0868665471977	0.519491596563
573	-0.107870677534	0.508143139078
574	-0.12887480787	0.498518858116
575	-0.149878938207	0.490720210725
576	-0.170354831036	0.484817044628
577	-0.189523414463	0.480851145312
578	-0.209064994033	0.478921165049
579	-0.229750263	0.478970849462
580	-0.251484387654	0.480763641577
581	-0.272767895661	0.484476964136
582	-0.294934143369	0.490022379287
583	-0.317169937048	0.497346370124
584	-0.339405730726	0.506374240381
585	-0.361641524405	0.517016741066
586	-0.383877318084	0.529176463513
587	-0.406113111763	0.54275144247
588	-0.426956078052	0.556261627121
589	-0.434653944409	0.557380637941
590	-0.440313632679	0.55656306639
591	-0.445973320949	0.555827193261
592	-0.451633009219	0.555173343425
593	-0.457292697489	0.554601806988
594	-0.462952385758	0.554112838653
595	-0.468612074028	0.553706657165
596	-0.474271762298	0.553383444818
597	-0.479735314845	0.553135368387
598	-0.484825871249	0.552942436637
599	-0.488297897949	0.552823436585
600	-0.489470021917	0.55290214629
601	-0.490422307589	0.552975988677
602	-0.49049185356	0.552981728915
603	-0.489677357677	0.552917468242
604	-0.488140573188	0.552813895328
605	-0.486603788698	0.552733435852
606	-0.485067004208	0.552676099911
607	-0.483530219718	0.5526418947
608	-0.481993435228	0.552630824516
609	-0.480456650739	0.552642890749
610	-0.478919866249	0.552678091882
611	-0.477383081759	0.552736423496
612	-0.476957560684	0.55076019172
613	-0.480991097815	0.540606266578
614	-0.485989441804	0.528814967399
615	-0.490987785794	0.517182871041
616	-0.492029395924	0.500188185515
617	-0.491761629941	0.479064020215
618	-0.486889654579	0.454203318829
619	-0.475541823418	0.422595526081
620	-0.464187163156	0.391121904389
621	-0.452832502894	0.35982687107
622	-0.441477842632	0.328761429943
623	-0.430937678252	0.297614263584
624	-0.42111980248	0.26640021467
625	-0.410838546986	0.235780358803
626	-0.399370320236	0.206491617269
627	-0.387859376033	0.178352049096
628	-0.37634843183	0.151963824973
629	-0.364837487628	0.128411214669
630	-0.353326543425	0.10953885737
631	-0.341815599223	0.0980865320228
632	-0.329193391605	0.0967854652118
633	-0.312112125782	0.103279468878
634	-0.2940660531	0.113836481043
635	-0.275742934271	0.127107568179
636	-0.260787606966	0.142979182122
637	-0.24593424096	0.15990995124
638	-0.233816939029	0.169886385573
639	-0.225710556384	0.168821932973
640	-0.216185822629	0.167119511076
641	-0.206661088873	0.166151775979
642	-0.197136355117	0.165931582555
643	-0.187684489306	0.166501952986
644	-0.178344699574	0.167854775712
645	-0.170702620573	0.169567885545
646	-0.166770826295	0.166741559206
647	-0.16147181422	0.166291447246
648	-0.157591072395	0.164108630273
649	-0.153176102431	0.163082673711
650	-0.147809106865	0.163761509495
651	-0.141755246701	0.165736182093
652	-0.13479259985	0.169311224139
653	-0.12778254689	0.173266112126
654	-0.120153090808	0.178412934585
655	-0.112632936732	0.184024167217
656	-0.105701724992	0.189639948107
657	-0.0999779280658	0.193792548526
658	-0.0961222764425	0.197052264635
659	-0.0940622939066	0.198619837798
660	-0.0889340072658	0.19404000076
661	-0.0836295055273	0.18986790671
662	-0.0783250037888	0.18638263774
663	-0.0729476341051	0.183632107036
664	-0.0674581883432	0.181639646351
665	-0.0607344115718	0.18053945089
666	-0.0514873213325	0.184192092176
667	-0.0436501663432	0.185904240014
668	-0.0343947411041	0.1909931357
669	-0.0256735440049	0.195701672726
670	-0.0179043725066	0.199148319061
671	-0.0108220656067	0.201815333239
672	-0.00464854539375	0.203278877513
673	0.00147756871058	0.205208591391
674	0.00741613873278	0.205831321824
675	0.0158719522614	0.202331273499
676	0.0255716209982	0.197442696632
677	0.0360129124414	0.192106632849
678	0.0465522767533	0.187445497589
679	0.0564223736383	0.183173759744
680	0.0617989862069	0.176143443599
681	0.0669993836778	0.169412964469
682	0.0721997811486	0.163167720324
683	0.0781003272953	0.158775071596
684	0.0842905184723	0.155571581713
685	0.0904807096493	0.153065832078
686	0.0966709008263	0.151292495185
687	0.102861092003	0.150277501596
688	0.10905128318	0.150036242651
689	0.115241474357	0.150572437613
690	0.121431665534	0.151877852451
691	0.127621856711	0.153932918501
692	0.133812047888	0.156708145825
693	0.140002239065	0.160166103699
694	0.145760571202	0.164043316161
695	0.148833915692	0.166856158218
696	0.150093795549	0.169522719091
697	0.147753140161	0.17436774647
698	0.141562748757	0.183134189078
699	0.134005294359	0.1941962228
700	0.126427663074	0.206161607496
701	0.118850031789	0.218864749152
702	0.111272400503	0.232184588201
703	0.102994620542	0.24490950305
704	0.0944271955509	0.257667818861
705	0.0858597705595	0.270858539326
706	0.0772923455681	0.28442150944
707	0.0687249205767	0.2983059587
708	0.0601574955853	0.312469035612
709	0.0515900705939	0.326874524388
710	0.0430226456025	0.341491748698
711	0.034455220611	0.356294649723
712	0.0258877956196	0.371261018248
713	0.0177153958695	0.386541941821
714	0.00993568740771	0.402131144979
715	0.00215597894596	0.417847547887
716	-0.00505412009141	0.432646153078
717	-0.00940530659078	0.442337196069
718	-0.0100048299423	0.445237990506
719	-0.00923729030006	0.445660277717
720	-0.0084495737704	0.446051548239
721	-0.00766185724075	0.446448473636
722	-0.00687414071109	0.44685103884
723	-0.00605646540216	0.447276417952
724	-0.0047622759247	0.447980773697
725	-0.00302350855392	0.448948798246
726	-0.000822641125606	0.450199548669
727	0.0013782263027	0.451467613406
728	0.00357909373101	0.452752846976
729	0.00577996115933	0.454055103586
730	0.00798082858764	0.455374237192
731	0.0101816960159	0.456710101553
732	0.0129695763433	0.457969724467
733	0.0194256003883	0.454349414651
734	0.030375780102	0.441634991382
735	0.0426377689561	0.426568826563
736	0.0557394276425	0.410028689134
737	0.0722283237242	0.387466543687
738	0.0898604738806	0.36302189047
739	0.107492624037	0.338799728163
740	0.125704731434	0.315313775253
741	0.144608717492	0.29279189112
742	0.16351270355	0.270814825259
743	0.18238673083	0.249497794258
744	0.20078424394	0.228570066038
745	0.218737179158	0.208228727895
746	0.236228014317	0.188704698821
747	0.253718849477	0.170913461333
748	0.271209684637	0.155451107566
749	0.288700519797	0.143074701093
750	0.306191354956	0.13463796275
751	0.323682190116	0.130904849434
752	0.340586012377	0.133083160731
753	0.353426665679	0.140712682993
754	0.361380472023	0.146975119736
755	0.368022469228	0.152814216339
756	0.3738247966	0.158259959244
757	0.376239886576	0.160544989073
758	0.377511722478	0.161737944703
759	0.378848936803	0.162998210553
760	0.380311030917	0.164044756798
761	0.381352918984	0.164565260985
762	0.38239480705	0.165119719936
763	0.383436695117	0.165707792813
764	0.384478583183	0.16632912308
765	0.38552047125	0.166983339495
766	0.386562359316	0.167670057112
767	0.387894152498	0.168594544295
768	0.389352795447	0.169666255775
769	0.391033881444	0.170976652488
770	0.393091610397	0.172687736551
771	0.394941742602	0.174324154172
772	0.397348243469	0.176587059675
773	0.399659199617	0.178998730426
774	0.396608242373	0.185153322298
775	0.392207956111	0.193220439265
776	0.388095752168	0.202393257744
777	0.386452302894	0.215308368965
778	0.384813021168	0.229073089328
779	0.38310836102	0.24344900674
780	0.380698863841	0.257400170288
781	0.378017694049	0.271392978268
782	0.374654348084	0.284743374963
783	0.369485930349	0.295738576642
784	0.363485564949	0.305779942818
785	0.357235928035	0.315707755903
786	0.350986291121	0.32586156701
787	0.344446749092	0.335822688221
788	0.337780357295	0.345811641207
789	0.33089152245	0.355693460202
790	0.32362604465	0.365268829275
791	0.316568163598	0.37529449966
792	0.308953913883	0.384790522397
793	0.301435208887	0.394414164446
794	0.299278417283	0.395873967007
795	0.298270651349	0.394669381953
796	0.296862539422	0.3930035104
797	0.292985672828	0.388522833364
798	0.289104638684	0.384197170464
799	0.285223604541	0.380036882842
800	0.281342570397	0.376047459277
801	0.277461536254	0.372234393519
802	0.275345711839	0.368856388209
803	0.27722617829	0.366522938532
804	0.279956347032	0.365030413261
805	0.282935787288	0.36384300072
806	0.285915227545	0.362738784313
807	0.288894667802	0.361718525959
808	0.291874108058	0.360782937933
809	0.294853548315	0.359932680497
810	0.298010763294	0.359296336724
811	0.301357623474	0.358881081064
812	0.304704483655	0.358550049156
813	0.308051343835	0.35830347444
814	0.311398204016	0.358141531358
815	0.314945367544	0.358213546054
816	0.318604794746	0.358447502397
817	0.322264221948	0.358758219811
818	0.325990077928	0.35918588393
819	0.330536668413	0.360184129739
820	0.335832288024	0.361706667761
821	0.341167950995	0.363324525727
822	0.345420580411	0.364875187634
823	0.347480688372	0.366185681176
824	0.34925319292	0.367347060198
825	0.350984282452	0.368511155285
826	0.352715371983	0.369704173643
827	0.354446461515	0.370925836191
828	0.355974339438	0.372043677697
829	0.35513462407	0.371693382445
830	0.352961458352	0.370678034672
831	0.348903148604	0.368903014086
832	0.341948726507	0.366352405934
833	0.334974802921	0.36474805781
834	0.328000879336	0.364112451472
835	0.32102695575	0.364450655448
836	0.314053032164	0.365759968414
837	0.307079108578	0.368030025991
838	0.300038756215	0.371170244422
839	0.292177669347	0.374303028037
840	0.283567553352	0.377431151868
841	0.274917393997	0.381312907442
842	0.266267234641	0.385969104451
843	0.257618377645	0.391373126878
844	0.249239369435	0.39770875581
845	0.240783782516	0.404671438753
846	0.231544435257	0.411648773492
847	0.221435111527	0.418540202184
848	0.210964295337	0.42535929863
849	0.202853258248	0.430007254615
850	0.195897896787	0.433588061027
851	0.190638034155	0.435338189566
852	0.188274283873	0.433723439339
853	0.185930035079	0.432148086693
854	0.183585786285	0.430636064417
855	0.181137859228	0.429058104162
856	0.166431064148	0.412466968997
857	0.146517385234	0.390756973134
858	0.126603706319	0.370781358775
859	0.108996713538	0.354820652843
860	0.0943166138982	0.342791582949
861	0.0770638032575	0.330294580576
862	0.059457855709	0.319615556583
863	0.0414587171668	0.310855020012
864	0.0181028543847	0.29899647903
865	-0.00710134130517	0.287341281917
866	-0.0312880074104	0.27916373848
867	-0.0535749280804	0.275837858894
868	-0.0706957326062	0.28096340722
869	-0.0872746039157	0.289504891052
870	-0.103853475225	0.300654305602
871	-0.12125571856	0.313298149149
872	-0.139688841128	0.327012103401
873	-0.16291793649	0.338128336838
874	-0.18573847603	0.349913940112
875	-0.201557951093	0.354208518148
876	-0.19879957145	0.334330398853
877	-0.190152851036	0.308410630933
878	-0.179523897982	0.28577123381
879	-0.170187766617	0.268424226738
880	-0.163778528393	0.255689523271
881	-0.154796579168	0.242316695888
882	-0.145461493036	0.23125813899
883	-0.13550886249	0.223075648243
884	-0.119125295595	0.218967826496
885	-0.100731931741	0.218299806163
886	-0.0825723371318	0.220177498693
887	-0.0654425114872	0.224229339876
888	-0.051681547364	0.227777577426
889	-0.037256632642	0.232589794873
890	-0.02283171792	0.240099277804
891	-0.00758343117299	0.250093018236
892	0.00869573480782	0.262111150695
893	0.0297708735827	0.275539653557
894	0.0504374565353	0.288939691338
895	0.0642066532726	0.293371129055
896	0.0716568633281	0.289631417406
897	0.0784256164472	0.285583757344
898	0.0832121369262	0.281541818468
899	0.0869847929604	0.27751738471
900	0.0907574489946	0.273534912353
901	0.0945301050288	0.26959626096
902	0.098302761063	0.26570337928
903	0.101851063678	0.262153812965
904	0.104325154183	0.260090099565
905	0.106755774363	0.258173328447
906	0.109186394543	0.256348215436
907	0.111617014723	0.254616731578
908	0.11281508435	0.253798310195
909	0.11281508435	0.253798310195
910	0.11281508435	0.253798310195
911	0.11281508435	0.253798310195
912	0.11281508435	0.253798310195
913	0.11281508435	0.253798310195
914	0.112097717959	0.252692706782
915	0.110421483214	0.250120820994
916	0.108745248469	0.247565481439
917	0.104139016109	0.240632991951
918	0.088649359506	0.218425709959
919	0.0731597029034	0.198354614631
920	0.0576700463008	0.181131234023
921	0.0421803896982	0.167635626139
922	0.0258473784153	0.158811825534
923	0.00872237105042	0.155607673403
924	-0.00821770087109	0.158456140128
925	-0.0224949525143	0.168482490056
926	-0.0356648652889	0.183576522501
927	-0.0372561272719	0.18974575196
928	-0.0372914062728	0.192195060649
929	-0.0373607150325	0.194664355993
930	-0.0374300237922	0.197167670991
931	-0.0374993325519	0.199703726323
932	-0.0384595295543	0.203170838349
933	-0.0456131063248	0.213297907683
934	-0.0536876815359	0.22515276239
935	-0.0622412257293	0.238297438004
936	-0.0715919129288	0.253160751452
937	-0.0780126025137	0.264539640873
938	-0.0735498678561	0.260943748494
939	-0.0690871331985	0.257553584378
940	-0.0646243985409	0.254377374066
941	-0.0601616638832	0.251423226274
942	-0.0548555745453	0.248586454493
943	-0.0488984170054	0.245672364457
944	-0.0448458885899	0.244499202731
945	-0.0439857470855	0.242516744912
946	-0.0442329444498	0.240494825142
947	-0.0560587926056	0.251897497886
948	-0.0679591336292	0.267732135009
949	-0.0733927200428	0.282088188045
950	-0.0791259308693	0.299735731748
951	-0.0842099875097	0.320133672611
952	-0.0785212164427	0.344020854116
953	-0.0668217873351	0.359289724864
954	-0.0553461685853	0.372554612683
955	-0.0424583861908	0.38416529225
956	-0.0287734607901	0.395143629084
957	-0.0125146741815	0.401488340762
958	0.00999831676749	0.394242717075
959	0.03264494597	0.384208858515
960	0.05404727077	0.37390439752
961	0.0742334027812	0.36327888773
962	0.0931178977182	0.352224136978
963	0.110840573028	0.340480577203
964	0.128999429054	0.325442564759
965	0.146560801745	0.309427003988
966	0.16340708626	0.29373386005
967	0.179456846853	0.278499182178
968	0.194024856861	0.263340236715
969	0.202160142017	0.243711328971
970	0.210595051586	0.225453811762
971	0.218380806969	0.208053357024
972	0.216284622887	0.184357806592
973	0.214371160533	0.164061036706
974	0.214319873367	0.149933281598
975	0.214294259894	0.141825453227
976	0.214268646421	0.140753007047
977	0.21166917174	0.145095735549
978	0.202815492719	0.148192819402
979	0.193828175445	0.15106383871
980	0.186085162572	0.154040242291
981	0.179558342489	0.156756231219
982	0.174114938498	0.158706012097
983	0.167389775311	0.157948478034
984	0.1577625033	0.153785873651
985	0.145906722076	0.148465917734
986	0.134912269142	0.146120489646
987	0.12527348475	0.147728382444
988	0.115342722843	0.152732100827
989	0.104620715995	0.16135780339
990	0.0929727446996	0.173837673317
991	0.0813247734046	0.18904736229
992	0.0696768021096	0.206384220057
993	0.0580288308146	0.225357848684
994	0.0463808595196	0.245589181793
995	0.0347328882246	0.266792250711
996	0.0230849169296	0.288753071741
997	0.0114369456346	0.311311323944
998	-0.000201388203793	0.334356023655
999	-0.0114143715899	0.358220246598
1000	-0.0218406088706	0.383130132268
1001	-0.0220584421371	0.410307813029
1002	-0.0218431489418	0.437948095332
1003	-0.0227333561035	0.460658264013
1004	-0.0215457859968	0.475252367491
1005	-0.0170254129361	0.48363461382
1006	-0.0126512799899	0.491090131559
1007	-0.00883629166303	0.498073827091
1008	-0.0047290653506	0.504213705484
1009	0.000169405903821	0.50894834435
1010	0.0091389555545	0.50625818449
1011	0.0291878000647	0.483419856563
1012	0.0549709218142	0.450568951499
1013	0.0807549748046	0.418353150411
1014	0.106539027795	0.386933237593
1015	0.132323080785	0.35651969895
1016	0.158107133776	0.327393119377
1017	0.183891186766	0.299928669823
1018	0.209664050232	0.27461905262
1019	0.231106245288	0.256652169023
1020	0.247176568838	0.245332326881
1021	0.252994099149	0.230359280746
1022	0.258576857507	0.217440822729
1023	0.267176025279	0.208202351955
1024	0.276996184764	0.201991709047
1025	0.286712141292	0.197541048038
1026	0.296428097821	0.194843474433
1027	0.306153170862	0.193978466247
1028	0.316267389626	0.195211721478
1029	0.326989454882	0.19859700814
1030	0.333746558185	0.202583600623
1031	0.328363382768	0.202075804835
1032	0.312833161663	0.201305276263
1033	0.297030141308	0.203115151972
1034	0.281227120954	0.207411149975
1035	0.265833937215	0.213901907813
1036	0.250796225885	0.221485805763
1037	0.236151087241	0.230070288646
1038	0.221362877153	0.239543406664
1039	0.210610851713	0.245875547115
1040	0.203916913781	0.247665281708
1041	0.196808053488	0.248142634264
1042	0.188812617036	0.247558334073
1043	0.180617154922	0.245543818429
1044	0.173209680304	0.24229686217
1045	0.166774865151	0.23881323998
1046	0.160219711961	0.235529804508
1047	0.15310766978	0.232068363085
1048	0.145571318182	0.228708795452
1049	0.137427120092	0.225438734757
1050	0.130102770007	0.221441294803
1051	0.12383940378	0.217731629366
1052	0.121979183181	0.212760169011
1053	0.118140329331	0.210702499788
1054	0.110340283012	0.213172988638
1055	0.100250222529	0.219436586632
1056	0.0898034479811	0.227826686188
1057	0.0772478220267	0.239467252707
1058	0.0644121732992	0.252933530294
1059	0.0514456578797	0.267184852486
1060	0.0390061803539	0.281845249419
1061	0.0270260144133	0.296661174483
1062	0.0159522911061	0.311624385298
1063	0.00575219110543	0.326722908318
1064	-0.00244061847383	0.339214609975
1065	-0.00625206762878	0.344038362722
1066	-0.00640539131912	0.34366950958
1067	-0.00591285180388	0.342918873531
1068	-0.0053851485954	0.342153930644
1069	-0.00485744538692	0.341390383185
1070	-0.00432974217844	0.340628240538
1071	-0.00380203896996	0.339867512152
1072	-0.00326471293827	0.339094374682
1073	-0.000476885649004	0.335107168927
1074	0.00627213410974	0.325629213016
1075	0.0149013314179	0.313899965168
1076	0.0235317703807	0.302652832576
1077	0.0338784880646	0.289885775259
1078	0.0446498520343	0.277534539345
1079	0.0554212160039	0.266273591567
1080	0.0661925799736	0.256246712773
1081	0.0769639439432	0.247603871643
1082	0.0877353079129	0.240494332371
1083	0.0985066718826	0.235057264845
1084	0.107369610742	0.231921902055
1085	0.111005488897	0.230998608042
1086	0.111103579624	0.230976670185
1087	0.111134931497	0.230969691431
1088	0.113405920479	0.23050685733
1089	0.11652575877	0.229723946378
1090	0.121640684135	0.227625958908
1091	0.126977848945	0.225551614009
1092	0.13284489075	0.2236357038
1093	0.140012566658	0.221962117416
1094	0.148188467256	0.220757183938
1095	0.156367782404	0.220079548417
1096	0.164547097552	0.219934003908
1097	0.172726412699	0.220321604912
1098	0.182035134355	0.219363631932
1099	0.193111679854	0.215930700638
1100	0.20420828176	0.212913393176
1101	0.215304883666	0.21036420088
1102	0.226401485572	0.208300310929
1103	0.237498087477	0.206736258447
1104	0.248594689383	0.205683446304
1105	0.259720985074	0.205103502032
1106	0.271690950049	0.203766046448
1107	0.283928324908	0.202551724183
1108	0.293926062658	0.199349084401
1109	0.3030749511	0.196272316311
1110	0.310228752468	0.194318567868
1111	0.317160314391	0.192896791718
1112	0.323561999318	0.191263619028
1113	0.3287614058	0.188301119908
1114	0.334472573384	0.18357283806
1115	0.341800362966	0.17837736624
1116	0.349366127198	0.173531374218
1117	0.35693189143	0.169201289883
1118	0.363368249154	0.166095872061
1119	0.368036783034	0.164421520327
1120	0.372685260508	0.163066779431
1121	0.377333737982	0.162027154302
1122	0.381982215456	0.161308737761
1123	0.38663069293	0.160915832019
1124	0.391279170404	0.160850822442
1125	0.395897954092	0.161130146822
1126	0.399673068497	0.162191409714
1127	0.403149421144	0.163743385069
1128	0.406625773791	0.165616664122
1129	0.410102126438	0.167800486377
1130	0.413578479085	0.170282904408
1131	0.417050796355	0.173047456355
1132	0.419905079183	0.175557070659
1133	0.421622773457	0.177454116338
1134	0.419995335459	0.176541354869
1135	0.414169961409	0.171725533198
1136	0.405583614657	0.164679060087
1137	0.395705785115	0.157164028757
1138	0.385757491576	0.1502650182
1139	0.375809198037	0.14412022021
1140	0.365860904497	0.138829818379
1141	0.355912610958	0.134494674571
1142	0.345813393003	0.13111108616
1143	0.33549739771	0.128768848779
1144	0.322751065372	0.126761998667
1145	0.310004733035	0.126857800077
1146	0.297258400698	0.129051570385
1147	0.284360830663	0.133318009956
1148	0.269373776514	0.140766976306
1149	0.251249970367	0.152564919429
1150	0.226935469141	0.172327676322
1151	0.201375276658	0.196480947322
1152	0.176433118617	0.222144517861
1153	0.152348688158	0.247953100872
1154	0.129604111253	0.272639688715
1155	0.10924546154	0.295218915796
1156	0.088475854729	0.315357223919
1157	0.0686836954299	0.334041476028
1158	0.0489620001281	0.352701410324
1159	0.0292403048263	0.371424017
1160	0.0101096912579	0.390230263865
1161	-0.00780361953758	0.40916407519
1162	-0.0251180708964	0.428094064797
1163	-0.0422157449181	0.446945012917
1164	-0.0568830818953	0.464222092743
1165	-0.0715504188725	0.481650089743
1166	-0.0866571265021	0.498664589018
1167	-0.105053749913	0.511395748328
1168	-0.121360597462	0.521337558214
1169	-0.134530693014	0.527302607024
1170	-0.141510093486	0.524613110382
1171	-0.147239767325	0.519978665699
1172	-0.152969441164	0.515422735342
1173	-0.158518609687	0.51097356312
1174	-0.163582485286	0.506677195227
1175	-0.168454388571	0.502493896309
1176	-0.170392336707	0.49886631678
1177	-0.172016249565	0.495448299459
1178	-0.173640162423	0.492196621876
1179	-0.17526407528	0.489114601568
1180	-0.177479069871	0.486059350594
1181	-0.180911367235	0.482841110996
1182	-0.18479159962	0.479624692762
1183	-0.188671832004	0.476522927135
1184	-0.192552064388	0.473538067109
1185	-0.196432296772	0.470672336828
1186	-0.199873158504	0.468232524182
1187	-0.199872866758	0.468232726964
1188	-0.199872866758	0.468232726964
1189	-0.200015029644	0.468296546945
1190	-0.200950818242	0.468721373734
1191	-0.202419647949	0.469404713565
1192	-0.204126452343	0.470224020734
1193	-0.205850497167	0.471079026205
1194	-0.207574541991	0.471961442663
1195	-0.209298586815	0.472871116654
1196	-0.211022631639	0.47380789118
1197	-0.212746676462	0.474771605825
1198	-0.214470721286	0.475762096877
1199	-0.21619476611	0.476779197456
1200	-0.217918810934	0.477822737637
1201	-0.219642855758	0.478892544579
1202	-0.221366900582	0.479988442651
1203	-0.223090945405	0.481110253557
1204	-0.224814990229	0.482257796466
1205	-0.226539035053	0.483430888132
1206	-0.228263079877	0.484629343027
1207	-0.229987124701	0.485852973459
1208	-0.231711169525	0.487101589702
1209	-0.233293051462	0.488269062767
1210	-0.234081307688	0.488858563766
1211	-0.233207654466	0.487784485104
1212	-0.232395646377	0.483915498953
1213	-0.233099720902	0.477677492717
1214	-0.234376645897	0.470864312015
1215	-0.236095852589	0.46371960313
1216	-0.237865330339	0.456765681912
1217	-0.240695971035	0.448883024975
1218	-0.243587301694	0.441320418147
1219	-0.246478632354	0.43416954729
1220	-0.249369963014	0.427451076815
1221	-0.252261293673	0.421185699311
1222	-0.255152624333	0.415393917257
1223	-0.258043954993	0.410095796907
1224	-0.260935285652	0.405310697792
1225	-0.263826616312	0.40105698324
1226	-0.267470300101	0.396966790082
1227	-0.272879461136	0.392524644914
1228	-0.27832302176	0.388627335615
1229	-0.28256512093	0.385243298352
1230	-0.284686645221	0.382678313666
1231	-0.287321752018	0.381150026208
1232	-0.289581211526	0.380410550085
1233	-0.290307347991	0.380194124191
1234	-0.290460633985	0.38034627883
1235	-0.290171638282	0.380822958516
1236	-0.289832371522	0.381618029169
1237	-0.288431941816	0.382641300528
1238	-0.285704355113	0.384644440944
1239	-0.282519189686	0.387362469007
1240	-0.282060397985	0.387694485929
1241	-0.285614583593	0.384741530088
1242	-0.2891687692	0.382935929318
1243	-0.292722954807	0.382293941077
1244	-0.296277140414	0.382821419513
1245	-0.299616016811	0.384646280197
1246	-0.301630132759	0.387991053509
1247	-0.301878771461	0.392535286052
1248	-0.302093010575	0.397988904474
1249	-0.303508711142	0.402561378991
1250	-0.307044986588	0.404668100018
1251	-0.311196547868	0.406348424267
1252	-0.315424136616	0.408373563141
1253	-0.319651725363	0.410849917185
1254	-0.323879314111	0.413769385092
1255	-0.328106902859	0.417122662821
1256	-0.332334491606	0.420899382095
1257	-0.336562080354	0.425088256799
1258	-0.342056136134	0.427561112598
1259	-0.348007770639	0.429624236854
1260	-0.351233031417	0.430886378657
1261	-0.346228754055	0.437681492221
1262	-0.339894690589	0.447378180752
1263	-0.33464278245	0.456324929838
1264	-0.330710370659	0.463422319293
1265	-0.32757178952	0.470514339453
1266	-0.325854698283	0.476428755366
1267	-0.326138911912	0.478832479053
1268	-0.327844755685	0.478720956387
1269	-0.329605430142	0.478537407706
1270	-0.331366104599	0.478380194625
1271	-0.333126779057	0.478249343118
1272	-0.334887453514	0.478144874826
1273	-0.336648127972	0.478066807045
1274	-0.338408802429	0.47801515271
1275	-0.340169476886	0.477989920385
1276	-0.341930151344	0.477991114254
1277	-0.344183450392	0.477123168318
1278	-0.346792015762	0.475634680162
1279	-0.349400581132	0.474171413264
1280	-0.352009146501	0.47273360183
1281	-0.358834272703	0.463691772752
1282	-0.36698918501	0.451656980964
1283	-0.374061941988	0.440468885982
1284	-0.379815202619	0.431328989648
1285	-0.384989941809	0.422343603573
1286	-0.389315598416	0.414906311061
1287	-0.391639950156	0.410940834755
1288	-0.392507953871	0.409397749178
1289	-0.392894300848	0.407842251742
1290	-0.391090505127	0.405778736632
1291	-0.388991753438	0.403743691195
1292	-0.386893001748	0.401813679184
1293	-0.384794250059	0.399990221005
1294	-0.38269549837	0.398274780199
1295	-0.380596746681	0.396668758168
1296	-0.378497994992	0.39517348898
1297	-0.375906618711	0.394583237729
1298	-0.372665192682	0.3951360948
1299	-0.368237002005	0.397677169851
1300	-0.363340210585	0.401047362009
1301	-0.358443419165	0.404493705278
1302	-0.353546627745	0.408014270003
1303	-0.348649836326	0.411607151693
1304	-0.343753044906	0.415270473313
1305	-0.338856253486	0.419002387306
1306	-0.333959462066	0.422801077354
1307	-0.329062670646	0.426664759896
1308	-0.324200597109	0.430581794638
1309	-0.319765349624	0.434429128961
1310	-0.317520244838	0.437643825226
1311	-0.315620859911	0.440771833996
1312	-0.313933282949	0.44385806728
1313	-0.312245705986	0.446965333519
1314	-0.310558129023	0.450093197104
1315	-0.30887055206	0.453241231602
1316	-0.307182975098	0.456409019632
1317	-0.305495398135	0.459596152738
1318	-0.3041026046	0.462307376088
1319	-0.303896575712	0.463035225907
1320	-0.304159147568	0.46297691068
1321	-0.304421719424	0.462919230812
1322	-0.304684291279	0.462862186539
1323	-0.304946863135	0.462805778098
1324	-0.305209434991	0.46275000572
1325	-0.305472006846	0.462694869635
1326	-0.305734578702	0.462640370071
1327	-0.305997150557	0.462586507253
1328	-0.306259722413	0.462533281404
1329	-0.306522294269	0.462480692743
1330	-0.306784866124	0.462428741487
1331	-0.306996674088	0.462387298758
1332	-0.306996674088	0.462387298758
1333	-0.306996674088	0.462387298758
1334	-0.309576830273	0.461491898421
1335	-0.314667427958	0.459587217257
1336	-0.319021370928	0.458158124685
1337	-0.320527436445	0.45700199944
1338	-0.319716628123	0.455889879698
1339	-0.319254789466	0.455337971709
1340	-0.318860152534	0.455244755357
1341	-0.318465515601	0.45559314886
1342	-0.318070878669	0.45638214087
1343	-0.317676241737	0.457609452405
1344	-0.317281604804	0.459271569514
1345	-0.316886967872	0.461363792909
1346	-0.31649233094	0.463880302943
1347	-0.316097694007	0.466814237914
1348	-0.315703057075	0.47015778329
1349	-0.315308420143	0.473902269319
1350	-0.31491378321	0.478038274359
1351	-0.314519146278	0.482555731338
1352	-0.314124509346	0.487444034891
1353	-0.313729872413	0.492692146947
1354	-0.310755079295	0.495374707478
1355	-0.305269844678	0.494143246887
1356	-0.300521264776	0.492946216103
1357	-0.298620562327	0.492685976212
1358	-0.299036733716	0.492405697561
1359	-0.299103935441	0.492360732531
1360	-0.299103935441	0.492360732531
1361	-0.299103935441	0.492360732531
1362	-0.299103935441	0.492360732531
1363	-0.299103935441	0.492360732531
1364	-0.299103935441	0.492360732531
1365	-0.299103935441	0.492360732531
1366	-0.299103935441	0.492360732531
1367	-0.299103935441	0.492360732531
1368	-0.299103935441	0.492360732531
1369	-0.298603829162	0.492696447403
1370	-0.297640082637	0.493350494494
1371	-0.293597339982	0.489651686978
1372	-0.282903978344	0.476772019744
1373	-0.270821514146	0.462429800914
1374	-0.258527658052	0.448367217541
1375	-0.246233801958	0.434930052528
1376	-0.233939945865	0.422178027914
1377	-0.221646089771	0.41017505013
1378	-0.209352233677	0.398988726758
1379	-0.197058377584	0.388689573112
1380	-0.18476452149	0.379349854681
1381	-0.171721641491	0.37092807353
1382	-0.157689309869	0.363398368201
1383	-0.143656978247	0.356952501614
1384	-0.129624646624	0.351650080229
1385	-0.115592315002	0.347543444135
1386	-0.102341455618	0.343423317949
1387	-0.0923428049282	0.335302989227
1388	-0.0812877593386	0.323701021351
1389	-0.0671387913359	0.30729184944
1390	-0.0505567091655	0.287219085105
1391	-0.0367233654144	0.26707500821
1392	-0.0295406406467	0.244699350232
1393	-0.0237470184388	0.221894067741
1394	-0.0181647881267	0.199256136144
1395	-0.0125825578146	0.176996352074
1396	-0.00700032750253	0.155277428716
1397	-0.00141809719043	0.134361904773
1398	0.00416413312167	0.114690162631
1399	0.00974636343378	0.0970217280757
1400	0.0153285937459	0.0826514875712
1401	0.0201618001529	0.0744530918846
1402	0.0240055549363	0.0748102397529
1403	0.0278493097197	0.0825474152121
1404	0.032560671603	0.0965082472933
1405	0.0392291936931	0.115136330325
1406	0.0466791880221	0.134468163721
1407	0.0573813910444	0.149991281952
1408	0.0670271991673	0.16155753569
1409	0.0713077564435	0.166997266263
1410	0.0620012127883	0.163324868186
1411	0.0506711032206	0.161110427175
1412	0.0393409936529	0.161916098526
1413	0.0280108840852	0.165697834083
1414	0.0164268143543	0.172110763266
1415	0.00451715416821	0.180783143785
1416	-0.0083724014208	0.190960561759
1417	-0.0189471514905	0.20026086456
1418	-0.0216427595808	0.201355231428
1419	-0.0238032140741	0.201859141999
1420	-0.0259636685673	0.202404702461
1421	-0.0281241230605	0.202991576998
1422	-0.0302845775537	0.203619408384
1423	-0.0324450320469	0.204287819004
1424	-0.0355332939125	0.206108359814
1425	-0.0413381436254	0.210862938378
1426	-0.0471429933383	0.215727272795
1427	-0.0529478430512	0.220694105776
1428	-0.0587526927641	0.225756672262
1429	-0.0628582106684	0.228455571161
1430	-0.0568005778854	0.216902265983
1431	-0.0490496368993	0.204470617367
1432	-0.0412986959132	0.19376123564
1433	-0.0338806280143	0.185214409841
1434	-0.0309830847723	0.181982134997
1435	-0.0297888165179	0.180708730421
1436	-0.0288881441862	0.180215276402
1437	-0.0310551555911	0.181373760758
1438	-0.0411013089754	0.187196847081
1439	-0.0516826159568	0.194340540904
1440	-0.0622639229382	0.202408534928
1441	-0.0728452299196	0.211294976455
1442	-0.083426536901	0.220901113691
1443	-0.0940078438824	0.231137231694
1444	-0.104528950591	0.241892535221
1445	-0.11429062966	0.252788190359
1446	-0.124063248544	0.264188849984
1447	-0.133399445344	0.275624518267
1448	-0.139058587506	0.286601833058
1449	-0.134583427849	0.286295636533
1450	-0.123097022334	0.278214969606
1451	-0.105285846005	0.268122723134
1452	-0.0841875761675	0.255033851414
1453	-0.0627564332426	0.242588406065
1454	-0.0363288835228	0.224718419095
1455	-0.00780195314442	0.206487930835
1456	0.0235238574673	0.190263481532
1457	0.0573326493271	0.179434626746
1458	0.0914976639888	0.17416984724
1459	0.12566267865	0.174332831295
1460	0.159827693312	0.179908828062
1461	0.193992707974	0.190422915452
1462	0.228404129237	0.204577991009
1463	0.263324512983	0.221002558262
1464	0.298244896729	0.240114130826
1465	0.333095188237	0.261287178289
1466	0.367308631318	0.283756422259
1467	0.400150146402	0.304407190932
1468	0.429215686352	0.324603342423
1469	0.448218814828	0.333754270254
1470	0.460737893275	0.336396679613
1471	0.467207780222	0.337491861562
1472	0.464792508118	0.34485261896
1473	0.464110417076	0.349313325412
1474	0.464450418622	0.352069177641
1475	0.463976695199	0.354664799948
1476	0.458957139505	0.359153307978
1477	0.451620487816	0.362808501167
1478	0.443924509189	0.366549922518
1479	0.436228530563	0.370423199557
1480	0.428537240428	0.374414973499
1481	0.421685451624	0.376857310804
1482	0.414811001643	0.37943864013
1483	0.407427589178	0.383140206856
1484	0.400044176714	0.386945975106
1485	0.392730856487	0.390848511307
1486	0.386562188311	0.394782549393
1487	0.382808029595	0.398757066552
1488	0.380342381809	0.402991842298
1489	0.378317854925	0.407702560188
1490	0.377296061562	0.413089177976
1491	0.376965829845	0.419779200917
1492	0.383182424665	0.414904820385
1493	0.387894567925	0.414206085638
1494	0.391932348977	0.415311201844
1495	0.3980451333	0.413805401141
1496	0.407178360985	0.409492927944
1497	0.416898581634	0.405889842261
1498	0.426621906419	0.402443542601
1499	0.436345231205	0.399155114316
1500	0.446063867498	0.396038967698
1501	0.454943002461	0.394962419372
1502	0.463598392	0.394548309189
1503	0.472253781539	0.394297159848
1504	0.480909171077	0.394209282814
1505	0.489564560616	0.394284787257
1506	0.497647998732	0.39427087229
1507	0.501815608041	0.393887488634
1508	0.504346431755	0.39319679334
1509	0.505956389166	0.392469835092
1510	0.505637782903	0.391275191498
1511	0.504352035682	0.389425779809
1512	0.502624566773	0.387144416503
1513	0.501037483899	0.38505520352
1514	0.49888074867	0.384357227595
1515	0.495392219924	0.386550359564
1516	0.491903691178	0.38888901605
1517	0.489152395634	0.391909713797
1518	0.487433226753	0.39584791849
1519	0.485714057872	0.399953487641
1520	0.483994888992	0.404221321654
1521	0.482275720111	0.408646336559
1522	0.48055655123	0.413223482858
1523	0.47883738235	0.417947762392
1524	0.477118213469	0.422814243245
1525	0.475399044588	0.427818072775
1526	0.473754963323	0.432901267941
1527	0.474547707317	0.436341154636
1528	0.475787646473	0.439495317461
1529	0.47750733103	0.442327913506
1530	0.48015284574	0.444501609005
1531	0.482798360449	0.446692080591
1532	0.484936835851	0.448553356562
1533	0.486706195716	0.450182770887
1534	0.488475555581	0.451832721812
1535	0.490244915447	0.453502985186
1536	0.492014275312	0.455193337409
1537	0.492665213447	0.455820219516
1538	0.48863572929	0.45198309185
1539	0.473090507949	0.438189841053
1540	0.453130889636	0.423020867256
1541	0.433171271322	0.410999082956
1542	0.413211653008	0.402406651251
1543	0.393252034694	0.397466041916
1544	0.372741517918	0.397222567501
1545	0.351349302975	0.402130714867
1546	0.329957088033	0.410563093182
1547	0.30856487309	0.422308646682
1548	0.287172658148	0.437100366711
1549	0.265780443205	0.454641029859
1550	0.244388228262	0.474625957381
1551	0.223005015326	0.496750526949
1552	0.209616358744	0.511557383541
1553	0.205056669542	0.517229491813
1554	0.208419140023	0.51646237565
1555	0.217561475811	0.511705352532
1556	0.22799541749	0.507300306112
1557	0.240348056222	0.504429964847
1558	0.256348990582	0.497013088262
1559	0.283865662127	0.474723374906
1560	0.315798553947	0.447344567885
1561	0.347945032808	0.420602332817
1562	0.38064006598	0.394239982832
1563	0.413352550762	0.368987354465
1564	0.446615934007	0.34439773616
1565	0.480761015418	0.320192806617
1566	0.514906096829	0.297805529229
1567	0.549076704477	0.277637402773
1568	0.584043835504	0.258997305928
1569	0.619230804982	0.243293020719
1570	0.654417774459	0.231522125425
1571	0.690338820802	0.224864913401
1572	0.718893441461	0.218319860898
1573	0.738634202104	0.211185153541
1574	0.751255056713	0.20569164706
1575	0.75852895051	0.203615674849
1576	0.764511238416	0.20202449551
1577	0.768956017798	0.198770056843
1578	0.773400797179	0.195712338045
1579	0.77784557656	0.192860696054
1580	0.782304161084	0.190208569533
1581	0.78697997965	0.187548337803
1582	0.79118173884	0.185631943243
1583	0.79536604642	0.18394121301
1584	0.799550353999	0.182463120581
1585	0.803734661579	0.181202869564
1586	0.808328692093	0.179862840607
1587	0.813465545911	0.1784655054
1588	0.81781759758	0.177891068455
1589	0.821949810799	0.177680581764
1590	0.826082024019	0.177696415772
1591	0.829471158366	0.177258981989
1592	0.832232162043	0.17647525398
1593	0.834978058356	0.175925172462
1594	0.83692170102	0.175675267606
1595	0.83843243919	0.175561261952
1596	0.839943177359	0.175517595513
1597	0.841453915528	0.175544320782
1598	0.842964653697	0.175641405624
1599	0.844475391866	0.17580873348
1600	0.84597050159	0.176043290825
1601	0.847034790231	0.176251909725
1602	0.847869863653	0.176439761575
1603	0.846816253865	0.176206253615
1604	0.845539940318	0.175968724359
1605	0.84507603954	0.175894734532
1606	0.844614222245	0.175827627959
1607	0.843584055409	0.175701523558
1608	0.842542167343	0.175607173575
1609	0.841737830101	0.175557199513
1610	0.841760751946	0.175558347683
1611	0.8423944807	0.175596503774
1612	0.843045661063	0.175648597073
1613	0.843696841427	0.175713740331
1614	0.844348021791	0.17579191904
1615	0.844999202155	0.175883115817
1616	0.845650382519	0.175987310424
1617	0.84622784932	0.17609056578
1618	0.835824074545	0.175802141286
1619	0.824983227619	0.179018174993
1620	0.815098312987	0.184924732262
1621	0.806562122784	0.192106261825
1622	0.798463265005	0.200507208424
1623	0.792822742612	0.207171066401
1624	0.786540125164	0.215037387005
1625	0.778753033751	0.225136671195
1626	0.767482212309	0.239168067194
1627	0.755143892465	0.254357561327
1628	0.742805572621	0.269632786276
1629	0.730229701952	0.285347011005
1630	0.716826572196	0.302436290715
1631	0.702812635533	0.320612281496
1632	0.688781247258	0.338937883522
1633	0.674749858984	0.357366764923
1634	0.66071847071	0.375883735218
1635	0.646687082435	0.394476389758
1636	0.632655694161	0.413134510416
1637	0.618698019449	0.431720695534
1638	0.615721586314	0.431310329936
1639	0.61318222533	0.430539395892
1640	0.609686932051	0.431710647477
1641	0.604842914344	0.43531143617
1642	0.599716284496	0.439545755365
1643	0.594020002472	0.444811922771
1644	0.589188519264	0.449382168647
1645	0.58504909725	0.45337108109
1646	0.583981598848	0.454410505489
1647	0.583981598848	0.454410505489
1648	0.583981598848	0.454410505489
1649	0.583981598848	0.454410505489
1650	0.583981598848	0.454410505489
1651	0.583981598848	0.454410505489
1652	0.583981598848	0.454410505489
1653	0.583981598848	0.454410505489
1654	0.583981598848	0.454410505489
1655	0.583981598848	0.454410505489
1656	0.583981598848	0.454410505489
1657	0.583981598848	0.454410505489
1658	0.583981598848	0.454410505489
1659	0.583981598848	0.454410505489
1660	0.583981598848	0.454410505489
1661	0.583981598848	0.454410505489
1662	0.583981598848	0.454410505489
1663	0.583981598848	0.454410505489
1664	0.583981598848	0.454410505489
1665	0.583981598848	0.454410505489
1666	0.583981598848	0.454410505489
1667	0.583981598848	0.454410505489
1668	0.583981598848	0.454410505489
1669	0.583981598848	0.454410505489
1670	0.583981598848	0.454410505489
1671	0.583981598848	0.454410505489
1672	0.583981598848	0.454410505489
1673	0.583981598848	0.454410505489
1674	0.583981598848	0.454410505489
1675	0.583981598848	0.454410505489
1676	0.583981598848	0.454410505489
1677	0.583981598848	0.454410505489
1678	0.583981598848	0.454410505489
1679	0.583981598848	0.454410505489
1680	0.583981598848	0.454410505489
1681	0.583981598848	0.454410505489
1682	0.583981598848	0.454410505489
1683	0.583981598848	0.454410505489
1684	0.583981598848	0.454410505489
1685	0.583981598848	0.454410505489
1686	0.583981598848	0.454410505489
1687	0.583981598848	0.454410505489
1688	0.583981598848	0.454410505489
1689	0.583981598848	0.454410505489
1690	0.583981598848	0.454410505489
1691	0.583981598848	0.454410505489
1692	0.583981598848	0.454410505489
1693	0.583981598848	0.454410505489
1694	0.583981598848	0.454410505489
1695	0.583981598848	0.454410505489
1696	0.583981598848	0.454410505489
1697	0.583981598848	0.454410505489
1698	0.583981598848	0.454410505489
1699	0.583981598848	0.454410505489
1700	0.583981598848	0.454410505489
1701	0.583981598848	0.454410505489
