Time	Mean	Std
0	0.000459315442578	8.606052e-05
1	0.000900686296829	0.00190523225455
2	0.00202372352789	0.00428080604
3	0.00327856976638	0.00693519696
4	0.00435415225652	0.00921038917714
5	0.00528632374797	0.011182222432
6	0.00610197380299	0.01290757653
7	0.00682166502801	0.0144299477929
8	0.00746139056136	0.0157831666933
9	0.00803377656488	0.0169939414989
10	0.00854892396805	0.018083638824
11	0.00949441129624	0.020083639224
12	0.0104398986244	0.022083639624
13	0.0113853859526	0.024083640024
14	0.0123308732808	0.026083640424
15	0.013276360609	0.028083640824
16	0.0142218479372	0.030083641224
17	0.0151673352654	0.032083641624
18	0.0161128225936	0.034083642024
19	0.0170583099218	0.036083642424
20	0.0177376285609	0.037520613084
21	0.0181387450504	0.038369099484
22	0.0183367246283	0.038787888
23	0.0183367246283	0.038787888
24	0.0183367246283	0.038787888
25	0.0183797012054	0.038878796856
26	0.0185229565002	0.039181826456
27	0.0186894191833	0.039533946916
28	0.0189472788652	0.040079400516
29	0.0192051385471	0.040624854116
30	0.019462998229	0.041170307716
31	0.0197208579109	0.041715761316
32	0.0199787175928	0.042261214916
33	0.0202365772747	0.042806668516
34	0.0204944369565	0.043352122116
35	0.0208107182084	0.0438722319608
36	0.0227555021495	0.0437817509273
37	0.0254764593017	0.0437352731958
38	0.0300978585088	0.0442312124695
39	0.036054608976	0.0465711319357
40	0.0420155324124	0.0507360703996
41	0.0479764558488	0.056322144993
42	0.0539373792852	0.0629521712162
43	0.0598983027216	0.0703315318491
44	0.065859226158	0.0782485114928
45	0.0717771730173	0.0865261106853
46	0.0775948411589	0.0950429122234
47	0.0840271700802	0.103271903871
48	0.0907098948286	0.111431344055
49	0.097392619577	0.119809100505
50	0.104075344325	0.128362434173
51	0.110758069074	0.137058477544
52	0.117440793822	0.145871710224
53	0.124123518571	0.154782115367
54	0.130806243319	0.163773833223
55	0.137430546498	0.172735936398
56	0.142426346987	0.179009653402
57	0.146645974265	0.184009417773
58	0.148965159488	0.185828156934
59	0.149948993451	0.185416650825
60	0.150928654445	0.185022883198
61	0.151908315439	0.184654057281
62	0.152887976433	0.184310322806
63	0.153867637427	0.183991820403
64	0.154847298421	0.183698681316
65	0.155826959415	0.183431027143
66	0.156806620409	0.183188969591
67	0.157148413234	0.183110560469
68	0.157148413234	0.183110560469
69	0.157279348747	0.183094268324
70	0.157422604231	0.183076921569
71	0.157838904988	0.183029349955
72	0.15875574103	0.182939485859
73	0.159672577073	0.182870146622
74	0.160589413115	0.182821355599
75	0.161506249157	0.182793129244
76	0.162476089729	0.182785663886
77	0.163932426547	0.182817698182
78	0.165760655406	0.182931360685
79	0.167708932823	0.183142312748
80	0.16965721024	0.183445630979
81	0.171605487658	0.183840858193
82	0.173553765075	0.18432740319
83	0.175502042492	0.18490454511
84	0.177450319909	0.185571438662
85	0.179398597326	0.186327120146
86	0.181346874744	0.187170514147
87	0.183295152161	0.188100440829
88	0.185243429578	0.189115623691
89	0.187060771483	0.190138232806
90	0.188865793416	0.191225007396
91	0.190397770076	0.192202079754
92	0.191429211451	0.19288779959
93	0.192460652826	0.193595680935
94	0.193492094201	0.194325481601
95	0.194523535576	0.195076955583
96	0.195501972422	0.195809616915
97	0.19599391302	0.196185201281
98	0.196113961579	0.1962775837
99	0.196113961579	0.1962775837
100	0.196113961579	0.1962775837
101	0.196113961579	0.1962775837
102	0.196113961579	0.1962775837
103	0.196092186689	0.19626080584
104	0.194255362085	0.194879502166
105	0.192364386861	0.193528682133
106	0.190473411638	0.192251609314
107	0.188582436414	0.191049762605
108	0.18669146119	0.189924570109
109	0.184800485967	0.188877401778
110	0.182909510743	0.18790956204
111	0.181018535519	0.187022282474
112	0.179127560296	0.186216714635
113	0.177128005992	0.185532023346
114	0.174333293227	0.185211098285
115	0.171004937498	0.185181565113
116	0.166954626349	0.185567628981
117	0.162800090252	0.186161768868
118	0.158596026895	0.186947975417
119	0.154391963537	0.18790251993
120	0.15018790018	0.189022852159
121	0.145983836823	0.190306044147
122	0.141779773466	0.191748826328
123	0.137504889633	0.193402764022
124	0.133856914255	0.195942564374
125	0.129833633034	0.198838110018
126	0.124765914797	0.202472968462
127	0.11969819656	0.206232350393
128	0.114630478323	0.210109571814
129	0.109562760086	0.21409823076
130	0.103785926687	0.218061353885
131	0.0969581701326	0.221922226341
132	0.0886660544199	0.22566949334
133	0.0799246189592	0.229429332426
134	0.0693746262416	0.230519092225
135	0.0565122921917	0.229484496129
136	0.0428773904664	0.226623198256
137	0.0289857519444	0.223269352413
138	0.0151436406828	0.220076117658
139	0.00130152942111	0.217102893801
140	-0.0125405818405	0.214358835895
141	-0.0263826931022	0.211852849054
142	-0.0402248043638	0.209593472882
143	-0.0539743202596	0.207517462298
144	-0.0665356948971	0.204796855634
145	-0.0786676130711	0.202047343708
146	-0.0897550942292	0.198880068546
147	-0.100842575387	0.196109047121
148	-0.111930056546	0.193751281785
149	-0.123017537704	0.191822011658
150	-0.1333959037	0.189883444131
151	-0.142723346541	0.18764107204
152	-0.150586430223	0.18479304204
153	-0.157891615078	0.181961462237
154	-0.162593084214	0.180376727944
155	-0.164448569054	0.179342891088
156	-0.164809530798	0.178920359848
157	-0.164774003438	0.178900136802
158	-0.163729956133	0.178318957337
159	-0.16182522895	0.177324640288
160	-0.159710775739	0.17632213462
161	-0.157590592308	0.175425696075
162	-0.155470408878	0.174639864485
163	-0.153350225447	0.173966138742
164	-0.151230042017	0.17340582553
165	-0.149109858586	0.17296002707
166	-0.146989675155	0.172629630533
167	-0.144869491725	0.172415299349
168	-0.142749308294	0.172317466609
169	-0.140629124864	0.172336330718
170	-0.138508941433	0.172471853383
171	-0.136388758002	0.172723760007
172	-0.134268574572	0.173091542457
173	-0.13242194986	0.173335939536
174	-0.130398747254	0.173329092491
175	-0.1269113699	0.174106884589
176	-0.123539449547	0.175846851158
177	-0.120203056554	0.178618538613
178	-0.119389969394	0.180112122426
179	-0.119785100351	0.1808917598
180	-0.120389957336	0.181723679739
181	-0.12100054454	0.182783305027
182	-0.121611131745	0.184071959071
183	-0.122243279497	0.185565058098
184	-0.123636299963	0.186585607016
185	-0.126199839141	0.186803121432
186	-0.129209886206	0.186924360847
187	-0.132219933272	0.187353752159
188	-0.135229980337	0.188089184928
189	-0.138240027402	0.189127089002
190	-0.141250074468	0.190462519595
191	-0.144260121533	0.192089271475
192	-0.147270168598	0.194000016313
193	-0.150006656945	0.196062903226
194	-0.152919723186	0.196187816808
195	-0.157296964174	0.192008817827
196	-0.161558748162	0.187644867116
197	-0.16582053215	0.183312152461
198	-0.16856753025	0.181622048105
199	-0.17096699011	0.180615627461
200	-0.173366449971	0.179700908787
201	-0.175765909832	0.178879298872
202	-0.178142448816	0.178193621184
203	-0.179553194088	0.179243675728
204	-0.178734463747	0.182005068709
205	-0.176628370897	0.185031987723
206	-0.174075770159	0.188167140638
207	-0.171523169422	0.191324785741
208	-0.169167402485	0.194132234436
209	-0.166872662563	0.196842403308
210	-0.164378315531	0.199589930939
211	-0.15870416325	0.20272766951
212	-0.152375549581	0.206088696517
213	-0.146046935913	0.209600460584
214	-0.139718322244	0.213255515098
215	-0.133389708576	0.217046621167
216	-0.127061094908	0.220966776231
217	-0.120732481239	0.225009235441
218	-0.114403867571	0.229167526642
219	-0.108075253902	0.233435459814
220	-0.102238007067	0.236976633591
221	-0.0980599468276	0.237888856721
222	-0.094877226989	0.237419881748
223	-0.0926387403143	0.235870750958
224	-0.0918688565376	0.233580825518
225	-0.0912158165592	0.231845437392
226	-0.0905627765808	0.230642640559
227	-0.0899097366024	0.229980791509
228	-0.0890598628234	0.230096915641
229	-0.0881489620285	0.230794182794
230	-0.0874376683446	0.231762254397
231	-0.0899061799102	0.229415646493
232	-0.0930291528625	0.226467820534
233	-0.0961521258148	0.223676303412
234	-0.0992750987671	0.221047017098
235	-0.102398071719	0.218585815909
236	-0.105521044672	0.216298437708
237	-0.108644017624	0.214190451426
238	-0.111766990576	0.212267201655
239	-0.114889963529	0.210533751223
240	-0.117521569648	0.209223880626
241	-0.118493989171	0.208775342723
242	-0.118493989171	0.208775342723
243	-0.118493989171	0.208775342723
244	-0.118493989171	0.208775342723
245	-0.118493989171	0.208775342723
246	-0.118493989171	0.208775342723
247	-0.118493989171	0.208775342723
248	-0.118493989171	0.208775342723
249	-0.118493989171	0.208775342723
250	-0.118493989171	0.208775342723
251	-0.11849656777	0.208774178981
252	-0.120273796551	0.208004577161
253	-0.122193421359	0.207246724367
254	-0.124113046166	0.20656592755
255	-0.126032670974	0.205962950821
256	-0.127952295782	0.205438479404
257	-0.129871920589	0.204993115864
258	-0.131791545397	0.204627376727
259	-0.133711170205	0.204341689538
260	-0.135630795012	0.204136390393
261	-0.13755041982	0.20401172198
262	-0.139470044628	0.203967832146
263	-0.141389669435	0.204004773028
264	-0.143309294243	0.204122500741
265	-0.145228919051	0.204320875639
266	-0.147148543858	0.204599663142
267	-0.148903997787	0.204924721758
268	-0.149706228875	0.20509548366
269	-0.150508459963	0.205280132147
270	-0.151310691051	0.205478629782
271	-0.15211034354	0.205690231979
272	-0.151135345847	0.205434063057
273	-0.149799344136	0.205116204201
274	-0.147913527503	0.20473309942
275	-0.144567363212	0.204243415336
276	-0.140900019989	0.203987671667
277	-0.137232676765	0.204026781537
278	-0.133565333541	0.204360575663
279	-0.129897990317	0.204987614492
280	-0.126230647093	0.205905219006
281	-0.12256330387	0.207109527162
282	-0.118895960646	0.208595573245
283	-0.115228617422	0.210357386421
284	-0.111561274198	0.212388104129
285	-0.107893930975	0.214680095579
286	-0.104226587751	0.217225090652
287	-0.100878528398	0.220119689547
288	-0.0993354526685	0.223724795821
289	-0.0977923769388	0.227449406167
290	-0.0962493012092	0.231287747247
291	-0.0947062254795	0.235234251862
292	-0.0931631497498	0.239283568246
293	-0.0918386820114	0.243206843962
294	-0.0910640291946	0.246632445017
295	-0.091749724036	0.248561184218
296	-0.0927565978104	0.250163616337
297	-0.0937634715847	0.25177582193
298	-0.094770345359	0.253397614451
299	-0.0957772191334	0.255028811001
300	-0.0967840929077	0.256669232288
301	-0.0977909666821	0.258318702567
302	-0.0987978404564	0.259977049602
303	-0.0998264890643	0.26162165504
304	-0.101235337638	0.262884800323
305	-0.102872535352	0.263928338373
306	-0.104509733066	0.264987810917
307	-0.104310570242	0.267488106215
308	-0.0982554408025	0.27386504175
309	-0.0941566104729	0.278433349179
310	-0.0920985996103	0.280800020943
311	-0.0925822300861	0.280239573345
312	-0.0940434369671	0.278562251173
313	-0.0955046438482	0.276909271266
314	-0.0969658507292	0.275281072129
315	-0.0984270576103	0.273678096047
316	-0.0998882644914	0.272100788797
317	-0.101349471372	0.270549599328
318	-0.102810678253	0.269024979424
319	-0.104271885135	0.267527383338
320	-0.105733092016	0.266057267411
321	-0.107194298897	0.264615089654
322	-0.108655505778	0.263201309321
323	-0.110094937825	0.261836810445
324	-0.111154169907	0.260850861204
325	-0.111985052848	0.260088356313
326	-0.113161425731	0.259488146672
327	-0.116472397996	0.257623707927
328	-0.124851629464	0.251902316572
329	-0.131274561823	0.248312924938
330	-0.135656674714	0.246428324503
331	-0.137497146267	0.246215630762
332	-0.138360041415	0.246605708109
333	-0.139222936563	0.247005222062
334	-0.14008583171	0.247414126909
335	-0.140948726858	0.247832376167
336	-0.141811622006	0.248259922606
337	-0.142674517154	0.248696718279
338	-0.143537412302	0.249142714537
339	-0.144400307449	0.249597862059
340	-0.145263202597	0.250062110877
341	-0.146126097745	0.250535410396
342	-0.146988992893	0.251017709419
343	-0.14785188804	0.251508956174
344	-0.148714783188	0.252009098335
345	-0.149577678336	0.252518083046
346	-0.150095083542	0.252827496638
347	-0.150159136912	0.252866020456
348	-0.150159136912	0.252866020456
349	-0.150159136912	0.252866020456
350	-0.150159136912	0.252866020456
351	-0.150159136912	0.252866020456
352	-0.150159136912	0.252866020456
353	-0.150159136912	0.252866020456
354	-0.150159136912	0.252866020456
355	-0.150159136912	0.252866020456
356	-0.150159136912	0.252866020456
357	-0.150159136912	0.252866020456
358	-0.150159136912	0.252866020456
359	-0.150159136912	0.252866020456
360	-0.150159136912	0.252866020456
361	-0.150159136912	0.252866020456
362	-0.150160180155	0.25286468045
363	-0.150390041212	0.252569578356
364	-0.150633464421	0.252257382021
365	-0.150876887629	0.251945513197
366	-0.151120310837	0.2516339731
367	-0.151363734045	0.251322762955
368	-0.151607157253	0.251011883987
369	-0.151850580461	0.250701337429
370	-0.152094003669	0.250391124517
371	-0.152337426877	0.250081246494
372	-0.152580850085	0.249771704606
373	-0.152824273293	0.249462500103
374	-0.153067696501	0.249153634243
375	-0.153311119709	0.248845108286
376	-0.153554542917	0.248536923498
377	-0.153797966125	0.248229081149
378	-0.154041389333	0.247921582515
379	-0.154284812541	0.247614428878
380	-0.154528235749	0.247307621521
381	-0.154771658957	0.247001161736
382	-0.155014038923	0.246696361976
383	-0.155027601073	0.246679317427
384	-0.155027601073	0.246679317427
385	-0.155027601073	0.246679317427
386	-0.155200940401	0.246563803044
387	-0.155716660711	0.246223032387
388	-0.15623238102	0.245886629465
389	-0.156748101329	0.245554612229
390	-0.157263821638	0.245226998494
391	-0.157779541948	0.244903805931
392	-0.158295262257	0.244585052067
393	-0.158810982566	0.244270754277
394	-0.159326702875	0.243960929785
395	-0.159842423185	0.243655595655
396	-0.160358143494	0.243354768788
397	-0.160873863803	0.24305846592
398	-0.161389584112	0.242766703617
399	-0.161905304422	0.242479498268
400	-0.162421024731	0.242196866084
401	-0.16293674504	0.241918823096
402	-0.163452465349	0.241645385142
403	-0.163968185659	0.241376567874
404	-0.164483905968	0.241112386747
405	-0.164999626277	0.240852857016
406	-0.165342007258	0.240683134556
407	-0.164840899173	0.240932238027
408	-0.164124621186	0.24129594218
409	-0.163408343199	0.241668598437
410	-0.162692065213	0.242050165452
411	-0.161975787226	0.242440601151
412	-0.161259509239	0.242839862756
413	-0.160543231253	0.243247906809
414	-0.159826953266	0.243664689188
415	-0.159110675279	0.24409016513
416	-0.158394397292	0.244524289255
417	-0.157813045875	0.24479497056
418	-0.158287804257	0.24373885555
419	-0.15930957027	0.242028768341
420	-0.160332031779	0.240362933548
421	-0.161354493288	0.238743174066
422	-0.162376954796	0.237170433911
423	-0.163399416305	0.235645654533
424	-0.164421877814	0.234169772811
425	-0.165444339322	0.232743718963
426	-0.166466800831	0.23136841434
427	-0.167990370425	0.229609892351
428	-0.16972910992	0.227692720896
429	-0.171467849416	0.225799940472
430	-0.173206588911	0.223932169573
431	-0.174945328406	0.222090039189
432	-0.176684067902	0.220274192608
433	-0.178422807397	0.21848528517
434	-0.180161546892	0.216723983969
435	-0.181900286388	0.214990967493
436	-0.183639025883	0.213286925207
437	-0.185242838809	0.211741410171
438	-0.185790541936	0.211219498348
439	-0.185791237431	0.211218837526
440	-0.185791237431	0.211218837526
441	-0.185791237431	0.211218837526
442	-0.185791237431	0.211218837526
443	-0.185791237431	0.211218837526
444	-0.185791237431	0.211218837526
445	-0.185791237431	0.211218837526
446	-0.185791237431	0.211218837526
447	-0.185791237431	0.211218837526
448	-0.185791237431	0.211218837526
449	-0.185791237431	0.211218837526
450	-0.185656577276	0.211355887734
451	-0.185115643491	0.211909387612
452	-0.184345787469	0.21270525833
453	-0.18331434704	0.213786352624
454	-0.181338771193	0.215756246604
455	-0.178290393316	0.218736549777
456	-0.17524201544	0.221736695864
457	-0.172193637563	0.22475589025
458	-0.169145259686	0.227793375532
459	-0.166096881809	0.230848429701
460	-0.163048503932	0.233920364396
461	-0.160000126056	0.237008523239
462	-0.156951748179	0.240112280239
463	-0.153903370302	0.243231038274
464	-0.150854992425	0.246364227645
465	-0.147014721964	0.248220086892
466	-0.14104559362	0.246698521607
467	-0.133580577084	0.243005959358
468	-0.126069298725	0.239530431484
469	-0.118558020366	0.236358374999
470	-0.111195673186	0.233370824476
471	-0.10455654869	0.230556482834
472	-0.0982681474004	0.227985209445
473	-0.0922861346895	0.22558783913
474	-0.087248257396	0.222477084158
475	-0.0832831821325	0.218476015471
476	-0.0793181068689	0.214885452097
477	-0.0753530316054	0.211726279749
478	-0.0713879563419	0.209018059927
479	-0.0674228810783	0.20677851204
480	-0.0634578058148	0.205022995133
481	-0.0594927305513	0.203764020012
482	-0.0555276552877	0.203010824825
483	-0.0515625800242	0.202769045879
484	-0.0475975047607	0.203040510155
485	-0.0444243220815	0.203772846005
486	-0.0433799972853	0.204597382561
487	-0.0438315606805	0.205315866096
488	-0.0443293858994	0.206031531584
489	-0.0448272111183	0.206748717141
490	-0.0453107653133	0.20744678371
491	-0.0454773704534	0.20768762371
492	-0.0455221746245	0.207752419822
493	-0.0455221746245	0.207752419822
494	-0.0455221746245	0.207752419822
495	-0.0455221746245	0.207752419822
496	-0.0455221746245	0.207752419822
497	-0.0455221746245	0.207752419822
498	-0.0455221746245	0.207752419822
499	-0.0455221746245	0.207752419822
500	-0.0455221746245	0.207752419822
501	-0.0455221746245	0.207752419822
502	-0.0455221746245	0.207752419822
503	-0.0455221746245	0.207752419822
504	-0.0455221746245	0.207752419822
505	-0.0455221746245	0.207752419822
506	-0.0455221746245	0.207752419822
507	-0.0455221746245	0.207752419822
508	-0.0455221746245	0.207752419822
509	-0.0455221746245	0.207752419822
510	-0.0455221746245	0.207752419822
511	-0.0455221746245	0.207752419822
512	-0.0455221746245	0.207752419822
513	-0.0455221746245	0.207752419822
514	-0.0455221746245	0.207752419822
515	-0.0455221746245	0.207752419822
516	-0.0455221746245	0.207752419822
517	-0.0455221746245	0.207752419822
518	-0.0455221746245	0.207752419822
519	-0.0455221746245	0.207752419822
520	-0.0455221746245	0.207752419822
521	-0.0455221746245	0.207752419822
522	-0.0455221746245	0.207752419822
523	-0.0455221746245	0.207752419822
524	-0.0455221746245	0.207752419822
525	-0.0455221746245	0.207752419822
526	-0.0455221746245	0.207752419822
527	-0.0455221746245	0.207752419822
528	-0.0455221746245	0.207752419822
529	-0.0455221746245	0.207752419822
530	-0.0453695133377	0.207918233914
531	-0.0441430060166	0.209257921651
532	-0.0428563381933	0.210677475964
533	-0.04156967037	0.212111237167
534	-0.0405904120182	0.21321178974
535	-0.0407037780279	0.213083973138
536	-0.042018960097	0.211608987806
537	-0.0443043585681	0.209080921682
538	-0.0467038181995	0.206476062453
539	-0.0491032778309	0.203923691917
540	-0.0515027374623	0.201425805415
541	-0.0539021970937	0.198984454802
542	-0.0563016567252	0.196601746234
543	-0.0587011163566	0.194279837336
544	-0.061100575988	0.192020933681
545	-0.0635000356194	0.189827284529
546	-0.0658994952508	0.187701177768
547	-0.0682989548823	0.185644934007
548	-0.0706984145137	0.183660899794
549	-0.0730978741451	0.181751439905
550	-0.0756499950634	0.179804997384
551	-0.0792759620158	0.177194856737
552	-0.0830252232882	0.174714941617
553	-0.0878929310724	0.172059034208
554	-0.0928143449182	0.169648074839
555	-0.0981125268501	0.167129372767
556	-0.105991350786	0.162997594557
557	-0.114788798114	0.158506261578
558	-0.12466235218	0.152753374238
559	-0.134733885639	0.147100809025
560	-0.144805419098	0.141879824151
561	-0.154876952557	0.137139719983
562	-0.164948486017	0.132931948394
563	-0.175020019476	0.129308487042
564	-0.185091552935	0.126319628518
565	-0.195163086394	0.12401126597
566	-0.205234619853	0.122421899335
567	-0.215306153312	0.121579729383
568	-0.225377686771	0.121500294516
569	-0.235449220231	0.12218508235
570	-0.24552075369	0.12362139354
571	-0.255592287149	0.125783485972
572	-0.26560068679	0.128666615583
573	-0.274160578655	0.13316584996
574	-0.281621301757	0.139224338464
575	-0.286700094267	0.144921691817
576	-0.286883333087	0.148444509242
577	-0.28517715909	0.150356648686
578	-0.282280817195	0.153742227833
579	-0.279186495906	0.157542194783
580	-0.276092174618	0.161518109174
581	-0.27299785333	0.165657302831
582	-0.269903532042	0.169947845846
583	-0.266809210753	0.174378566831
584	-0.263714889465	0.178939053224
585	-0.260620568177	0.183619636487
586	-0.257526246889	0.188411366362
587	-0.2544319256	0.193305977614
588	-0.251337604312	0.19829585201
589	-0.248243283024	0.203373977696
590	-0.245148961735	0.208533907601
591	-0.242054640447	0.213769718086
592	-0.238960319159	0.219075968692
593	-0.236196059135	0.223871705332
594	-0.234169852342	0.227418245947
595	-0.233056183692	0.22937829347
596	-0.23305561067	0.2293793039
597	-0.23305561067	0.2293793039
598	-0.23305561067	0.2293793039
599	-0.23305561067	0.2293793039
600	-0.23305561067	0.2293793039
601	-0.23305561067	0.2293793039
602	-0.23305561067	0.2293793039
603	-0.23305561067	0.2293793039
604	-0.23305561067	0.2293793039
605	-0.23305561067	0.2293793039
606	-0.229560050002	0.225491676279
607	-0.221372328585	0.216783226082
608	-0.213130706223	0.208636913675
609	-0.204889083861	0.201187436147
610	-0.196452919937	0.194885921472
611	-0.187924785662	0.18962833109
612	-0.176644960195	0.184043606978
613	-0.163757509953	0.180623194289
614	-0.150870059711	0.179582257518
615	-0.137982609469	0.180961863305
616	-0.125095159227	0.184707781593
617	-0.112207708985	0.190680604798
618	-0.0993202587427	0.19867959474
619	-0.0864328085007	0.208471651648
620	-0.0735453582587	0.219817282239
621	-0.0606579080167	0.232489151264
622	-0.0477704577747	0.246282628692
623	-0.0348830075327	0.261019962435
624	-0.0219955572907	0.276550299655
625	-0.00910810704868	0.292747460354
626	0.000283782524638	0.30480840506
627	0.0049835113497	0.310733728694
628	0.00962933922976	0.316617770168
629	0.0142751671098	0.322530917846
630	0.0187264534282	0.328325983704
631	0.023085769395	0.334086114257
632	0.0246933941698	0.336073573691
633	0.0246933941698	0.336073573691
634	0.0246933941698	0.336073573691
635	0.0246933941698	0.336073573691
636	0.0246933941698	0.336073573691
637	0.0246933941698	0.336073573691
638	0.0246933941698	0.336073573691
639	0.0246933941698	0.336073573691
640	0.0246933941698	0.336073573691
641	0.0246933941698	0.336073573691
642	0.0246933941698	0.336073573691
643	0.0246933941698	0.336073573691
644	0.0247630589686	0.33602548157
645	0.0268878349327	0.334589913497
646	0.0309496188877	0.332016108229
647	0.0350587532244	0.329644530454
648	0.0391678875612	0.327511583433
649	0.0432770218979	0.325621956566
650	0.0471585600208	0.324132017944
651	0.0503913651027	0.323353778845
652	0.0535867910982	0.322899049383
653	0.0567822170936	0.322744061779
654	0.0599776430891	0.322889247664
655	0.0631730690846	0.32333420268
656	0.06636849508	0.32407769209
657	0.0695639210755	0.325117667807
658	0.072759347071	0.326451296295
659	0.0759547730664	0.328074996467
660	0.0791501990619	0.329984486429
661	0.0823456250573	0.332174837672
662	0.0855410510528	0.334640535207
663	0.0887364770483	0.33737554201
664	0.091862238245	0.34033623942
665	0.0929328882764	0.3423628292
666	0.0920665303168	0.343341600748
667	0.0911528219755	0.34430276359
668	0.0902391136342	0.345272835925
669	0.089325405293	0.346251742868
670	0.0886392931655	0.346992575946
671	0.0886019140791	0.347033077462
672	0.0886008708368	0.347031858157
673	0.0877175923391	0.346001399928
674	0.0864344040329	0.344511159106
675	0.0846195089957	0.342417281157
676	0.0825517261232	0.340154859002
677	0.0782614732036	0.336603638166
678	0.0738256318243	0.333027497277
679	0.069389790445	0.329515259802
680	0.0649539490657	0.326068990746
681	0.0605181076864	0.3226908037
682	0.056082266307	0.319382859031
683	0.0514454269074	0.315915226974
684	0.0457743855767	0.311330753752
685	0.0398780038017	0.30657169394
686	0.0339816220266	0.301902362021
687	0.0280852402515	0.297326985382
688	0.0221888584765	0.292849967822
689	0.0162924767014	0.288475888845
690	0.0103960949264	0.284209501268
691	0.00449971315129	0.280055726868
692	-0.00139562538145	0.276020770235
693	-0.00640872865881	0.273047781432
694	-0.0113395047155	0.270925741128
695	-0.016701844052	0.270433074689
696	-0.0223019287535	0.270611124793
697	-0.0256800971701	0.270899222208
698	-0.0289126771269	0.271249943317
699	-0.0321452570837	0.271661278559
700	-0.0353778370405	0.272132953075
701	-0.0386104169973	0.272664653729
702	-0.0418429969542	0.273256030124
703	-0.0448745788906	0.274103191601
704	-0.0468719588961	0.276009048497
705	-0.048731097867	0.278075136932
706	-0.0518336953079	0.278793863825
707	-0.0549523373629	0.279555898068
708	-0.0580709794179	0.280378763117
709	-0.061189621473	0.281261925069
710	-0.064308263528	0.282204817826
711	-0.067426905583	0.283206844795
712	-0.070545547638	0.284267380642
713	-0.0736641896931	0.285385773085
714	-0.0764652491602	0.286113081135
715	-0.0783030386167	0.285518191461
716	-0.0795507945799	0.284112319911
717	-0.0793324642921	0.280665223832
718	-0.0786855214804	0.276671721447
719	-0.0780385786686	0.27274210371
720	-0.0773916358569	0.268879171621
721	-0.0767446930452	0.265085840502
722	-0.0760977502334	0.261365140839
723	-0.0754508074217	0.257720218386
724	-0.0748038646099	0.254154333411
725	-0.0740698223883	0.250737000528
726	-0.0720923216968	0.248331781183
727	-0.0700987763911	0.245992887157
728	-0.0681052310854	0.243709684167
729	-0.0661116857797	0.241483751876
730	-0.064118140474	0.239316688347
731	-0.0621245951683	0.237210106997
732	-0.0601310498626	0.235165633202
733	-0.0581375045569	0.233184900574
734	-0.0561714442457	0.231264759054
735	-0.0548965892743	0.22930385087
736	-0.0543271642094	0.227451258275
737	-0.055231979723	0.22695492643
738	-0.0565654077607	0.226867359186
739	-0.0578988357984	0.226818643215
740	-0.059232263836	0.226808803551
741	-0.0605656918737	0.226837845253
742	-0.0618991199113	0.226905753391
743	-0.063232547949	0.227012493087
744	-0.0645659759867	0.2271580096
745	-0.0658994040243	0.22734222847
746	-0.067232832062	0.227565055706
747	-0.0685662600996	0.227826378025
748	-0.0698996881373	0.228126063135
749	-0.0712331161749	0.228463960072
750	-0.0725665442126	0.228839899567
751	-0.0738999722503	0.229253694472
752	-0.0752334002879	0.229705140204
753	-0.0765668283256	0.230194015248
754	-0.0778727713688	0.230708864511
755	-0.0784875090722	0.230963497253
756	-0.0784962171619	0.23096716054
757	-0.0784962171619	0.23096716054
758	-0.0784962171619	0.23096716054
759	-0.0784377952628	0.230925415562
760	-0.0773205796066	0.230139332017
761	-0.076019237994	0.229253187997
762	-0.0747178963814	0.228399133076
763	-0.0734165547687	0.227577528527
764	-0.0721152131561	0.226788727033
765	-0.0708138715435	0.226033072016
766	-0.0695125299309	0.225310896982
767	-0.0682111883182	0.224622524851
768	-0.0669098467056	0.223968267304
769	-0.065608505093	0.22334842414
770	-0.0643071634804	0.222763282635
771	-0.0630058218677	0.222213116922
772	-0.0617044802551	0.221698187389
773	-0.0604031386425	0.221218740094
774	-0.059522224557	0.220241561069
775	-0.0611590044713	0.216149654834
776	-0.0655854170946	0.208801089665
777	-0.0714713275254	0.200122977595
778	-0.0774379154426	0.191920038209
779	-0.0834629252589	0.184369125863
780	-0.0905467288323	0.17755058743
781	-0.0978146583621	0.1714105555
782	-0.105082587892	0.166011550602
783	-0.112931951245	0.161098648086
784	-0.122002952858	0.15672202868
785	-0.131496468299	0.153757422861
786	-0.14098998374	0.152539831272
787	-0.150483499182	0.153110938188
788	-0.159977014623	0.155451030519
789	-0.169470530064	0.159482257993
790	-0.178964045505	0.165080775889
791	-0.188457560947	0.17209369178
792	-0.197951076388	0.180356089892
793	-0.207444591829	0.189704780647
794	-0.216517679743	0.199514283375
795	-0.223812845833	0.205912324206
796	-0.22840948979	0.209145598001
797	-0.232298760338	0.211173031263
798	-0.237810698977	0.211148954834
799	-0.24520988749	0.208549556206
800	-0.252781555908	0.206018460362
801	-0.260353224326	0.20382209893
802	-0.267924892744	0.20197139253
803	-0.274915127339	0.199683672195
804	-0.280683723674	0.196065033242
805	-0.286029806181	0.192200686903
806	-0.291375888688	0.188686402341
807	-0.296721971194	0.185542071797
808	-0.302068053701	0.182786788312
809	-0.307414136208	0.180438374944
810	-0.312760218714	0.178512890065
811	-0.317996065018	0.17687810478
812	-0.322379581464	0.17458690441
813	-0.32657809627	0.172570116666
814	-0.330776611077	0.171091236891
815	-0.334235353709	0.170172867515
816	-0.337602985764	0.169651073876
817	-0.340218493421	0.168966924914
818	-0.3411306555	0.168123055614
819	-0.340155567705	0.166926856426
820	-0.339008000006	0.165704902626
821	-0.337860432306	0.164498188782
822	-0.336712864606	0.163307052729
823	-0.335565296906	0.162131837802
824	-0.334417729207	0.16097289271
825	-0.333270161507	0.159830571374
826	-0.332122593807	0.158705232755
827	-0.330975026108	0.157597240655
828	-0.329827458408	0.156506963488
829	-0.328679890708	0.155434774033
830	-0.327532323009	0.154381049151
831	-0.326494991511	0.153444752037
832	-0.326309989873	0.153279408856
833	-0.326309989873	0.153279408856
834	-0.327233388905	0.15184349136
835	-0.328783924366	0.149462810224
836	-0.329043439818	0.146715074714
837	-0.327300374678	0.143658964693
838	-0.326356409556	0.141843231444
839	-0.326544362971	0.14172555915
840	-0.326996952188	0.142536072907
841	-0.327449541405	0.144003031607
842	-0.327902130622	0.146106663821
843	-0.328354719839	0.148819973064
844	-0.328807309056	0.152110336997
845	-0.329259898273	0.155941232293
846	-0.32971248749	0.160273904006
847	-0.330165076707	0.165068845487
848	-0.330617665924	0.170287011438
849	-0.331070255141	0.175890738378
850	-0.331522844358	0.181844385392
851	-0.331975433575	0.188114731531
852	-0.332428022792	0.194671176624
853	-0.332880612009	0.201485793212
854	-0.332409802195	0.208765378816
855	-0.331311855951	0.216329043823
856	-0.331504929716	0.222135139407
857	-0.333700584072	0.225056678991
858	-0.335097138411	0.226915248482
859	-0.335361774213	0.227268657168
860	-0.335361774213	0.227268657168
861	-0.335361774213	0.227268657168
862	-0.335361774213	0.227268657168
863	-0.335361774213	0.227268657168
864	-0.335361774213	0.227268657168
865	-0.335681796709	0.227046340948
866	-0.336797521605	0.226287107356
867	-0.337913246501	0.225552694313
868	-0.339028971397	0.224843345038
869	-0.340144696293	0.224159297472
870	-0.341260421189	0.22350078393
871	-0.342376146085	0.222868030751
872	-0.343491870981	0.222261257945
873	-0.344607595877	0.221680678849
874	-0.345723320774	0.221126499782
875	-0.34683904567	0.220598919707
876	-0.347954770566	0.2200981299
877	-0.349070495462	0.219624313621
878	-0.349964460869	0.219519823183
879	-0.350477079645	0.220040788235
880	-0.350819223793	0.220871344017
881	-0.351161367942	0.221747881978
882	-0.35150351209	0.222669859092
883	-0.351845656239	0.223636713371
884	-0.352187800387	0.22464786538
885	-0.352209922041	0.225760399371
886	-0.350983574023	0.226461573064
887	-0.347323339526	0.224130207359
888	-0.341163841539	0.218859643175
889	-0.334513323317	0.21328167493
890	-0.327862805095	0.208031276131
891	-0.321212286872	0.203133848421
892	-0.31456176865	0.198615504021
893	-0.307869520736	0.194464697471
894	-0.29997928219	0.18975807203
895	-0.291520476132	0.185310144213
896	-0.283061670074	0.181697018026
897	-0.274602864016	0.178969260866
898	-0.266365817447	0.17673454416
899	-0.25851011751	0.174719718008
900	-0.2508248922	0.173377714586
901	-0.243139666889	0.173064956359
902	-0.235350151587	0.173977643261
903	-0.226401733746	0.175627623961
904	-0.215970806893	0.178411970422
905	-0.205124660818	0.18195860822
906	-0.194729649247	0.186038572344
907	-0.186768524154	0.189184094134
908	-0.181306662552	0.190957676742
909	-0.176335821185	0.192549224357
910	-0.171364979818	0.194272397169
911	-0.166394138451	0.196123725772
912	-0.161423297084	0.198099617181
913	-0.156494185409	0.200167689581
914	-0.152763064366	0.201533305834
915	-0.149600510835	0.202645261975
916	-0.146437957303	0.203894146707
917	-0.143275403772	0.205277460871
918	-0.14011285024	0.206792506736
919	-0.136950296709	0.208436411795
920	-0.133787743178	0.210206152865
921	-0.130625189646	0.212098580056
922	-0.127566926107	0.213976659097
923	-0.125667565106	0.215277198836
924	-0.125250713117	0.215526744044
925	-0.12524908035	0.215527602948
926	-0.12524908035	0.215527602948
927	-0.12524908035	0.215527602948
928	-0.12524908035	0.215527602948
929	-0.12524908035	0.215527602948
930	-0.12524908035	0.215527602948
931	-0.12524908035	0.215527602948
932	-0.12524908035	0.215527602948
933	-0.12524908035	0.215527602948
934	-0.12524908035	0.215527602948
935	-0.12524908035	0.215527602948
936	-0.12524908035	0.215527602948
937	-0.125347926634	0.215401844234
938	-0.125548484311	0.215147080166
939	-0.125749041989	0.214892851605
940	-0.125949599666	0.214639160454
941	-0.126150157344	0.214386008621
942	-0.126350715021	0.214133398019
943	-0.126551272699	0.213881330566
944	-0.126751830376	0.213629808183
945	-0.126952388053	0.213378832799
946	-0.127152945731	0.213128406346
947	-0.127353503408	0.212878530761
948	-0.127554061086	0.212629207986
949	-0.127754618763	0.212380439969
950	-0.127955176441	0.21213222866
951	-0.128155734118	0.211884576017
952	-0.128356291795	0.211637484001
953	-0.128556849473	0.211390954577
954	-0.12875740715	0.211144989716
955	-0.128957964828	0.210899591393
956	-0.129158522505	0.210654761589
957	-0.129260233899	0.210530815806
958	-0.129260233899	0.210530815806
959	-0.129260233899	0.210530815806
960	-0.129260233899	0.210530815806
961	-0.129260233899	0.210530815806
962	-0.129260233899	0.210530815806
963	-0.129260233899	0.210530815806
964	-0.128625594229	0.210875723595
965	-0.127578955243	0.211171221325
966	-0.126925696783	0.211046464648
967	-0.126669256014	0.210525630145
968	-0.12757519173	0.208803665939
969	-0.128744431427	0.206982662309
970	-0.129913671124	0.205369138582
971	-0.131082910821	0.203968018732
972	-0.132252150518	0.202783705578
973	-0.133421390215	0.201820015926
974	-0.134590629912	0.201080121861
975	-0.135759869609	0.200566500158
976	-0.136929109305	0.200280891654
977	-0.138098349002	0.200224272096
978	-0.139267588699	0.200396835578
979	-0.140436828396	0.200797991229
980	-0.141606068093	0.201426373277
981	-0.14277530779	0.2022798641
982	-0.143944547487	0.203355629348
983	-0.145113787184	0.204650163824
984	-0.146923109107	0.205386977303
985	-0.149753453075	0.204829604732
986	-0.153173343132	0.203688130009
987	-0.156806897473	0.202231544915
988	-0.158260469736	0.200863261948
989	-0.159173968084	0.199671137101
990	-0.160087466432	0.198670257587
991	-0.161000964779	0.197863525634
992	-0.161914463127	0.197253323345
993	-0.162827961474	0.196841478436
994	-0.163741459822	0.196629237304
995	-0.164654958169	0.196617246346
996	-0.165568456517	0.196805542164
997	-0.166403309722	0.197195211305
998	-0.165869086356	0.197742533412
999	-0.163207638055	0.198341807565
1000	-0.159087855145	0.199095846237
1001	-0.154939770942	0.200041226554
1002	-0.150791686739	0.201174693951
1003	-0.146643602537	0.202493089967
1004	-0.142490075778	0.203994598761
1005	-0.137726135299	0.20591357368
1006	-0.131456712806	0.209475429369
1007	-0.124941520214	0.213947047575
1008	-0.119479037675	0.21802927837
1009	-0.114293325071	0.222134633592
1010	-0.109414029151	0.226185079408
1011	-0.10472114109	0.230218280576
1012	-0.101335827933	0.233382647919
1013	-0.0967684907021	0.236560660988
1014	-0.0890496506446	0.236452267981
1015	-0.0778345104698	0.2324251304
1016	-0.0665820537697	0.228485190734
1017	-0.0555378228337	0.224697524793
1018	-0.0464311060422	0.220292740103
1019	-0.0394734877875	0.214330437389
1020	-0.0339742041428	0.207597192463
1021	-0.0285032217898	0.201332381812
1022	-0.0230322394368	0.195604777267
1023	-0.0175612570838	0.190462849629
1024	-0.0120902747309	0.185955189666
1025	-0.00662068336763	0.182126805422
1026	-0.00167364740532	0.177443646615
1027	0.00363810043268	0.171803230851
1028	0.00898495273229	0.166464912803
1029	0.0143318050319	0.161457542845
1030	0.0199850740152	0.156728156312
1031	0.025824750857	0.1522787412
1032	0.0329720026036	0.147653602395
1033	0.0389372302754	0.143876255252
1034	0.041447371342	0.14135076206
1035	0.0382008514408	0.137145184364
1036	0.0342121302648	0.131784059619
1037	0.0303529897108	0.126419595571
1038	0.0270622867297	0.121000897102
1039	0.0237934573506	0.115605895271
1040	0.0205246279715	0.11024128028
1041	0.0172557985924	0.104911713685
1042	0.0139869692133	0.0996228206452
1043	0.0107181398342	0.0943814391322
1044	0.00744931045516	0.0891959452351
1045	0.00418048107607	0.0840766803249
1046	0.000911651696974	0.0790365145796
1047	-0.00235717768212	0.074091592193
1048	-0.00562600706121	0.0692623156186
1049	-0.0088948364403	0.0645746361227
1050	-0.0121636658194	0.0600617168441
1051	-0.0154324951985	0.0557660018695
1052	-0.0187013245776	0.0517416179986
1053	-0.0219701539567	0.0480567792937
1054	-0.0260622820699	0.045147904637
1055	-0.0355296911017	0.0494536701887
1056	-0.0442922153839	0.0606161321195
1057	-0.0530547396662	0.0752638543146
1058	-0.0618172639485	0.0917423695716
1059	-0.0705797882307	0.109226184123
1060	-0.079342312513	0.127301761719
1061	-0.0881048367952	0.145749099793
1062	-0.0968673610775	0.164443132905
1063	-0.10562988536	0.183308401727
1064	-0.114392409642	0.202297006016
1065	-0.123154933924	0.221377210791
1066	-0.131917458207	0.240527217976
1067	-0.140679982489	0.259731588437
1068	-0.146734703446	0.273027156396
1069	-0.153462171176	0.287820634611
1070	-0.160981105698	0.304376445582
1071	-0.169439907034	0.323025112853
1072	-0.17902654855	0.3441852946
1073	-0.189982710281	0.368395260186
1074	-0.200890769951	0.39252239235
1075	-0.200890769951	0.39252239235
1076	-0.200890769951	0.39252239235
