Time	Mean	Std
0	0.000716238670165	0.00460860011143
1	0.000646172733178	0.00576378078185
2	0.00100445111902	0.00673768925508
3	0.0013076097532	0.00756662885029
4	0.00156746001106	0.00827961765053
5	0.00179266356788	0.00889893696366
6	0.0019897166801	0.00944169330138
7	0.00216358707323	0.00992114700542
8	0.00231813853379	0.010347701047
9	0.00245642141955	0.0107296164948
10	0.00258087601674	0.0110735298231
11	0.00288554123717	0.0119160883575
12	0.0031902064576	0.0127594322343
13	0.00349487167803	0.0136034153923
14	0.00379953689846	0.0144479258001
15	0.00410420211889	0.0152928761099
16	0.00440886733932	0.0161381972257
17	0.00520251319014	0.0166146225217
18	0.00698025143708	0.0168825854287
19	0.0085687768703	0.017773921872
20	0.0101573023035	0.0197862858513
21	0.0117458277368	0.0226224693169
22	0.0133347234086	0.0260141407801
23	0.0154985996078	0.029387141946
24	0.0178646260761	0.0329354086572
25	0.0202306525445	0.0367123346732
26	0.0225966790128	0.0406542400369
27	0.0249627054812	0.0447175166002
28	0.0273287319496	0.0488719008314
29	0.0296947584179	0.0530960114599
30	0.0320607848863	0.0573744500375
31	0.0344268113546	0.0616959151269
32	0.036792837823	0.066051962209
33	0.0391588642913	0.0704361755213
34	0.0415248907597	0.0748436054353
35	0.043890917228	0.0792703795192
36	0.0462569436964	0.0837134290647
37	0.0481339895343	0.0867510231923
38	0.0489542585593	0.0867374235818
39	0.0497317595944	0.0866182208154
40	0.0505092606296	0.0865175783744
41	0.0512867616647	0.0864355610919
42	0.0520638924612	0.0863722477353
43	0.0522660427304	0.0863588420998
44	0.0522660427304	0.0863588420998
45	0.0522660427304	0.0863588420998
46	0.0522660427304	0.0863588420998
47	0.0522660427304	0.0863588420998
48	0.0522660427304	0.0863588420998
49	0.0522660427304	0.0863588420998
50	0.0521271485666	0.0859615150758
51	0.050319080747	0.0808039257011
52	0.0482621439612	0.0749745521808
53	0.0462052071753	0.0691955995264
54	0.0440639562251	0.0632482132403
55	0.0418440934884	0.0571791742373
56	0.0396242307518	0.0512431412274
57	0.0374043680151	0.0454922097426
58	0.0351845052785	0.0400062850023
59	0.0332717021005	0.0349683583668
60	0.0318594205341	0.030922036609
61	0.0311983575893	0.029163484497
62	0.0306541557195	0.0301787788823
63	0.0301099538496	0.0336552002042
64	0.0295657519797	0.0389390581021
65	0.0290215501099	0.0454036554707
66	0.02847734824	0.0526155637951
67	0.0279331463701	0.0603072724965
68	0.0273889445003	0.0683169131154
69	0.0268447426304	0.0765447454655
70	0.0264394349243	0.0846386206086
71	0.0277033008741	0.0893456324066
72	0.02921603579	0.0935943481227
73	0.030728770706	0.0978950986468
74	0.0323258197864	0.102078618523
75	0.0341122702272	0.105950931029
76	0.0362389337493	0.109343277984
77	0.0396044165795	0.112985925421
78	0.0430942995753	0.116694612867
79	0.0462771230125	0.11967269178
80	0.048959424838	0.121424804867
81	0.0508905080419	0.1213222646
82	0.0527047301709	0.120968650762
83	0.0545189522999	0.120658575596
84	0.056333174429	0.120392375511
85	0.058147396558	0.120170342082
86	0.059961618687	0.119992720485
87	0.061775840816	0.119859708164
88	0.063590062945	0.119771453742
89	0.065404285074	0.119728056195
90	0.0672185072031	0.1197295643
91	0.0690327293321	0.119775976361
92	0.0708469514611	0.119867240218
93	0.0726611735901	0.12000325354
94	0.0744753957191	0.120183864396
95	0.0761788282742	0.120570104937
96	0.0775420477478	0.121400921889
97	0.0776664479135	0.121478495962
98	0.0776664479135	0.121478495962
99	0.0776664479135	0.121478495962
100	0.0778190462727	0.121398746587
101	0.0782143788096	0.121193998232
102	0.0786097113465	0.120991939235
103	0.0790050438834	0.120792583089
104	0.0794003764203	0.1205959432
105	0.0797957089572	0.120402032877
106	0.0801910414942	0.120210865328
107	0.0805796533522	0.120032589001
108	0.0800605656	0.121254383481
109	0.0791524928152	0.123166995015
110	0.0782444200304	0.12518293485
111	0.0773363472456	0.127297294015
112	0.0766167209143	0.129401378219
113	0.0762703761466	0.131409428688
114	0.0755313239934	0.132528050846
115	0.072637331574	0.131924739405
116	0.0671979462219	0.130942838794
117	0.0614675530219	0.131103979088
118	0.0557371598219	0.132552618723
119	0.0500067666219	0.135247392671
120	0.0441237750626	0.139128575409
121	0.0379980493257	0.14408927783
122	0.0318723235888	0.149995977534
123	0.0257465978519	0.156741763317
124	0.0196208721149	0.164223266499
125	0.013495146378	0.172344700969
126	0.00736942064108	0.18101995593
127	0.001250415583	0.190160982164
128	-0.00396088986478	0.198121906145
129	-0.00878321028002	0.205919514763
130	-0.0137120434266	0.2143725729
131	-0.0194459336248	0.224443333642
132	-0.0253731580428	0.234634415288
133	-0.0316736640246	0.244746074674
134	-0.0375814626208	0.253200579119
135	-0.0413343209507	0.257666827325
136	-0.042545726006	0.259243356483
137	-0.0439464329294	0.260124081621
138	-0.045749312162	0.260708680449
139	-0.0475521913945	0.261322143898
140	-0.0489732530747	0.262261486941
141	-0.0498427631627	0.263653754057
142	-0.0505950687491	0.265159077315
143	-0.0513473743356	0.266685688938
144	-0.052099679922	0.268233225446
145	-0.0528519855085	0.269801326774
146	-0.0535283424079	0.271515840035
147	-0.0538227792248	0.273885153821
148	-0.0539004682479	0.276637135936
149	-0.053978157271	0.279411225527
150	-0.0526202243708	0.282322220505
151	-0.0497436580053	0.284068815207
152	-0.0468096244242	0.285843903412
153	-0.0437957336706	0.287664487502
154	-0.04054543406	0.289577020898
155	-0.0372951344494	0.291521504811
156	-0.0340408951808	0.293500078438
157	-0.0303063461961	0.295843073279
158	-0.0256090831178	0.297922776793
159	-0.0194360471455	0.298548241818
160	-0.0136070737742	0.298971928199
161	-0.00790843699649	0.299344940887
162	-0.00168845268529	0.300107143898
163	0.00461590594071	0.300959333893
164	0.0109202645667	0.301844184217
165	0.0172246231927	0.302761408511
166	0.0234530331316	0.303589201975
167	0.0292995229881	0.303844659898
168	0.0349292650507	0.303804759803
169	0.0405590071133	0.303816561099
170	0.044859639984	0.303287970904
171	0.048446696441	0.302478616777
172	0.0519811734488	0.301680686058
173	0.0554357932842	0.300883244858
174	0.0586540042625	0.300020980746
175	0.0618722152407	0.29919712718
176	0.065090426219	0.298412002291
177	0.0683086371973	0.297665912532
178	0.0709663063911	0.297395831711
179	0.0721482026909	0.298298202844
180	0.0732923440393	0.299184312698
181	0.0734085634341	0.299275009001
182	0.0719105098686	0.298115662382
183	0.0694593896359	0.296264627192
184	0.0667016336252	0.294251297011
185	0.0639438776146	0.292312772526
186	0.061186121604	0.290450551543
187	0.0584283655934	0.288666110797
188	0.0556706095827	0.286960901299
189	0.0529128535721	0.285336343545
190	0.0501550975615	0.283793822593
191	0.0473973415509	0.282334683058
192	0.0446395855403	0.280960224043
193	0.0418818295296	0.279671694048
194	0.039124073519	0.278470285902
195	0.0363663175084	0.277357131746
196	0.0336085614978	0.276333298123
197	0.0308508054871	0.275399781215
198	0.0280930494765	0.274557502277
199	0.0253352934659	0.273807303301
200	0.0225775374553	0.273149942973
201	0.0204264883997	0.272702085876
202	0.0192511602693	0.27248151586
203	0.0189445244914	0.272426783393
204	0.0189445244914	0.272426783393
205	0.0189445244914	0.272426783393
206	0.0189445244914	0.272426783393
207	0.019173027955	0.271955236884
208	0.0198406160584	0.2705826644
209	0.0205126846143	0.269208620245
210	0.0211847531702	0.267842461449
211	0.0218568217261	0.266484309285
212	0.022528890282	0.265134286798
213	0.0232009588379	0.263792518803
214	0.0238730273939	0.262459131899
215	0.0245450959498	0.26113425447
216	0.0252171645057	0.259818016693
217	0.0258892330616	0.258510550537
218	0.0265613016175	0.257211989766
219	0.0272333701734	0.255922469939
220	0.0279054387293	0.254642128408
221	0.0285775072853	0.253371104313
222	0.0292495758412	0.252109538577
223	0.0299216443971	0.250857573898
224	0.030593712953	0.249615354741
225	0.0312657815089	0.248383027325
226	0.0319378500648	0.247160739608
227	0.0323814151571	0.246359602374
228	0.0323858956097	0.246351532875
229	0.0323858956097	0.246351532875
230	0.0323858956097	0.246351532875
231	0.0323858956097	0.246351532875
232	0.0310378102708	0.245588749244
233	0.0283495464106	0.244112777657
234	0.0247298783811	0.242222005977
235	0.0169963761319	0.238564902547
236	0.0084176522534	0.235141743069
237	-0.000161071625101	0.232413404477
238	-0.0087397955036	0.230404571284
239	-0.0173185193821	0.229134168115
240	-0.0258972432606	0.228614505593
241	-0.0344759671391	0.228850698008
242	-0.0430546910176	0.229840415138
243	-0.0516334148961	0.231573995785
244	-0.0602121387746	0.23403491034
245	-0.0686506769418	0.237260483797
246	-0.0768373948881	0.241277977586
247	-0.0859931670598	0.243610848453
248	-0.0969003307208	0.242432580634
249	-0.10893889177	0.239401154807
250	-0.120997256122	0.237244020631
251	-0.133055620475	0.236033494261
252	-0.143765899489	0.234533503347
253	-0.153135999982	0.232517752301
254	-0.161574696305	0.230213665469
255	-0.165899558408	0.224187983196
256	-0.169379198883	0.217637247395
257	-0.172858839357	0.211455317678
258	-0.176338479831	0.205675452039
259	-0.179818120306	0.2003324538
260	-0.18329776078	0.195462151824
261	-0.186777401254	0.191100690272
262	-0.190257041728	0.18728362215
263	-0.193736682203	0.184044822545
264	-0.197216322677	0.181415265515
265	-0.200836148863	0.179212621665
266	-0.204707795269	0.177265277012
267	-0.20761038745	0.176224432776
268	-0.208761588142	0.175912824713
269	-0.208781391446	0.175907970745
270	-0.208781391446	0.175907970745
271	-0.208781391446	0.175907970745
272	-0.208781391446	0.175907970745
273	-0.208781391446	0.175907970745
274	-0.208369698041	0.176557787437
275	-0.20650492976	0.179511973774
276	-0.203450058479	0.18438813913
277	-0.199955916232	0.190017256868
278	-0.195780464037	0.196262928346
279	-0.190809399719	0.2026679562
280	-0.185065790722	0.209259894043
281	-0.177250138853	0.214594487135
282	-0.165493960767	0.216526902392
283	-0.150713860388	0.216405625597
284	-0.134907531426	0.215883024918
285	-0.119101202464	0.215739604939
286	-0.103294873503	0.215976121052
287	-0.0874885445408	0.2165913286
288	-0.071682215579	0.217582015383
289	-0.0558758866172	0.21894308449
290	-0.0400695576554	0.220667682518
291	-0.0242632286935	0.222747365874
292	-0.00845689973173	0.225172296106
293	0.00734942923009	0.227931454384
294	0.0227440647872	0.230361028476
295	0.0370871318033	0.231001899575
296	0.0506546584759	0.230422784886
297	0.0638155568838	0.229750445528
298	0.0762951453437	0.229024389166
299	0.08812832788	0.228261141951
300	0.102348214338	0.223650386975
301	0.116037732295	0.217836643074
302	0.125786724033	0.213925166876
303	0.13251179348	0.209064362979
304	0.138218039127	0.203608288299
305	0.146486709855	0.195339679264
306	0.155591750617	0.186534285801
307	0.164696791378	0.178261147123
308	0.17380183214	0.17059771592
309	0.182906872902	0.163629679735
310	0.191924748307	0.157410533712
311	0.200337354147	0.151869255436
312	0.208749959987	0.147432102514
313	0.217162565827	0.144201034804
314	0.225453733032	0.142284173863
315	0.23299129616	0.141479993965
316	0.239387148046	0.141648234407
317	0.245618182054	0.142822181264
318	0.251849216062	0.144985734815
319	0.25793104387	0.148026640398
320	0.260853623078	0.150187342801
321	0.262234527916	0.151731941607
322	0.263615432753	0.153386602248
323	0.264996337591	0.155147803316
324	0.266369837644	0.157007041848
325	0.265180912617	0.157227440314
326	0.263155617557	0.156929782742
327	0.261516456541	0.156342453136
328	0.260041035876	0.155642223267
329	0.258565615211	0.154967724628
330	0.257177359901	0.154245006171
331	0.256394374157	0.153046307697
332	0.255611388414	0.151898877393
333	0.25482840267	0.150803885524
334	0.254166855561	0.149819841339
335	0.253696924396	0.149151785472
336	0.251974187442	0.150235795178
337	0.250141273687	0.151726910876
338	0.248308359933	0.153397590971
339	0.245828686805	0.154466166901
340	0.2406661105	0.152566656537
341	0.234138445189	0.149483465021
342	0.227610779878	0.14688935152
343	0.221083114566	0.144810602208
344	0.214515125313	0.14331330239
345	0.206400198582	0.144007304972
346	0.197731410334	0.145761139249
347	0.187413399032	0.149880346687
348	0.175949245582	0.155657523318
349	0.164443977548	0.161807578386
350	0.152938709515	0.168251716271
351	0.141433441481	0.174957444486
352	0.129928173447	0.181895834151
353	0.118422905414	0.189041268852
354	0.10691763738	0.196371148402
355	0.0955728511441	0.203618190725
356	0.0862080192838	0.208060898056
357	0.0770855394001	0.212483981533
358	0.0679630595163	0.217239711092
359	0.0594873390057	0.222190451296
360	0.0536945216721	0.226839198813
361	0.0492667933449	0.231350723401
362	0.0448390650177	0.235971275569
363	0.0404113366906	0.240694576475
364	0.0360239323057	0.245470378671
365	0.0331834653979	0.248610421084
366	0.0308968600084	0.251164518539
367	0.0298733436268	0.252315170501
368	0.0298322290429	0.252361486325
369	0.0298322290429	0.252361486325
370	0.0298322290429	0.252361486325
371	0.0298322290429	0.252361486325
372	0.0298322290429	0.252361486325
373	0.0298322290429	0.252361486325
374	0.0298322290429	0.252361486325
375	0.0298322290429	0.252361486325
376	0.0298322290429	0.252361486325
377	0.0298322290429	0.252361486325
378	0.0298322290429	0.252361486325
379	0.0298322290429	0.252361486325
380	0.0298322290429	0.252361486325
381	0.0298322290429	0.252361486325
382	0.0298322290429	0.252361486325
383	0.0298322290429	0.252361486325
384	0.0298322290429	0.252361486325
385	0.0298322290429	0.252361486325
386	0.0298322290429	0.252361486325
387	0.0298322290429	0.252361486325
388	0.0298322290429	0.252361486325
389	0.0298322290429	0.252361486325
390	0.0298322290429	0.252361486325
391	0.0298322290429	0.252361486325
392	0.0298322290429	0.252361486325
393	0.0298322290429	0.252361486325
394	0.0298322290429	0.252361486325
395	0.0298322290429	0.252361486325
396	0.0298322290429	0.252361486325
397	0.0298322290429	0.252361486325
398	0.0298322290429	0.252361486325
399	0.0298322290429	0.252361486325
400	0.0298322290429	0.252361486325
401	0.0298322290429	0.252361486325
402	0.0298322290429	0.252361486325
403	0.0294883922495	0.251876456132
404	0.0283400206335	0.250276257191
405	0.0264343376804	0.247689103172
406	0.0242118026439	0.244782633426
407	0.0212350029368	0.241083940626
408	0.0174591089666	0.236727159641
409	0.0131071796019	0.232195599639
410	0.0084649474395	0.227973540887
411	0.00302253319829	0.223874682294
412	-0.0031362804949	0.220404602973
413	-0.00940368577846	0.218204870467
414	-0.015671091062	0.217388740122
415	-0.0219384963456	0.21797175395
416	-0.0282148239677	0.219946566638
417	-0.0349725722153	0.223593231492
418	-0.0417515654474	0.229189635959
419	-0.0491112741424	0.237511306015
420	-0.0564483504992	0.2478915595
421	-0.0633967605505	0.25949534829
422	-0.070407191736	0.272665274824
423	-0.077073786128	0.286475833048
424	-0.0829358456975	0.299727262019
425	-0.0880491094174	0.312149123129
426	-0.0941095176342	0.322932396916
427	-0.0996981536264	0.332256837337
428	-0.104597286198	0.340073726856
429	-0.109329127777	0.346433633294
430	-0.113975408531	0.352156836042
431	-0.120750466897	0.353231065396
432	-0.127007573885	0.352768936227
433	-0.133156089283	0.352363578271
434	-0.139304604681	0.352268760329
435	-0.145453120079	0.352484733004
436	-0.151592713138	0.352988942947
437	-0.157250885572	0.352484399604
438	-0.162887813022	0.34946196382
439	-0.168013445327	0.344759524822
440	-0.172843492149	0.341715813077
441	-0.176163657059	0.341119946516
442	-0.178296373611	0.341499893295
443	-0.17977421423	0.342401770359
444	-0.180306919304	0.341947275672
445	-0.18079302563	0.341936845185
446	-0.180015135375	0.342947067346
447	-0.178954752674	0.344461913074
448	-0.177784779132	0.346387465691
449	-0.176206061186	0.348782545199
450	-0.174407585626	0.351510137163
451	-0.168900206886	0.353267434795
452	-0.161850152123	0.352078215178
453	-0.155421263572	0.350779946995
454	-0.151019923318	0.349463580152
455	-0.146307694619	0.348128858473
456	-0.14159546592	0.347287945446
457	-0.136883237221	0.346944431725
458	-0.132171008521	0.347099794093
459	-0.127414409301	0.347595897017
460	-0.123774771338	0.34616966066
461	-0.122256278808	0.342245343131
462	-0.122865002779	0.336330118015
463	-0.123981002829	0.329722878863
464	-0.119330356993	0.314069591289
465	-0.114609855618	0.300520475311
466	-0.11031501579	0.289966784006
467	-0.106382509957	0.282332152568
468	-0.102592979159	0.277428169008
469	-0.0988121530818	0.275240166527
470	-0.0950463426475	0.275825944285
471	-0.0920604757018	0.278993063264
472	-0.0904188367043	0.283853146457
473	-0.0881189659331	0.289595500122
474	-0.0832330536843	0.294201212604
475	-0.0784717323651	0.298657943859
476	-0.0736103818097	0.303759271198
477	-0.0685653616499	0.309705038005
478	-0.0635118543875	0.316305457903
479	-0.059211984854	0.323975945271
480	-0.0539504327235	0.332842344813
481	-0.0483339714327	0.342443707327
482	-0.0417157208639	0.352036823879
483	-0.0352450701471	0.361598455501
484	-0.0354862008635	0.359807073565
485	-0.0358352703793	0.35785246042
486	-0.0357586783477	0.35664008795
487	-0.0353197523217	0.356051983351
488	-0.0347378512602	0.355713932389
489	-0.0341472454781	0.355398964858
490	-0.033556639696	0.355092417402
491	-0.0329660339139	0.354794311844
492	-0.0323754281317	0.354504669481
493	-0.0318218879117	0.354240906269
494	-0.0318268408726	0.354958529943
495	-0.0318388371778	0.357239525537
496	-0.0295217400325	0.362209814022
497	-0.0273702557757	0.366958172511
498	-0.0252272586215	0.371760193828
499	-0.0223055739408	0.376036314522
500	-0.0195468284205	0.379192692654
501	-0.0169203948469	0.382168299844
502	-0.0142939612734	0.385181952126
503	-0.0116675276998	0.388232763527
504	-0.00904109412626	0.391319864947
505	-0.0064146605527	0.394442404316
506	-0.00378822697914	0.397599546701
507	-0.00121202390623	0.400729136021
508	-0.0017343552464	0.400092013971
509	-0.00255511506101	0.399093530676
510	-0.00337587487562	0.39809830968
511	-0.00419663469024	0.397106375512
512	-0.00501739450485	0.396117752863
513	-0.00583815431946	0.39513246659
514	-0.00665891413407	0.394150541713
515	-0.0076589281197	0.392958743456
516	-0.011088064792	0.388910772353
517	-0.0145352581801	0.384903517027
518	-0.0179824515683	0.380960414824
519	-0.0214296449565	0.377083478267
520	-0.0248768383446	0.373274769005
521	-0.0283240317328	0.369536396644
522	-0.031771225121	0.365870517245
523	-0.0352184185092	0.362279331469
524	-0.0386656118973	0.358765082338
525	-0.0421128052855	0.355330052593
526	-0.0455599986737	0.351976561609
527	-0.0489569615612	0.348753990975
528	-0.0492553900356	0.348474851467
529	-0.0492553900356	0.348474851467
530	-0.0492553900356	0.348474851467
531	-0.0492553900356	0.348474851467
532	-0.0492553900356	0.348474851467
533	-0.0499423785001	0.347848829403
534	-0.0534638508766	0.346569915729
535	-0.0569656454269	0.343885432089
536	-0.0585226034859	0.339042104445
537	-0.0599369119462	0.334299592635
538	-0.0613512204065	0.329866900964
539	-0.0627655288668	0.325756677189
540	-0.0641798373271	0.321981270854
541	-0.0655941457874	0.318552586701
542	-0.0670084542477	0.315481929552
543	-0.068422762708	0.31277984417
544	-0.0698370711683	0.310455954413
545	-0.0712513796285	0.308518806571
546	-0.0726656880888	0.306975722251
547	-0.0740799965491	0.305832666276
548	-0.0754943050094	0.305094134878
549	-0.0769086134697	0.304763068922
550	-0.07832292193	0.304840795968
551	-0.0797372303903	0.305327003817
552	-0.0811515388506	0.30621974675
553	-0.0818788588464	0.307693689059
554	-0.0798676173464	0.307835481296
555	-0.0782868298438	0.3084855584
556	-0.0792828271403	0.310352954664
557	-0.0809324496539	0.313121655366
558	-0.0825820721675	0.315942374459
559	-0.0842316946811	0.318813731241
560	-0.0858813171947	0.321734369949
561	-0.0875309397082	0.324702960741
562	-0.0891805622218	0.327718200518
563	-0.0911622890324	0.330765501939
564	-0.0960522425774	0.33376662896
565	-0.101034015317	0.336857622643
566	-0.106015788056	0.340039525429
567	-0.110997560795	0.343309809605
568	-0.115979333534	0.346665973935
569	-0.120961106274	0.350105548647
570	-0.125942879013	0.353626099854
571	-0.130924651752	0.35722523343
572	-0.135906424492	0.360900598359
573	-0.140888197231	0.364649889604
574	-0.145774047554	0.368279848219
575	-0.150249121706	0.37115878486
576	-0.15409224755	0.372844991778
577	-0.158128485963	0.373859433759
578	-0.163725103543	0.375548927532
579	-0.170693526357	0.377867816202
580	-0.177662739836	0.380292883713
581	-0.184631953315	0.382821808855
582	-0.191601166794	0.385452547427
583	-0.198238275976	0.388073672842
584	-0.201967158424	0.389820615219
585	-0.205604221677	0.391609264472
586	-0.209241284931	0.393468801998
587	-0.212878348184	0.395398227647
588	-0.216515411437	0.397396523463
589	-0.220152474691	0.399462655889
590	-0.223789537944	0.401595577906
591	-0.227426601197	0.403794231128
592	-0.231047575553	0.406031793501
593	-0.234147391531	0.407511685365
594	-0.236486547985	0.407908621528
595	-0.238219010242	0.407541535494
596	-0.23990096558	0.407295828423
597	-0.240878832731	0.406718350147
598	-0.240282203646	0.405107477328
599	-0.237603975075	0.402898245613
600	-0.234524096827	0.400967969551
601	-0.231354263302	0.399157193321
602	-0.228204885871	0.397372518142
603	-0.225292495112	0.395118131753
604	-0.222383803923	0.392933359469
605	-0.219475112734	0.390828024315
606	-0.216624307937	0.38867183895
607	-0.214381527873	0.385223260958
608	-0.212321546942	0.381462492034
609	-0.210695497329	0.376841653948
610	-0.209163585917	0.371410308552
611	-0.207762154596	0.365204614331
612	-0.208973303867	0.358582465306
613	-0.212605921482	0.353938576673
614	-0.218743764792	0.351059654586
615	-0.225488302297	0.349018402579
616	-0.232283346722	0.34745180063
617	-0.239071862606	0.346349130607
618	-0.245891902048	0.346989716013
619	-0.25271741703	0.350150912425
620	-0.25971986191	0.353614987768
621	-0.266812262065	0.357248507699
622	-0.273884206127	0.361158222638
623	-0.281223011284	0.365662580056
624	-0.288828166127	0.37030221665
625	-0.296433320969	0.375065571561
626	-0.30398058942	0.380039434784
627	-0.310919833138	0.386076576821
628	-0.317676277724	0.392487124512
629	-0.323998790991	0.399652272805
630	-0.330227166057	0.407326959934
631	-0.336325061032	0.414346018328
632	-0.339826464312	0.421458125169
633	-0.341427557627	0.427123128296
634	-0.341284084771	0.431516172842
635	-0.341140611915	0.435995998539
636	-0.34099713906	0.440559958099
637	-0.340860194744	0.445194064074
638	-0.340705843941	0.448436521395
639	-0.341255811848	0.448733998412
640	-0.342029708871	0.448647437898
641	-0.342803605894	0.448572684889
642	-0.343577502917	0.448509745289
643	-0.343847552174	0.448490563985
644	-0.343847552174	0.448490563985
645	-0.343851995037	0.448494082409
646	-0.344895698448	0.449323118106
647	-0.346487725599	0.450597237962
648	-0.348079752749	0.451882794926
649	-0.3496717799	0.453179691667
650	-0.351263807051	0.454487831108
651	-0.352855834202	0.455807116453
652	-0.354447861353	0.457137451201
653	-0.356039888504	0.458478739168
654	-0.357631915655	0.459830884506
655	-0.359223942805	0.461193791718
656	-0.360815969956	0.462567365678
657	-0.362407997107	0.463951511646
658	-0.364000024258	0.465346135285
659	-0.365592051409	0.466751142674
660	-0.36718407856	0.468166440327
661	-0.368776105711	0.469591935202
662	-0.370368132861	0.471027534718
663	-0.371960160012	0.472473146767
664	-0.373552187163	0.473928679726
665	-0.375139771451	0.475389939494
666	-0.375688095191	0.475896887706
667	-0.375688095191	0.475896887706
668	-0.375688095191	0.475896887706
669	-0.375688095191	0.475896887706
670	-0.374428679836	0.476095363763
671	-0.372453206227	0.476465911692
672	-0.370477732618	0.476908644148
673	-0.368502259009	0.477423360311
674	-0.366526785401	0.478009827649
675	-0.364551311792	0.47866778243
676	-0.362575838183	0.479396930312
677	-0.360600364574	0.480196946991
678	-0.358668880863	0.481047328929
679	-0.357124141772	0.481775713246
680	-0.353953563194	0.483949057179
681	-0.350140723569	0.486763427639
682	-0.343237072416	0.487577979358
683	-0.331481224442	0.483900092739
684	-0.317867468626	0.478548114141
685	-0.300649806824	0.469756758508
686	-0.279789213187	0.457699848619
687	-0.254538329731	0.441764079252
688	-0.22734853981	0.427783550613
689	-0.199007350301	0.41449253922
690	-0.171661025342	0.401269394449
691	-0.144842579384	0.388382181026
692	-0.118024133426	0.376031993714
693	-0.0899157161291	0.362995129327
694	-0.0611206056601	0.349908426066
695	-0.0323211465019	0.337515741626
696	-0.0011884324174	0.323604600432
697	0.0314568652464	0.309831027118
698	0.0646636003466	0.297521326732
699	0.0997546973301	0.285491927439
700	0.133467597361	0.271321030036
701	0.165819507914	0.257592510449
702	0.195080606939	0.246889141336
703	0.219489509144	0.240067901576
704	0.242040503505	0.235254213315
705	0.260987591882	0.23155891722
706	0.276291748423	0.229956490793
707	0.287205615146	0.22904916782
708	0.296180575403	0.225904783609
709	0.304020344758	0.224881411601
710	0.314208714834	0.223395891502
711	0.325185377429	0.222647202963
712	0.336351404309	0.222819186741
713	0.34622745985	0.224273314795
714	0.355416822218	0.226586252364
715	0.364601835898	0.229534694104
716	0.371453594651	0.233107987078
717	0.376792769825	0.236546239327
718	0.38161449746	0.239706742254
719	0.384938607831	0.242834034431
720	0.38801507567	0.245125070483
721	0.391810271938	0.245699990676
722	0.394849492798	0.248308274791
723	0.397361648766	0.252405318391
724	0.399873804734	0.256668978608
725	0.402385960701	0.261091092942
726	0.404898116669	0.26566374885
727	0.407410272637	0.270379308562
728	0.409922428605	0.275230427005
729	0.412372741641	0.280150907607
730	0.411181982681	0.282834231638
731	0.408129643278	0.284145871018
732	0.404420585305	0.286646019005
733	0.400520459284	0.289757939169
734	0.397416717321	0.293080641963
735	0.395540317365	0.296734227428
736	0.393857182452	0.300592910869
737	0.392078736095	0.304885361999
738	0.390212309942	0.309589602943
739	0.387862198126	0.31581825002
740	0.38534406911	0.322691495066
741	0.382825940094	0.32972780559
742	0.381063786486	0.334754638719
743	0.379828697771	0.338398358636
744	0.378593609056	0.342157118384
745	0.37735852034	0.346027169084
746	0.377189638529	0.348485906226
747	0.381198090653	0.34422154144
748	0.387669157478	0.336814198523
749	0.394479691191	0.329704809192
750	0.402318145373	0.323386696081
751	0.411041708229	0.317824415464
752	0.420337402888	0.311212273722
753	0.431221817257	0.30502599059
754	0.441473493256	0.298738544118
755	0.450624224291	0.29209681752
756	0.461286245317	0.287117743045
757	0.472051128778	0.282322840988
758	0.482903992035	0.277760520271
759	0.494240540954	0.272466782594
760	0.505745107074	0.267340984439
761	0.517249673193	0.262853989119
762	0.528754239312	0.259038994211
763	0.540258805431	0.255926053264
764	0.55102172715	0.253489887018
765	0.561103094832	0.251854963388
766	0.57011825561	0.251635181346
767	0.574956082452	0.254688757599
768	0.577331294594	0.258695619866
769	0.579412674093	0.262325035585
770	0.581494053592	0.266001801387
771	0.583575433091	0.269723980907
772	0.58555203507	0.273436131491
773	0.586130985389	0.276474049388
774	0.586546290019	0.279468501983
775	0.586835197606	0.282312897282
776	0.585419550159	0.28263443396
777	0.584266401253	0.282512987774
778	0.583354993438	0.282017182166
779	0.582623618951	0.281260507034
780	0.581892855435	0.28054090423
781	0.581162091919	0.279859668079
782	0.580431328403	0.279217079402
783	0.57987494747	0.278701624714
784	0.582728893588	0.279359713585
785	0.586938598762	0.280242432712
786	0.590388944043	0.280789618825
787	0.591545658569	0.280042201257
788	0.595521372772	0.280998875387
789	0.599731077947	0.282199577485
790	0.603940783121	0.283506194929
791	0.608150488295	0.284917270554
792	0.612360193469	0.286431260555
793	0.616569898644	0.288046542163
794	0.620779603818	0.289761421427
795	0.624989308992	0.291574141016
796	0.629165614342	0.293527599637
797	0.630921861336	0.298849322186
798	0.63102950371	0.306701703625
799	0.630019451681	0.316114264468
800	0.618688474909	0.31612957825
801	0.605943670669	0.318544641549
802	0.592490681944	0.32433568826
803	0.576092018508	0.331078971429
804	0.544649212519	0.325152865965
805	0.511488556975	0.321916410106
806	0.481880105164	0.325894455026
807	0.456264148543	0.338100042818
808	0.426121129365	0.349333108258
809	0.395097010729	0.361536999302
810	0.361433489802	0.37393373069
811	0.326149499063	0.386377708186
812	0.289607164045	0.398775600793
813	0.253064038362	0.411428255658
814	0.216520912678	0.424313092108
815	0.179977786995	0.437409592405
816	0.143468061137	0.450606994069
817	0.109108344102	0.458029805437
818	0.0761554905961	0.461713702341
819	0.0441402981657	0.463485982484
820	0.0224454195069	0.465235186905
821	0.0021643683175	0.465283821688
822	-0.0174084983882	0.463579232143
823	-0.0342100729658	0.461861720808
824	-0.0386361876411	0.468319772073
825	-0.0420186577794	0.473916349397
826	-0.047632571102	0.476664532629
827	-0.0534665554902	0.476488854905
828	-0.055221036962	0.477194769334
829	-0.0545908318515	0.478971066864
830	-0.0485403863423	0.482260489255
831	-0.0381334151226	0.486158920369
832	-0.0229847980652	0.490326035563
833	-0.00575236720862	0.494085176849
834	0.012534423539	0.497845498624
835	0.0308484165385	0.501992050906
836	0.049162409538	0.506523771655
837	0.0674764025375	0.511430422187
838	0.085790395537	0.516701321493
839	0.104104388537	0.52232544255
840	0.122418381536	0.528291504422
841	0.140732374535	0.53458805894
842	0.159046367535	0.541203571021
843	0.177360360534	0.548126491988
844	0.195674353534	0.555345325503
845	0.218729892043	0.548901165395
846	0.247402987611	0.524188630307
847	0.270730247852	0.510366171425
848	0.289910381428	0.500822148668
849	0.306457660083	0.493427958195
850	0.319996208314	0.486042748335
851	0.330798700646	0.477744554563
852	0.338117891419	0.467821043283
853	0.343354059058	0.456412549593
854	0.347535866806	0.444142273868
855	0.351690472302	0.431853371251
856	0.355845077799	0.419568859753
857	0.359999683295	0.407289136706
858	0.364154288791	0.395014648682
859	0.368212701237	0.382717889554
860	0.371072475356	0.370094528304
861	0.372472279501	0.357148507139
862	0.373803467985	0.344311989189
863	0.375134656469	0.33161864822
864	0.376465844952	0.319085571589
865	0.373055487926	0.320476342188
866	0.363466173186	0.339843166318
867	0.357743900402	0.348015274127
868	0.353797314247	0.351091675439
869	0.350746004916	0.351647704525
870	0.347922587904	0.351622802829
871	0.345099170891	0.351675155892
872	0.342275753879	0.351804729226
873	0.339262404471	0.351892474905
874	0.335025415979	0.351289257238
875	0.329455567458	0.349942244871
876	0.323522143861	0.348475794535
877	0.317588720265	0.347117871471
878	0.311655296668	0.345869753952
879	0.305818066122	0.344711578674
880	0.301124522614	0.343355952136
881	0.296806155361	0.341226790832
882	0.291082997655	0.338458409872
883	0.28388287566	0.335104696057
884	0.275205790207	0.331250364086
885	0.265809989763	0.327312852022
886	0.256414189319	0.323618754646
887	0.247018388875	0.320176497399
888	0.237622588431	0.316994284622
889	0.228226787987	0.314080020612
890	0.218830987543	0.31144122733
891	0.209435187099	0.309084960297
892	0.201424175442	0.307005417321
893	0.193794169488	0.305382374592
894	0.187387802618	0.304601644209
895	0.182994795267	0.304948477138
896	0.179987963451	0.306233841959
897	0.176981131634	0.307944370547
898	0.173974299818	0.310073026689
899	0.170967468001	0.312611269066
900	0.168015587473	0.315532344955
901	0.166148500665	0.318454113188
902	0.16575481997	0.321083894321
903	0.166838103564	0.323279550223
904	0.169398350617	0.324949757905
905	0.17267731266	0.326362376726
906	0.175956274704	0.32780606572
907	0.178298912323	0.328966797062
908	0.177235064688	0.32907416809
909	0.175097005454	0.329027343773
910	0.172958946221	0.329186957365
911	0.170187717034	0.331090694361
912	0.165054559718	0.335321982887
913	0.15706231401	0.343721486958
914	0.147775512959	0.354836972385
915	0.13682986582	0.365924797385
916	0.124861618221	0.376715478308
917	0.112893370623	0.38790674958
918	0.100925123024	0.39946494422
919	0.0889568754256	0.411359134419
920	0.0769886278271	0.423561015435
921	0.0650203802286	0.436044757612
922	0.05305213263	0.448786840274
923	0.0410838850315	0.461765877782
924	0.029115637433	0.474962445128
925	0.0171473898345	0.488358908179
926	0.00517914223602	0.501939261895
927	-0.00585278093871	0.51519784414
928	-0.0134782188585	0.526757381663
929	-0.0200294451801	0.537797970914
930	-0.0265806715018	0.548880809474
931	-0.0324987278697	0.558490614685
932	-0.0374396448966	0.565835621567
933	-0.039712546838	0.568775980785
934	-0.0406908934363	0.569279021789
935	-0.0406908934363	0.569279021789
936	-0.0406908934363	0.569279021789
937	-0.0406908934363	0.569279021789
938	-0.0406734922226	0.569292274482
939	-0.0397945458144	0.569963127533
940	-0.0384987107558	0.570957344883
941	-0.0372028756973	0.571957700943
942	-0.0359070406387	0.57296416356
943	-0.0346112055802	0.573976700611
944	-0.0333153705216	0.574995280005
945	-0.0320195354631	0.576019869688
946	-0.0307237004045	0.577050437645
947	-0.029427865346	0.578086951903
948	-0.0281320302875	0.579129380535
949	-0.0268361952289	0.580177691661
950	-0.0255403601704	0.581231853452
951	-0.0242445251118	0.582291834132
952	-0.0225412722361	0.582399904587
953	-0.0122568679703	0.563480931424
954	4.94059561238e-05	0.542645090935
955	0.0101687051375	0.528441978743
956	0.0192466442776	0.517895986195
957	0.0287707488905	0.507143335053
958	0.0385522431633	0.496278574514
959	0.0476452084104	0.484607772796
960	0.0563212850072	0.472629464377
961	0.064997361604	0.460722304581
962	0.0736734382008	0.448891955242
963	0.0824663909952	0.437074882017
964	0.0913394499476	0.425301729027
965	0.1002125089	0.41362861623
966	0.109085567852	0.402064257108
967	0.117958626805	0.390618310824
968	0.126831685757	0.379301497342
969	0.135704744709	0.368125726143
970	0.144577803661	0.357104239459
971	0.153402986651	0.346173996403
972	0.160707722425	0.335062617272
973	0.156239411968	0.33696435513
974	0.147092396852	0.339103040401
975	0.139838082844	0.33547408239
976	0.133596620918	0.328474611569
977	0.126734463283	0.321549767015
978	0.119576188079	0.314898167441
979	0.112490507487	0.307979441771
980	0.105485067881	0.301122134151
981	0.0984796282761	0.2945220621
982	0.0914741886707	0.288196899217
983	0.0845439215788	0.281752389127
984	0.0779137762759	0.274770649263
985	0.0726751550617	0.267586338096
986	0.0699244247643	0.259996601468
987	0.0671820444011	0.252973953608
988	0.0649319035207	0.245479040031
989	0.0627725936331	0.238485016134
990	0.0606532005046	0.23217357271
991	0.0580701855434	0.226900400327
992	0.0542912358275	0.223077119487
993	0.0521975928363	0.220393009176
994	0.0527542187534	0.218338110603
995	0.0536051183071	0.217133885454
996	0.0544845258208	0.21669793129
997	0.055538463571	0.217380109681
998	0.056613728016	0.218804717166
999	0.0574433816804	0.221280692249
1000	0.0581927943581	0.224485055878
1001	0.0589422070357	0.228263408811
1002	0.0596916197134	0.232587779623
1003	0.0602489836801	0.237654355336
1004	0.0604202136486	0.243601502491
1005	0.0587836441159	0.24967294738
1006	0.0546536848956	0.254685848842
1007	0.050515375741	0.259867129014
1008	0.0458848271037	0.265650329217
1009	0.0414004339008	0.272082561376
1010	0.0375313720895	0.279911490516
1011	0.0341738080742	0.287113832819
1012	0.0331252082107	0.291248621816
1013	0.0335831964648	0.293377132763
1014	0.0340477508083	0.295513372267
1015	0.0353239235545	0.298123654558
1016	0.0400315857216	0.302729439306
1017	0.0449238683923	0.307534572676
1018	0.0498161510629	0.312430131965
1019	0.0547084337335	0.317411933188
1020	0.0598070799884	0.322615792725
1021	0.0662206035265	0.328830411539
1022	0.0735165106307	0.33583863885
1023	0.0808203243857	0.343038368912
1024	0.0868423202995	0.351789094465
1025	0.0922262587552	0.361501516577
1026	0.0976156959817	0.371484353175
1027	0.103005133208	0.381721902364
1028	0.108394570435	0.39219421816
1029	0.115243826348	0.402177795541
1030	0.124331992377	0.410902470748
1031	0.133420158405	0.420013491959
1032	0.142508324434	0.429486272318
1033	0.152127817993	0.439820565303
1034	0.163606562403	0.452350439159
1035	0.174495865375	0.464644075345
1036	0.182147787201	0.473911872474
1037	0.189615088524	0.483219889135
1038	0.197082389847	0.492743932139
1039	0.20454969117	0.502471717697
1040	0.211810628909	0.512175937703
1041	0.217756689364	0.520685168309
1042	0.222820366254	0.528443836709
1043	0.227876136492	0.536359307118
1044	0.239233821486	0.537354825493
1045	0.255891798553	0.532787062274
1046	0.272810449155	0.528435964334
1047	0.289729099757	0.524552031107
1048	0.306647750358	0.521145707587
1049	0.321869595846	0.517873613017
1050	0.334197283068	0.514521942587
1051	0.346674691871	0.511831137885
1052	0.360370461053	0.510266256215
1053	0.374132139521	0.508770508916
1054	0.386052952157	0.505895734017
1055	0.397751587829	0.503410432816
1056	0.409256115225	0.501360072509
1057	0.420760642621	0.499956353631
1058	0.432978173671	0.497370356866
1059	0.445786106793	0.493856907575
1060	0.458594039914	0.490926913276
1061	0.471401973035	0.488590870715
1062	0.484209906156	0.486857329677
1063	0.497017839277	0.485732741045
1064	0.504811581536	0.484155304725
1065	0.508359364591	0.481837603095
1066	0.511646474112	0.479497804517
1067	0.514933583633	0.477187453381
1068	0.518220693154	0.474906979461
1069	0.521507802676	0.47265681521
1070	0.525264715743	0.470524064092
1071	0.529387016543	0.468391240897
1072	0.532290956965	0.46541898545
1073	0.534811296695	0.461576202955
1074	0.537547660537	0.457117052845
1075	0.540327607453	0.452555204957
1076	0.543607141518	0.447450495484
1077	0.550194802089	0.440918482076
1078	0.555983927238	0.43599186013
1079	0.559179320456	0.43142260364
1080	0.560548461399	0.425695297453
1081	0.560548130733	0.419511571367
1082	0.56046902226	0.413935819309
1083	0.560389913787	0.409050208539
1084	0.560310805314	0.404879723261
1085	0.560231696841	0.401446651638
1086	0.560152588369	0.398770039645
1087	0.560073479896	0.396865193142
1088	0.559994371423	0.395743256593
1089	0.55991526295	0.395410894328
1090	0.559366350931	0.395679090073
1091	0.558302329597	0.396511207041
1092	0.557238308263	0.39810594932
1093	0.555960650805	0.40095851649
1094	0.554313076843	0.405024598881
1095	0.548327148091	0.408413847711
1096	0.54027404004	0.412124567597
1097	0.528912805484	0.416165179934
1098	0.517637102697	0.420282854279
1099	0.508364729769	0.422873448147
1100	0.500918609116	0.423449166528
1101	0.494841960072	0.422527327443
1102	0.488844088835	0.421732755139
1103	0.482846217597	0.42116562594
1104	0.47684834636	0.420826859391
1105	0.470850475123	0.420717007135
1106	0.464852603886	0.420836248433
1107	0.458854732649	0.421184388711
1108	0.452856861412	0.421760861138
1109	0.446858990175	0.422564731228
1110	0.440861118938	0.423594704361
1111	0.434863247701	0.424849136099
1112	0.428661171422	0.426191716704
1113	0.421297555019	0.426985311661
1114	0.412149194885	0.426701321353
1115	0.406283115611	0.424531442164
1116	0.401104437176	0.421264499189
1117	0.395895356113	0.417880460551
1118	0.390122248512	0.41448850437
1119	0.384477923058	0.411123315728
1120	0.379868480936	0.407854181821
1121	0.375055818684	0.404964754184
1122	0.370243156433	0.402551754103
1123	0.365430494181	0.400623790394
1124	0.36061783193	0.399187890879
1125	0.355805169678	0.39824937805
1126	0.350992507426	0.397811772208
1127	0.346179845175	0.397876726128
1128	0.341367182923	0.398443994031
1129	0.336554520671	0.399511436208
1130	0.33174185842	0.401075059111
1131	0.32750306598	0.403151699434
1132	0.323968300675	0.405703323219
1133	0.32059175619	0.407882121457
1134	0.318973652432	0.409610598089
1135	0.31835634924	0.41113278104
1136	0.318762122284	0.412242119763
1137	0.319262535239	0.413214915284
1138	0.320640187958	0.413961519716
1139	0.322031660868	0.414430605223
1140	0.321930240375	0.414634507667
1141	0.322179870938	0.41468214078
