Time	Mean	Std
0	-0.0842435969588	0.155265044913
1	-0.0807498833236	0.14787903996
2	-0.0757663813063	0.138662545804
3	-0.071549571907	0.130864007884
4	-0.0679347749999	0.124179795485
5	-0.0641145663635	0.118783589844
6	-0.0599668654566	0.114587949884
7	-0.0560794457522	0.111121549356
8	-0.0513398025635	0.109151556904
9	-0.0470469222158	0.107702852615
10	-0.0431833299029	0.106631842372
11	-0.0414386864525	0.110800221298
12	-0.0380585151453	0.112273640628
13	-0.0336100569475	0.11214680929
14	-0.0312559000515	0.115882159249
15	-0.0245715758082	0.112586120656
16	-0.0132962384406	0.102630767597
17	-0.00202090107308	0.094251632473
18	0.0084283154732	0.0888870524896
19	0.0157564896467	0.0894446122797
20	0.0212556550515	0.0950245060557
21	0.0264700531723	0.101157518072
22	0.0306912069003	0.108321129974
23	0.0349123606283	0.115557231955
24	0.0391332421609	0.122852418506
25	0.0428385852058	0.129062984012
26	0.0458958306402	0.133880773695
27	0.0478397960746	0.136266152565
28	0.0477553590365	0.13418427186
29	0.0485992254054	0.13135961001
30	0.0505952684971	0.127904919773
31	0.0525913115889	0.124628641926
32	0.054106625356	0.121759633821
33	0.0554472776391	0.119100100156
34	0.0567879299221	0.116569287779
35	0.0581285822052	0.114175756695
36	0.0593624058965	0.111950144239
37	0.0588961462588	0.110146781639
38	0.0580740092841	0.108415169046
39	0.057369732913	0.106943313894
40	0.0566360601427	0.105407041815
41	0.0561128865101	0.103947009759
42	0.0563607797445	0.102370937746
43	0.0566578272409	0.100825652155
44	0.0569548747373	0.0993216057983
45	0.0572519222337	0.0978607001418
46	0.0575530526607	0.0964536803163
47	0.058773932019	0.097061962612
48	0.0608674707434	0.0995581476268
49	0.0625697536101	0.101623452406
50	0.0637676283522	0.103317890052
51	0.0651503093325	0.105070734769
52	0.0665329903129	0.106990885425
53	0.0681463688458	0.10892796261
54	0.0722708773607	0.109585509627
55	0.0766683563206	0.110467092262
56	0.0811726638722	0.111685082892
57	0.0873770547528	0.112448386482
58	0.0939373229703	0.113233132019
59	0.100155985686	0.113452992575
60	0.105620665938	0.112246501376
61	0.111222168504	0.111997127358
62	0.118311010992	0.120483125531
63	0.124200400699	0.134121429372
64	0.129839914645	0.151642219835
65	0.13433236765	0.170771138059
66	0.137674609766	0.190626048181
67	0.141016851881	0.210617655805
68	0.144359093997	0.230710428176
69	0.147113115771	0.250914996848
70	0.148453955032	0.269777535572
71	0.146035242517	0.280515727729
72	0.141788191288	0.284816156819
73	0.138320832774	0.287795641248
74	0.133351918041	0.288312878729
75	0.12864130229	0.287982092798
76	0.124382534503	0.287664716877
77	0.118213996272	0.286371152744
78	0.111892752477	0.282958371679
79	0.106170863533	0.279194956076
80	0.102356161697	0.274384055186
81	0.0982164216743	0.269243488245
82	0.0918182748621	0.257019596414
83	0.0865704265697	0.239635691815
84	0.0815724540387	0.218875325547
85	0.077721542448	0.197161115965
86	0.075020841747	0.17554935576
87	0.0723201410461	0.155024067521
88	0.0696194403451	0.1360777765
89	0.0669203728164	0.119466158046
90	0.0649867192026	0.10705411033
91	0.0664065163363	0.102702442225
92	0.069679179202	0.104520708685
93	0.0730865546709	0.110836847791
94	0.0744687943029	0.120827212068
95	0.0748254569205	0.133629000802
96	0.0740929043292	0.146668035678
97	0.0738613602665	0.156402723223
98	0.0737641708427	0.162133797843
99	0.0730676265683	0.167406924836
100	0.0704638951856	0.170572940353
101	0.0678378805375	0.174104356739
102	0.0652118658894	0.178007866906
103	0.0625858512413	0.182259564676
104	0.059557740516	0.186511728648
105	0.0550395091665	0.189910590115
106	0.050529142499	0.193659281743
107	0.0467590394582	0.197160532935
108	0.0442135340515	0.200157962562
109	0.0429240844225	0.202863762276
110	0.0435992774882	0.205232798237
111	0.04609025193	0.207495775881
112	0.0489056537938	0.207739698138
113	0.0505759527869	0.204084263777
114	0.0532618138528	0.199536200292
115	0.0564419825072	0.194852541522
116	0.0602595184057	0.191775356816
117	0.0654858162206	0.191338500471
118	0.0707304649599	0.191580333332
119	0.0759751136992	0.19247287682
120	0.0812197624386	0.194007150222
121	0.0864644111779	0.196168096789
122	0.0917090599173	0.198935295744
123	0.0969537086566	0.202283868418
124	0.102600453473	0.206066665827
125	0.109737318914	0.20983309279
126	0.116866319672	0.21393122608
127	0.123255056804	0.217731190613
128	0.128419196302	0.220708857125
129	0.132327280023	0.22275526642
130	0.134270721048	0.223623371297
131	0.134619675487	0.223720969359
132	0.134619675487	0.223720969359
133	0.134619675487	0.223720969359
134	0.134619675487	0.223720969359
135	0.134539062346	0.223649519437
136	0.132384464189	0.221768444682
137	0.129926747846	0.219691325046
138	0.127469031502	0.217689310452
139	0.124991325774	0.215749158588
140	0.121255597507	0.212976957656
141	0.115059531961	0.208802321885
142	0.108407314268	0.204939886407
143	0.101755096576	0.201754885069
144	0.0951028788841	0.199279801914
145	0.0884506611919	0.197541323386
146	0.0817984434997	0.196558995297
147	0.0751462258075	0.196344167248
148	0.0684940081154	0.196899351408
149	0.0618417904232	0.198218077759
150	0.0555083140823	0.199732979701
151	0.0500325265779	0.200583080406
152	0.0469270183825	0.198573688867
153	0.0473026203002	0.192964526276
154	0.0484079786922	0.188938909028
155	0.0495939502253	0.187717150514
156	0.0528539067741	0.186749470744
157	0.0564169815097	0.187705303985
158	0.0599800562453	0.190898523308
159	0.0635631203657	0.19618880064
160	0.0684042070247	0.201414686017
161	0.0757056309629	0.204290164774
162	0.0824484617256	0.20730673718
163	0.0869089319886	0.209869401883
164	0.0897699803679	0.211742172367
165	0.0921642134208	0.213442913639
166	0.0939436970507	0.214720020828
167	0.098683179629	0.211207459447
168	0.106680282317	0.202578242236
169	0.11442407648	0.194613471479
170	0.121246497111	0.187554994811
171	0.125941081927	0.181811577344
172	0.128134309461	0.174106237562
173	0.126846426882	0.163582951207
174	0.124828787828	0.153403693999
175	0.122811148774	0.144475515751
176	0.119947798359	0.136672759362
177	0.116378644807	0.130271627786
178	0.112809491255	0.125826313866
179	0.109240337703	0.12354811175
180	0.103308500136	0.125405148944
181	0.0951516109233	0.130395902812
182	0.0903033345404	0.133808700203
183	0.0905536325508	0.134053216237
184	0.0913065562404	0.133703409191
185	0.0922159677063	0.133367175975
186	0.0937401285953	0.132624832499
187	0.0923042905359	0.132647921831
188	0.0876108323672	0.133382281737
189	0.0831706827224	0.134303719986
190	0.0793331652595	0.135243344228
191	0.0767657947742	0.135880849501
192	0.0743295022625	0.13655795835
193	0.0718932097508	0.137317576984
194	0.0694569172391	0.138158344451
195	0.0670206247274	0.139078789061
196	0.0654300435774	0.139711371067
197	0.064545265564	0.140070227358
198	0.0636604875505	0.14044723335
199	0.0627757095371	0.140842243294
200	0.0643529669241	0.140092313524
201	0.0705233779575	0.136192430807
202	0.0751171571409	0.132712272348
203	0.0768947224306	0.130611666574
204	0.0797690839248	0.128463394451
205	0.082953772969	0.126538116644
206	0.0861384620132	0.124986032021
207	0.089355318706	0.123806845324
208	0.0934709783506	0.122608825732
209	0.098617896037	0.121335940837
210	0.104104781617	0.1203427076
211	0.109591667197	0.119794248314
212	0.115078552777	0.119696677099
213	0.120565438356	0.120051093334
214	0.126052323936	0.120853520577
215	0.131539209516	0.122095125962
216	0.137026095096	0.123762692498
217	0.142512980676	0.125839287378
218	0.147839542959	0.128167062613
219	0.152245267008	0.129987311144
220	0.155543699484	0.130981504129
221	0.15608615113	0.129672885684
222	0.155911367118	0.128152478471
223	0.155736583106	0.127104052648
224	0.155561799095	0.126539340387
225	0.155388981253	0.126462763949
226	0.157068953185	0.124984132568
227	0.16010618606	0.122770296033
228	0.162244615983	0.120699638392
229	0.163351787865	0.118572512887
230	0.164118991853	0.11686540018
231	0.164886195841	0.11585131601
232	0.165653399829	0.115548508422
233	0.166478316873	0.116005426692
234	0.167371669543	0.117221068903
235	0.168265022213	0.119122725303
236	0.169423915803	0.121868962094
237	0.171677456457	0.126016659528
238	0.174528737353	0.130859031106
239	0.178300856483	0.13499512724
240	0.183080915803	0.138127883312
241	0.18824885395	0.140983535751
242	0.193416792097	0.144050532494
243	0.198584730244	0.147315674065
244	0.203752668391	0.150766087343
245	0.208918640367	0.154388097315
246	0.212231822571	0.156940213109
247	0.214155576183	0.158656707271
248	0.216572003843	0.159779383187
249	0.220591664091	0.158877624878
250	0.224262097178	0.158576342765
251	0.227819024797	0.158548597884
252	0.231375952415	0.15864802939
253	0.234671340476	0.158707745705
254	0.234640017481	0.157382676773
255	0.231932733473	0.155811408859
256	0.228937297499	0.155085000745
257	0.224847214461	0.154041569271
258	0.220319714477	0.153472904242
259	0.215783068789	0.153956496876
260	0.209305324647	0.152753880796
261	0.201817767325	0.151228012961
262	0.194105036275	0.150547219631
263	0.186147578625	0.150734333931
264	0.175599677446	0.149587519485
265	0.162195980256	0.151019321774
266	0.147431304823	0.155759951738
267	0.126842865696	0.157696189917
268	0.095467378628	0.152126207989
269	0.0580987917139	0.146786905472
270	0.0200812308526	0.142211437547
271	-0.0164632164098	0.137515631221
272	-0.0549659711676	0.136973946009
273	-0.093529349353	0.138189918451
274	-0.128834452108	0.137050387756
275	-0.161463593852	0.134925306359
276	-0.194050798677	0.135391041082
277	-0.224249486789	0.141608973925
278	-0.253205601807	0.151294701802
279	-0.281597836291	0.164094384231
280	-0.307735675222	0.180449528158
281	-0.332863700973	0.19853020405
282	-0.357766552997	0.217489582332
283	-0.382424678419	0.237145430327
284	-0.404492360314	0.258562619129
285	-0.423704246198	0.280544219237
286	-0.441555153838	0.30267221664
287	-0.452970859399	0.317172453972
288	-0.437055615776	0.296972157682
289	-0.402056274007	0.268203174192
290	-0.364662455711	0.243398590497
291	-0.326461341636	0.222391194109
292	-0.285434654387	0.205040908113
293	-0.244143517209	0.191655623404
294	-0.20285238003	0.183126179868
295	-0.161561242851	0.180143646326
296	-0.120289431544	0.18295337103
297	-0.0814061369496	0.189372347413
298	-0.0437654154499	0.201851980917
299	-0.00667942877933	0.219106079791
300	0.0300932607923	0.240468720052
301	0.0668659503638	0.265164581129
302	0.103638639935	0.292350172714
303	0.140411329507	0.321394322486
304	0.177184019079	0.351837059171
305	0.214416719137	0.383247043856
306	0.251951556639	0.415329343828
307	0.288874955755	0.44797415345
308	0.30876177958	0.463134341699
309	0.313954372517	0.464392794715
310	0.317750690034	0.465279410988
311	0.319380103644	0.465353382312
312	0.320142251573	0.465090065527
313	0.320904399503	0.464832794765
314	0.321666547433	0.46458158007
315	0.322428695363	0.464336431272
316	0.322944744082	0.463751002252
317	0.316556250244	0.453545735593
318	0.309093243017	0.442075426816
319	0.301630235789	0.430873557968
320	0.294167228562	0.419961610338
321	0.286704221334	0.409362768947
322	0.279241214107	0.399101979803
323	0.276935477617	0.395287747969
324	0.275043989079	0.392712608811
325	0.267485589474	0.391642154039
326	0.26276261318	0.390569529584
327	0.268649103419	0.389201217548
328	0.273475826731	0.388445063464
329	0.265031541454	0.387079184436
330	0.254598800493	0.386095854262
331	0.24686037103	0.385418432228
332	0.237219341846	0.381333548171
333	0.219245346077	0.366901258162
334	0.201013453994	0.352603022741
335	0.182781561912	0.338826215287
336	0.16479576904	0.325905499056
337	0.153714518725	0.32091835594
338	0.14356106811	0.317238875887
339	0.132503655945	0.313479252817
340	0.120804950639	0.308839742741
341	0.109126647687	0.302116057338
342	0.0968880645073	0.292698411592
343	0.0803061716385	0.276046034095
344	0.0634232641531	0.258248331066
345	0.0517472572484	0.237312958477
346	0.0369336895896	0.218761244279
347	0.0115106553976	0.207683881158
348	-0.0128526118679	0.199271934583
349	-0.0239448705439	0.181780337534
350	-0.033048673535	0.164409699011
351	-0.0448467880252	0.151652521811
352	-0.0547423027943	0.142563721101
353	-0.056304850978	0.135183013512
354	-0.0576095028483	0.128484356209
355	-0.0589141547186	0.122566567046
356	-0.0602188065889	0.117547640739
357	-0.0615234584592	0.113546832839
358	-0.0626813966396	0.110581694372
359	-0.0629353732704	0.108078858224
360	-0.0625480567598	0.105677658788
361	-0.062181142603	0.10320900682
362	-0.0612539482194	0.103174159668
363	-0.0611407148833	0.103183477679
364	-0.0611407148833	0.103183477679
365	-0.0611407148833	0.103183477679
366	-0.0611407148833	0.103183477679
367	-0.0611407148833	0.103183477679
368	-0.0611407148833	0.103183477679
369	-0.0611407148833	0.103183477679
370	-0.0608280933704	0.102858567897
371	-0.0585735490578	0.100582761368
372	-0.0562796813355	0.0983946701238
373	-0.0539858136133	0.0963437940704
374	-0.051691945891	0.0944390730884
375	-0.0493980781688	0.0926895178458
376	-0.0471042104465	0.0911040681528
377	-0.0448103427243	0.089691426972
378	-0.042516475002	0.0884598735775
379	-0.0402226072798	0.0874170619342
380	-0.0379287395576	0.0865698130059
381	-0.0356348718353	0.0859239119996
382	-0.0333410041131	0.0854839230824
383	-0.0310471363908	0.0852530344363
384	-0.0287532686686	0.0852329453816
385	-0.0264594009463	0.0854238046392
386	-0.0241655332241	0.0858242048751
387	-0.0218716655019	0.0864312339877
388	-0.0195777977796	0.0872405788474
389	-0.0172839300574	0.0882466730785
390	-0.0155071026774	0.0893580204219
391	-0.0165943968948	0.0899109480268
392	-0.0186723383943	0.0910639250057
393	-0.0209587816448	0.0925835116594
394	-0.0232452248954	0.0943536407869
395	-0.0255316681459	0.0963605060859
396	-0.0278181113964	0.0985896517964
397	-0.0301045546469	0.101026365145
398	-0.0323909978975	0.103656008857
399	-0.034677441148	0.106464287885
400	-0.0369638843985	0.109437451187
401	-0.039250327649	0.112562434029
402	-0.0415367708996	0.115826948901
403	-0.0429328656944	0.119232839022
404	-0.0356837494722	0.124455354251
405	-0.0267379176973	0.133877476642
406	-0.0173912512302	0.146056376934
407	-0.0076219895298	0.160372715467
408	0.00214727217061	0.175940614417
409	0.011916533871	0.192456595232
410	0.0218902144009	0.209361951016
411	0.0327860937283	0.225355564836
412	0.0446332969282	0.240364216959
413	0.0566890018791	0.255532430983
414	0.0687447068301	0.271111498472
415	0.080800411781	0.287034528853
416	0.0928561167319	0.303247344149
417	0.104911821683	0.319705860977
418	0.116967526634	0.33637401532
419	0.129023231585	0.353222130751
420	0.141078936536	0.370225639242
421	0.153134641487	0.387364078203
422	0.165188707962	0.404617629793
423	0.174661845389	0.417737978366
424	0.171605756491	0.410971170237
425	0.165532241334	0.402900881712
426	0.158723090938	0.395091335102
427	0.15149134531	0.387243580307
428	0.144259599682	0.379512665946
429	0.137027854053	0.371905878478
430	0.129796108425	0.364430990706
431	0.122564362796	0.357096285666
432	0.115332617168	0.349910578853
433	0.108100871539	0.342883237938
434	0.100869125911	0.336024198879
435	0.0931286465013	0.329873149677
436	0.0847855262854	0.324590896921
437	0.0764377787482	0.31958779997
438	0.068090031211	0.314872108846
439	0.0597422836738	0.310456920493
440	0.0513945361366	0.306355227716
441	0.0430467885994	0.302579779775
442	0.0347006795376	0.299144843825
443	0.0280451510693	0.297969759872
444	0.0252736379082	0.300767759146
445	0.0238228354537	0.302773631869
446	0.022706833545	0.304330946758
447	0.0215908316362	0.305900518296
448	0.0204748297274	0.307482158786
449	0.0193588278186	0.309075682947
450	0.0182008809396	0.310676099505
451	0.0152694469299	0.312097403175
452	0.0109426853838	0.313452082831
453	0.00661526844764	0.314909083207
454	0.00228785151145	0.316467054196
455	-0.00153083164341	0.317388439999
456	-0.00474687399209	0.317545541361
457	-0.00795828901951	0.317806905764
458	-0.0111697040469	0.31817894441
459	-0.0143811190744	0.318661269663
460	-0.0175925341018	0.319253381662
461	-0.0208039491292	0.319954670889
462	-0.0240153641566	0.320764421262
463	-0.027226779184	0.321681813712
464	-0.0304381942115	0.322705930223
465	-0.036485157869	0.320427951491
466	-0.0509070620812	0.308655710173
467	-0.0683562419498	0.296048870462
468	-0.0860980319741	0.285302501321
469	-0.103839821998	0.276202657579
470	-0.121539667053	0.268899065294
471	-0.137466024976	0.262837191255
472	-0.151998693838	0.258399110577
473	-0.167742196789	0.256674745325
474	-0.183976587283	0.257382638841
475	-0.200210977777	0.260331909898
476	-0.216445368271	0.26544786021
477	-0.232679758765	0.272608533092
478	-0.248914149259	0.281658020982
479	-0.265148539752	0.292421018222
480	-0.281382930246	0.304716008206
481	-0.29761732074	0.318365547856
482	-0.313851711234	0.333203212936
483	-0.330086101728	0.349077531223
484	-0.346320492222	0.365853587032
485	-0.359719334086	0.379798552945
486	-0.364743235395	0.383354422278
487	-0.366577904714	0.383464528293
488	-0.364683766472	0.381889549878
489	-0.360453645532	0.380051982524
490	-0.355314188354	0.378782213985
491	-0.350778233676	0.378146845283
492	-0.346556538622	0.378083849294
493	-0.341123354091	0.378239364235
494	-0.335199282016	0.378684959731
495	-0.329275209941	0.37952746151
496	-0.323351137867	0.380764234926
497	-0.317427065792	0.382391454405
498	-0.310838427641	0.384135169325
499	-0.303538035149	0.385923367069
500	-0.295739358964	0.388728659345
501	-0.28733517357	0.392655934467
502	-0.278930988176	0.396824800369
503	-0.270526802781	0.401227726538
504	-0.262122617387	0.405857095463
505	-0.253718431993	0.410705249994
506	-0.245314246599	0.415764536544
507	-0.237072017539	0.420924101375
508	-0.232303276649	0.42399512883
509	-0.230614701056	0.4253451738
510	-0.230591620872	0.425843155243
511	-0.230006139688	0.425729196604
512	-0.229104760403	0.425509430864
513	-0.228203381119	0.425357352779
514	-0.228070955116	0.424889108138
515	-0.228176700491	0.424423261755
516	-0.228282445866	0.42408629119
517	-0.228388191242	0.423878503801
518	-0.229158502693	0.424094328775
519	-0.230532429012	0.424575651146
520	-0.229223371803	0.419827553527
521	-0.223968462405	0.407864693884
522	-0.214809062297	0.390854372494
523	-0.205008033994	0.37373980916
524	-0.195207005691	0.35755223758
525	-0.185405977388	0.342423149684
526	-0.175604949085	0.32849882416
527	-0.165803920782	0.315938593247
528	-0.15595380469	0.304891644656
529	-0.142948978738	0.293217663922
530	-0.12728473852	0.28106480185
531	-0.111579396802	0.270339354654
532	-0.0958740550829	0.261233724981
533	-0.0801687133643	0.253922232223
534	-0.0636944183644	0.247899841759
535	-0.0469819519861	0.24358553848
536	-0.0302694856078	0.241263088402
537	-0.0135570192294	0.240990085585
538	0.00325997024585	0.242744045053
539	0.0202998102789	0.246311421553
540	0.0341583830913	0.249223594796
541	0.043465594505	0.249353988608
542	0.0488683152089	0.246599215562
543	0.0536294077179	0.243527421879
544	0.0583905002269	0.240670231533
545	0.0631515927358	0.238035372441
546	0.0679126852448	0.23563030316
547	0.0726737777538	0.233462125514
548	0.0774230732399	0.231541799805
549	0.0797618414644	0.230647926382
550	0.0801973545928	0.230426866451
551	0.0806328677213	0.230209678872
552	0.0810683808497	0.229996374613
553	0.0815038939781	0.22978696449
554	0.0819394071065	0.229581459158
555	0.0823749202349	0.229379869113
556	0.0828104333634	0.229182204685
557	0.083170257907	0.228885787109
558	0.0818351510404	0.226493830656
559	0.0792128540406	0.223003834427
560	0.0748803091364	0.217370926064
561	0.0704966744375	0.21185227414
562	0.0661130397385	0.206529872719
563	0.0617294050396	0.201419279859
564	0.0573457703407	0.19653701936
565	0.0529621356417	0.191900519451
566	0.0485785009428	0.187528009798
567	0.0441948662438	0.183438369101
568	0.0398112315449	0.179650916404
569	0.035427596846	0.176185141194
570	0.031043962147	0.173060370671
571	0.0266603274481	0.17029537728
572	0.0222766927491	0.167907935653
573	0.0178930580502	0.165914345053
574	0.0135094233513	0.16432894036
575	0.00912823841064	0.163163327313
576	0.00557071723872	0.16236213024
577	0.00248765118072	0.162062414426
578	0.000994993436057	0.162171862566
579	0.000458535793001	0.162422361005
580	0.0016323260544	0.16257853577
581	0.00285720611054	0.162774574448
582	0.00408208616668	0.163016011193
583	0.00530696622283	0.163302644649
584	0.00653184627897	0.163634237304
585	0.00775672633511	0.164010516468
586	0.00898160639125	0.164431175364
587	0.0102064864474	0.164895874344
588	0.0114313665035	0.165404242223
589	0.0126562465597	0.16595587769
590	0.0138811266158	0.166550350824
591	0.0151060066719	0.167187204667
592	0.0163308867281	0.167865956865
593	0.0175557667842	0.168586101353
594	0.0187806468404	0.169347110071
595	0.0200030771382	0.170146792202
596	0.0204018436673	0.170416246774
597	0.0204018436673	0.170416246774
598	0.0235173777261	0.16979633842
599	0.0283425291697	0.169250312085
600	0.0331676806132	0.169211425843
601	0.0388726940039	0.169452603299
602	0.0451577977354	0.171788529442
603	0.0495065017387	0.178570719547
604	0.0538552057419	0.186049339697
605	0.0582039097452	0.194143925001
606	0.0625526137484	0.20278072472
607	0.0669013177517	0.211893447072
608	0.0712500217549	0.221423339774
609	0.0755987257582	0.231318848717
610	0.0799474297614	0.241535041013
611	0.0842961337647	0.252032922837
612	0.0886448377679	0.262778736279
613	0.0929935417712	0.273743285174
614	0.0973422457744	0.284901316258
615	0.101690949778	0.296230966855
616	0.106039653781	0.307713281047
617	0.110388357784	0.31933179114
618	0.111621527729	0.327894703399
619	0.111145080288	0.334816365091
620	0.110668632848	0.34183212209
621	0.109312323461	0.348644879333
622	0.107375923732	0.352764759586
623	0.107375923732	0.352764759586
624	0.107375923732	0.352764759586
625	0.107375923732	0.352764759586
626	0.107375923732	0.352764759586
627	0.107375923732	0.352764759586
628	0.107375923732	0.352764759586
629	0.107375923732	0.352764759586
630	0.107375923732	0.352764759586
631	0.107375923732	0.352764759586
632	0.107375923732	0.352764759586
633	0.107375923732	0.352764759586
634	0.107375923732	0.352764759586
635	0.107375923732	0.352764759586
636	0.107375923732	0.352764759586
637	0.107375923732	0.352764759586
638	0.107375923732	0.352764759586
639	0.107375923732	0.352764759586
640	0.107375923732	0.352764759586
641	0.107375923732	0.352764759586
642	0.107375923732	0.352764759586
643	0.107375923732	0.352764759586
644	0.107375923732	0.352764759586
645	0.107375923732	0.352764759586
646	0.107375923732	0.352764759586
647	0.107375923732	0.352764759586
648	0.107375923732	0.352764759586
649	0.107375923732	0.352764759586
650	0.107375923732	0.352764759586
651	0.107375923732	0.352764759586
652	0.107375923732	0.352764759586
653	0.106869634308	0.352599463001
654	0.105559542046	0.352225827798
655	0.104947993117	0.352546414051
656	0.106502730243	0.354802758591
657	0.111313614283	0.358729591313
658	0.11760235202	0.363281247139
659	0.124037421021	0.368085349172
660	0.130472490022	0.372989247964
661	0.136907559024	0.37798905935
662	0.143342628025	0.383081027916
663	0.149777697026	0.388261527813
664	0.156212766027	0.393527062703
665	0.162647835028	0.398874264963
666	0.169085898179	0.404293849928
667	0.176097477608	0.40863747626
668	0.183584038467	0.412119233734
669	0.191889635998	0.414074659557
670	0.2012107955	0.414154944152
671	0.211497705202	0.412513306662
672	0.222070148294	0.410517167678
673	0.233148880811	0.408934774781
674	0.246010323111	0.40915160322
675	0.258928847282	0.409722145082
676	0.269681085399	0.407894285186
677	0.27749700634	0.403324766222
678	0.284086854478	0.397654135539
679	0.290530371352	0.391955953561
680	0.296893862728	0.38657710508
681	0.301863346155	0.38191600633
682	0.297509435244	0.376033656572
683	0.285055916739	0.368475715338
684	0.267188280214	0.358001649802
685	0.245196657964	0.34618721731
686	0.221122381596	0.335830831584
687	0.195470739025	0.329005333412
688	0.165154275614	0.321736363651
689	0.133511932724	0.316054841397
690	0.100045244361	0.311574395354
691	0.0646973420241	0.30877425167
692	0.0290639062971	0.30764519768
693	-0.0065695294299	0.307827368401
694	-0.0431818721025	0.30802437242
695	-0.0805498399791	0.308691121365
696	-0.117917807856	0.310862273909
697	-0.156857294691	0.313619777878
698	-0.199246420609	0.315169187999
699	-0.245343563338	0.315467313482
700	-0.291807583918	0.316261943319
701	-0.336877596548	0.317916237281
702	-0.372624214841	0.312198747711
703	-0.40027122554	0.303410039704
704	-0.422504118218	0.296753165602
705	-0.440613025172	0.290186708106
706	-0.456322441759	0.282448496377
707	-0.470495831611	0.274138013061
708	-0.480348631587	0.266189963635
709	-0.491364524334	0.258932657661
710	-0.504421928333	0.253252259174
711	-0.509025891121	0.24623885049
712	-0.511469685779	0.238922761444
713	-0.513913480438	0.231895427509
714	-0.516506376444	0.225190517736
715	-0.522028541603	0.21881984333
716	-0.528011446368	0.212544057182
717	-0.532742661915	0.207907258568
718	-0.534276019272	0.206283014143
719	-0.532101359818	0.205997008794
720	-0.529479797016	0.206192940901
721	-0.526858234214	0.206502556199
722	-0.524236671412	0.206925344388
723	-0.521615108609	0.207460613558
724	-0.518993545807	0.20810749578
725	-0.516371983005	0.208864954015
726	-0.514070250601	0.209620222107
727	-0.512300695007	0.210257631005
728	-0.510661889879	0.210891526307
729	-0.507353149175	0.212297504317
730	-0.501194113713	0.215353749686
731	-0.502573055691	0.214620750154
732	-0.506112165798	0.212867806197
733	-0.509651275906	0.211303159867
734	-0.513041284665	0.209984893287
735	-0.513502024272	0.209819549021
736	-0.513502024272	0.209819549021
737	-0.513502024272	0.209819549021
738	-0.513502024272	0.209819549021
739	-0.513502024272	0.209819549021
740	-0.513502024272	0.209819549021
741	-0.513502024272	0.209819549021
742	-0.513502024272	0.209819549021
743	-0.513502024272	0.209819549021
744	-0.513502024272	0.209819549021
745	-0.513502024272	0.209819549021
746	-0.51787774321	0.208322606072
747	-0.52630222095	0.205989005626
748	-0.536819336695	0.202290030712
749	-0.548046883151	0.19803536022
750	-0.559274429608	0.194166761029
751	-0.570501976064	0.19070772952
752	-0.58172952252	0.187680912529
753	-0.592957068977	0.185107513558
754	-0.604184615433	0.183006661197
755	-0.615412161889	0.18139477481
756	-0.626639708346	0.180284970071
757	-0.637867254802	0.179686550296
758	-0.649094801258	0.179604627168
759	-0.660322347715	0.180039905749
760	-0.671549894171	0.18098865446
761	-0.682777440627	0.182442862954
762	-0.694004987084	0.184390572595
763	-0.70523253354	0.186816348588
764	-0.716460079997	0.189701852275
765	-0.727687626453	0.193026467699
766	-0.734539453972	0.191406205943
767	-0.737342522688	0.18819940294
768	-0.738052953399	0.187207007013
769	-0.738052953399	0.187207007013
770	-0.738052953399	0.187207007013
771	-0.738052953399	0.187207007013
772	-0.738052953399	0.187207007013
773	-0.738052953399	0.187207007013
774	-0.738052953399	0.187207007013
775	-0.738052953399	0.187207007013
776	-0.738052953399	0.187207007013
777	-0.738052953399	0.187207007013
778	-0.738052953399	0.187207007013
779	-0.738052953399	0.187207007013
780	-0.738052953399	0.187207007013
781	-0.738052953399	0.187207007013
782	-0.737860511121	0.187215126668
783	-0.736739881828	0.187281878796
784	-0.734603690448	0.187501056319
785	-0.732017831753	0.187927156622
786	-0.729428978909	0.188529005881
787	-0.726171341731	0.189532865338
788	-0.721389136839	0.191495308047
789	-0.716454531487	0.194096958423
790	-0.697421158854	0.178138636737
791	-0.680700332796	0.167315086635
792	-0.674557514451	0.170230768951
793	-0.669630773792	0.175138571206
794	-0.665042372101	0.180190358501
795	-0.661246059704	0.184693096527
796	-0.657990872078	0.188965659997
797	-0.655235681777	0.193090940916
798	-0.64960845631	0.197105201602
799	-0.633092935452	0.19137133422
800	-0.617074364295	0.186999558834
801	-0.603276984909	0.186598790776
802	-0.589565396649	0.187173688333
803	-0.576187069973	0.187701476628
804	-0.561997012615	0.188599694131
805	-0.54767485855	0.190178984817
806	-0.533355154244	0.192952060588
807	-0.519704234272	0.196160534749
808	-0.507022058389	0.199187442699
809	-0.492983230011	0.203630815144
810	-0.492957699389	0.207999248303
811	-0.490619622191	0.214160197113
812	-0.477703537281	0.220595378872
813	-0.463571374685	0.228210814991
814	-0.44910087312	0.237039883866
815	-0.433838282261	0.246820139885
816	-0.418034566632	0.2573946863
817	-0.401730853678	0.268612169196
818	-0.388299175889	0.277682494933
819	-0.385755793492	0.282165476908
820	-0.382715461393	0.285920921405
821	-0.377453937524	0.289218238001
822	-0.372299064807	0.292636800414
823	-0.367739117521	0.295910210794
824	-0.365006463003	0.297694195706
825	-0.362855572507	0.2991586999
826	-0.36077994088	0.300680147473
827	-0.36111287048	0.30194555322
828	-0.363122997124	0.302847893617
829	-0.366642176722	0.302720777226
830	-0.371046536915	0.302982456264
831	-0.376992068902	0.304009665503
832	-0.382937600888	0.305211170276
833	-0.388883132875	0.306584921399
834	-0.394828664861	0.308128615067
835	-0.400774196848	0.309839711211
836	-0.406719728834	0.311715453081
837	-0.412665260821	0.313752887734
838	-0.418610792807	0.3159488871
839	-0.424839526444	0.317928360497
840	-0.433949474979	0.31628460337
841	-0.44323886869	0.314576488076
842	-0.453203153157	0.312186119136
843	-0.463280024559	0.309856548852
844	-0.473356895962	0.307737258313
845	-0.486823826905	0.307325068349
846	-0.501750210402	0.306381806097
847	-0.514922245739	0.304301143782
848	-0.528189640419	0.303067761163
849	-0.541464112179	0.301912318038
850	-0.554988459135	0.298858316777
851	-0.568310020343	0.293018910881
852	-0.581931269003	0.286894558689
853	-0.595552517663	0.2809031823
854	-0.609173766322	0.275053471525
855	-0.622795014982	0.26935465639
856	-0.636416263641	0.263816515765
857	-0.650037512301	0.258449378818
858	-0.66365876096	0.253264117439
859	-0.676996807969	0.248596372086
860	-0.68745364008	0.247476645622
861	-0.697731027015	0.246864884362
862	-0.707333523195	0.247389441093
863	-0.716823432438	0.248400477747
864	-0.726313341681	0.249758414829
865	-0.732413191384	0.247895058947
866	-0.736978874055	0.246605524898
867	-0.740890343659	0.245557037218
868	-0.743585080501	0.243408635894
869	-0.746272740264	0.24139541216
870	-0.74791081376	0.240233241264
871	-0.748210501211	0.24002600912
872	-0.748210501211	0.24002600912
873	-0.748210501211	0.24002600912
874	-0.748210501211	0.24002600912
875	-0.748210501211	0.24002600912
876	-0.748210501211	0.24002600912
877	-0.748210501211	0.24002600912
878	-0.748210501211	0.24002600912
879	-0.748210501211	0.24002600912
880	-0.748210501211	0.24002600912
881	-0.748210501211	0.24002600912
882	-0.748210501211	0.24002600912
883	-0.748210501211	0.24002600912
884	-0.748543668971	0.240008423988
885	-0.748512094649	0.240350710251
886	-0.747464413841	0.24144170771
887	-0.746757631404	0.241467024497
888	-0.749817671096	0.235517848839
889	-0.741886228296	0.220821993324
890	-0.738024105134	0.212152229834
891	-0.733686360178	0.205325579135
892	-0.729330954501	0.199865510502
893	-0.724975548823	0.195863457224
894	-0.720620143146	0.193409948578
895	-0.716264737468	0.192564184855
896	-0.711909331791	0.193347265599
897	-0.707553926113	0.195739642604
898	-0.703200970194	0.199684483047
899	-0.700308888119	0.20575347072
900	-0.697913290891	0.213549144195
901	-0.695517693663	0.222711311995
902	-0.693122096434	0.233078881981
903	-0.690726499206	0.244498562759
904	-0.687997734218	0.256591547255
905	-0.685194927242	0.268764928383
906	-0.682962233025	0.280347149194
907	-0.680388640436	0.290355265462
908	-0.674048225718	0.297516868219
909	-0.678699293493	0.295464371759
910	-0.679281041629	0.297718455793
911	-0.680338411559	0.300277964875
912	-0.681413442211	0.302907599919
913	-0.682488472863	0.305597366641
914	-0.683563503515	0.308345691418
915	-0.684638534167	0.311151022566
916	-0.685713564819	0.314011832231
917	-0.686788595471	0.316926618048
918	-0.687861176365	0.31989124056
919	-0.687472883413	0.321297370132
920	-0.686588105616	0.322168137727
921	-0.685703327819	0.323044847123
922	-0.684818550022	0.323927450078
923	-0.683933772225	0.324815898548
924	-0.683048994427	0.325710144698
925	-0.682603000699	0.326163093902
926	-0.682603000699	0.326163093902
927	-0.682603000699	0.326163093902
928	-0.682603000699	0.326163093902
929	-0.682603000699	0.326163093902
930	-0.682603000699	0.326163093902
931	-0.682603000699	0.326163093902
932	-0.682603000699	0.326163093902
933	-0.682603000699	0.326163093902
934	-0.682603000699	0.326163093902
935	-0.682603000699	0.326163093902
936	-0.682603000699	0.326163093902
937	-0.682603000699	0.326163093902
938	-0.682603000699	0.326163093902
939	-0.682603000699	0.326163093902
940	-0.682603000699	0.326163093902
941	-0.682603000699	0.326163093902
942	-0.682603000699	0.326163093902
943	-0.682603000699	0.326163093902
944	-0.68248503047	0.326283147504
945	-0.680509354878	0.328308737762
946	-0.678018869676	0.330901967987
947	-0.675782615037	0.333186037
948	-0.675275891188	0.33317612712
949	-0.675142707489	0.332837564708
950	-0.676176172836	0.331381935481
951	-0.6770357062	0.3302892278
952	-0.677563977343	0.329623220834
953	-0.678092248485	0.32895894724
954	-0.678620519627	0.32829641754
955	-0.679148790769	0.327635642314
956	-0.679677061912	0.326976632198
957	-0.680205333054	0.326319397885
958	-0.680733604196	0.325663950129
959	-0.681261875339	0.325010299736
960	-0.681790146481	0.324358457574
961	-0.682318417623	0.323708434567
962	-0.682642014176	0.322976046448
963	-0.681113445987	0.321511104202
964	-0.67938779425	0.319844033804
965	-0.6786175758	0.315752656358
966	-0.677006078402	0.310865744213
967	-0.673946992472	0.306394128793
968	-0.667634826068	0.304414872171
969	-0.660632803998	0.303707809964
970	-0.652142484619	0.30459602665
971	-0.642100393236	0.30378708037
972	-0.63049390358	0.302201413932
973	-0.618275806781	0.300181789102
974	-0.605862802635	0.298688350679
975	-0.593449798489	0.298084387163
976	-0.581036794343	0.298375299959
977	-0.568346150247	0.29925615121
978	-0.554711531491	0.30006939627
979	-0.540585599808	0.30140952255
980	-0.52551950428	0.302972351763
981	-0.510030688878	0.305380355401
982	-0.494746548065	0.30878725355
983	-0.481314571994	0.311245254498
984	-0.4681976497	0.314279946989
985	-0.455982999482	0.31713221542
986	-0.445124437823	0.319166921348
987	-0.435455957181	0.320518068031
988	-0.424027767563	0.321706171493
989	-0.409557399858	0.324135845532
990	-0.394882253923	0.327424139947
991	-0.381931451	0.331202020258
992	-0.370876308572	0.334540432352
993	-0.360432773287	0.33852112131
994	-0.350184145348	0.342924587449
995	-0.339935517409	0.347733294201
996	-0.329686889471	0.352930677653
997	-0.319715901482	0.358378297862
998	-0.310688888153	0.363729487339
999	-0.301651531381	0.36936463913
1000	-0.292539320972	0.375303049957
1001	-0.283352257126	0.381535900846
1002	-0.273690562707	0.38830902829
1003	-0.262430576704	0.39624426997
1004	-0.251011317146	0.404393602525
1005	-0.238830181467	0.413079466662
1006	-0.226495799392	0.421983238494
1007	-0.214164694267	0.431011757953
1008	-0.205116847803	0.437164958412
1009	-0.199427494942	0.44054398007
1010	-0.194264568572	0.443688233081
1011	-0.189103003179	0.446918663764
1012	-0.183941437786	0.450234273012
1013	-0.178779872394	0.453633193117
1014	-0.173618307001	0.45711356568
1015	-0.168456741608	0.460673544593
1016	-0.163295176215	0.464311298781
1017	-0.158133610822	0.468025014707
1018	-0.152972045429	0.471812898654
1019	-0.148495645847	0.475108478544
1020	-0.147172803647	0.476083529597
1021	-0.148931413077	0.475027067211
1022	-0.15176400817	0.473559467802
1023	-0.156194894847	0.471306924888
1024	-0.16078505508	0.469158421182
1025	-0.166137091433	0.466496961855
1026	-0.171642374182	0.463893274102
1027	-0.177147656932	0.461499580638
1028	-0.182652939682	0.459319164566
1029	-0.188158222431	0.45735507626
1030	-0.193663505181	0.45561011343
1031	-0.199168787931	0.454086802246
1032	-0.204674398375	0.452787309178
1033	-0.211470800767	0.45149481037
1034	-0.220683956504	0.450297334919
1035	-0.230252661489	0.449734221754
1036	-0.239821366474	0.449867109212
1037	-0.249390071459	0.450695381648
1038	-0.258958776444	0.452215218097
1039	-0.268343971989	0.454371020305
1040	-0.275590627633	0.456480407941
1041	-0.280253404958	0.458039922787
1042	-0.285859194871	0.4587540044
1043	-0.294248557147	0.457305758349
1044	-0.303476826487	0.455229498804
1045	-0.31537800543	0.452484250958
1046	-0.33020859911	0.44729390596
1047	-0.347511044743	0.439439889631
1048	-0.367013423872	0.429149903499
1049	-0.388284249356	0.416827713274
1050	-0.412208041464	0.404011922735
1051	-0.439239458525	0.391048678587
1052	-0.467239292365	0.377075238192
1053	-0.4941963044	0.362294120105
1054	-0.518736563091	0.346247232045
1055	-0.542921272533	0.33013285037
1056	-0.567105981976	0.314186509912
1057	-0.591290691418	0.298435148819
1058	-0.615475400861	0.282911335956
1059	-0.639660110303	0.267654667242
1060	-0.663844819745	0.252713530906
1061	-0.688029529188	0.238147322958
1062	-0.710671870953	0.224712175479
1063	-0.730530640355	0.214026019177
1064	-0.749550502692	0.204171204324
1065	-0.765897455426	0.195885491309
1066	-0.779314993425	0.190965733367
1067	-0.790260679469	0.189400600653
1068	-0.799006432018	0.190551144564
1069	-0.805983738211	0.193519116953
1070	-0.810308077781	0.195315947008
1071	-0.811524792398	0.195302109691
1072	-0.81177276254	0.195303899235
1073	-0.81177276254	0.195303899235
1074	-0.81177276254	0.195303899235
1075	-0.811777177708	0.195296566412
1076	-0.813182463452	0.19296743018
1077	-0.816636388921	0.187285252501
1078	-0.820231599821	0.181439560353
1079	-0.823383947922	0.175845758882
1080	-0.825531894198	0.170839008664
1081	-0.826663461782	0.166678650701
1082	-0.826778923265	0.163728492232
1083	-0.825905497907	0.162426759825
1084	-0.82473728447	0.16254568983
1085	-0.823569071033	0.163870304343
1086	-0.822400857596	0.1663718077
1087	-0.821232644159	0.169998254513
1088	-0.820064430722	0.174679595449
1089	-0.818877210949	0.180314974817
1090	-0.810883102152	0.180626881872
1091	-0.798900940264	0.179965477482
1092	-0.786918778375	0.182397540182
1093	-0.774936616487	0.187802926474
1094	-0.762954454599	0.195935710548
1095	-0.750967877543	0.20647255101
1096	-0.737580429911	0.218513826526
1097	-0.722144342553	0.231130973783
1098	-0.706566969765	0.244711800087
1099	-0.691432459776	0.258358671928
1100	-0.677302351612	0.271042857267
1101	-0.664188622139	0.282817556357
1102	-0.652090998767	0.293789783669
1103	-0.640982262238	0.304134755749
1104	-0.630168313787	0.314976802025
1105	-0.619354365335	0.326684590964
1106	-0.608540416884	0.339168480452
1107	-0.597726468432	0.352345986626
1108	-0.586912519981	0.366142227079
1109	-0.576117577866	0.380464238654
1110	-0.572129524775	0.385882173591
1111	-0.572129524775	0.385882173591
1112	-0.571730486041	0.385608197432
1113	-0.570337388663	0.384666268868
1114	-0.567981263264	0.383125084851
1115	-0.565395404569	0.38150950065
1116	-0.562316599595	0.379690843331
1117	-0.55822059973	0.377450782117
1118	-0.553129452538	0.374957153605
1119	-0.547712759317	0.372664517943
1120	-0.542296066096	0.37075023299
1121	-0.536879372874	0.369220183664
1122	-0.531462679653	0.368079161623
1123	-0.526045986432	0.367330792137
1124	-0.520629293211	0.366977477398
1125	-0.51521259999	0.367020358314
1126	-0.509699005164	0.367470747762
1127	-0.502599054092	0.368652567181
1128	-0.494328661916	0.37087504241
1129	-0.486026695095	0.374005659587
1130	-0.477724728274	0.378015276061
1131	-0.469422761453	0.382876277247
1132	-0.461519833365	0.388265446143
1133	-0.457164688952	0.391541703081
1134	-0.453395670739	0.394547484639
1135	-0.449453513084	0.39785647623
1136	-0.445634768571	0.401218986259
1137	-0.442663117978	0.403940081643
1138	-0.440688584909	0.405797702224
1139	-0.438911117567	0.40750325127
1140	-0.436837405669	0.409532421567
1141	-0.434386655243	0.411984365356
