Time	Mean	Std
0	-0.000657168578041	0.00148453775351
1	-0.00115716857804	0.00148453775351
2	-0.00115716857804	0.00148453775351
3	-0.00115716857804	0.00148453775351
4	-0.00111710612638	0.00142672412874
5	0.000851391898133	0.00378635202182
6	0.00555409622584	0.0106627201972
7	0.0105899632713	0.0177871922278
8	0.015066289534	0.024327662798
9	0.0190714235584	0.0302374832323
10	0.0226760441805	0.0355796284217
11	0.0272920944093	0.0424604924258
12	0.0319081446382	0.049347756163
13	0.036524194867	0.0562390684707
14	0.0411402450959	0.0631331035942
15	0.0457562953247	0.0700290573925
16	0.0503723455536	0.0769264138771
17	0.0549883957824	0.083824826797
18	0.0596044460113	0.0907240551672
19	0.0642204962401	0.0976239261004
20	0.068836546469	0.104524312346
21	0.0740700554411	0.112306172977
22	0.0796539869582	0.120617210454
23	0.0852379184753	0.128957724955
24	0.0907938062763	0.137281212985
25	0.0948993611524	0.14354161411
26	0.0966207011835	0.146293246806
27	0.0975885824718	0.147870445361
28	0.09855646376	0.149468380307
29	0.0995243450483	0.151086393703
30	0.100644357538	0.152917461767
31	0.10255604719	0.155764342916
32	0.102570824627	0.157939190747
33	0.0986982359954	0.16007163207
34	0.0950825081403	0.16276371405
35	0.0923056914049	0.165132917123
36	0.0916061635288	0.166560853211
37	0.0899907392428	0.169394780381
38	0.088026696821	0.173211238622
39	0.0860626543992	0.177677723942
40	0.0840986119774	0.182746580876
41	0.0815171108122	0.187211985883
42	0.0785851871022	0.191558681943
43	0.0756532633921	0.196412961835
44	0.072721339682	0.201738188018
45	0.0700859847777	0.207655884873
46	0.0677000457411	0.214075138371
47	0.0653141067045	0.220822526512
48	0.0629281676678	0.227868902141
49	0.0605422286312	0.235187393182
50	0.0580041583931	0.242692715338
51	0.0546744109927	0.250145315107
52	0.0532415758077	0.256935495963
53	0.0556961066905	0.260961419108
54	0.0578937767972	0.265008949627
55	0.0592525357843	0.268620140522
56	0.058534005912	0.270942103244
57	0.0587313724496	0.271620587615
58	0.059277357123	0.271821908089
59	0.0598233417965	0.272029614891
60	0.0603693264699	0.272243693402
61	0.0612249055058	0.272657161017
62	0.0633429811442	0.273875036809
63	0.0654749339947	0.275126292719
64	0.0676068868451	0.276401918379
65	0.0694422708898	0.277577356592
66	0.0710282390668	0.278674000666
67	0.0726142072438	0.279796593996
68	0.0742001754208	0.280944825517
69	0.0757861435978	0.282118382187
70	0.0773721117748	0.283316949298
71	0.0789580799518	0.284540210797
72	0.0805440481288	0.285787849586
73	0.0821300163058	0.287059547813
74	0.0837159844828	0.288354987159
75	0.0853019526598	0.289673849109
76	0.0850264186486	0.291808384729
77	0.0840138042992	0.294366384656
78	0.0830011899497	0.29704543676
79	0.0819885756003	0.299842296302
80	0.0809759612508	0.30275369836
81	0.0796537525389	0.305484629471
82	0.0770690472245	0.307116705505
83	0.074470464698	0.308813178714
84	0.0718718821716	0.310585840193
85	0.0692732996451	0.312433393131
86	0.0666747171187	0.314354517055
87	0.0640761345922	0.316347871617
88	0.0614775520658	0.318412100263
89	0.0588789695393	0.320545833768
90	0.0562803870129	0.322747693613
91	0.0536818044864	0.325016295211
92	0.0510832219599	0.327350250966
93	0.0484846394335	0.32974817315
94	0.045886056907	0.332208676616
95	0.0451920548807	0.33266717851
96	0.0485878795972	0.328991970885
97	0.0527896663313	0.324583169824
98	0.0570756417846	0.320165991851
99	0.0613616172379	0.315832932323
100	0.0656475926912	0.311587500615
101	0.0699335681445	0.307433326977
102	0.0742195435978	0.303374160287
103	0.0785055190512	0.299413864611
104	0.0827914945045	0.295556414428
105	0.0870774699578	0.291805888383
106	0.0912716031416	0.288243254906
107	0.094371282501	0.285680993783
108	0.0974709618603	0.283180657509
109	0.10057064122	0.280743900618
110	0.103670320579	0.278372392758
111	0.106769999938	0.276067815462
112	0.109869679298	0.273831858604
113	0.112969358657	0.271666216538
114	0.11560867371	0.269439745246
115	0.115373293233	0.268275549275
116	0.11290065392	0.268610503974
117	0.110359132927	0.269035452223
118	0.107236486719	0.269052696194
119	0.10299176785	0.267967347387
120	0.0987470489798	0.266927767529
121	0.0945023301099	0.265934493374
122	0.0902576112401	0.264988045636
123	0.0860128923702	0.264088927768
124	0.0817681735004	0.263237624752
125	0.0775234546305	0.262434601904
126	0.0733705780301	0.261616764518
127	0.0703121552542	0.260092412925
128	0.0672537324784	0.258620778144
129	0.0641953097025	0.257202765066
130	0.0611368869266	0.255839265302
131	0.0580784641507	0.254531154923
132	0.0550200413748	0.253279292137
133	0.051961618599	0.252084514929
134	0.0493635601292	0.250850103859
135	0.0477356166899	0.249447883619
136	0.046116607532	0.248071423362
137	0.044497598374	0.246723030388
138	0.0433755257116	0.245805222011
139	0.0433755257116	0.245805222011
140	0.0433755257116	0.245805222011
141	0.0433755257116	0.245805222011
142	0.0433755257116	0.245805222011
143	0.0433755257116	0.245805222011
144	0.0433755257116	0.245805222011
145	0.0433755257116	0.245805222011
146	0.0435561970273	0.245772436081
147	0.0448099196817	0.245193097349
148	0.0461998750717	0.244535693709
149	0.047773479496	0.243858872107
150	0.0513106186219	0.242397955042
151	0.0569306315265	0.23993607293
152	0.0627086895998	0.237539906092
153	0.0684867476732	0.23531098987
154	0.0742648057466	0.233254118924
155	0.0800428638199	0.231373881653
156	0.0858209218933	0.229674616144
157	0.0915989799666	0.228160365895
158	0.09737703804	0.226834836177
159	0.103155096113	0.225701352048
160	0.108933154187	0.224762818996
161	0.11471121226	0.224021687263
162	0.120489270333	0.223479920796
163	0.126267328407	0.223138971739
164	0.13204538648	0.222999761193
165	0.137823444554	0.223062666867
166	0.143420831311	0.22325971247
167	0.14794516673	0.223570365458
168	0.152333269414	0.224008026368
169	0.156537723063	0.224480538355
170	0.15877864201	0.224652559226
171	0.158042755672	0.224638015724
172	0.156244177226	0.224627917628
173	0.154445598781	0.224653939136
174	0.152647020335	0.224716067702
175	0.150848441889	0.224814273389
176	0.149032243055	0.224940112522
177	0.145978148917	0.224523057621
178	0.142070085759	0.223808957303
179	0.138162022601	0.223214975404
180	0.134253959444	0.222742072878
181	0.130345896286	0.222391022133
182	0.126437833128	0.222162400803
183	0.12252976997	0.222056587036
184	0.118621706812	0.222073756377
185	0.114713643654	0.22221388032
186	0.110805580496	0.22247672654
187	0.106897517338	0.222861860818
188	0.103003331392	0.223378059666
189	0.0998641327774	0.224542184918
190	0.097343131091	0.226306331837
191	0.0957167217307	0.228021261613
192	0.0949949593099	0.229670552483
193	0.0942731968891	0.231479107945
194	0.0935514344682	0.233443226416
195	0.0928296720474	0.23555901662
196	0.0921255300146	0.237813105523
197	0.0926592832853	0.239506137626
198	0.0940470055765	0.240759318613
199	0.0954347278677	0.242032782304
200	0.0968224501589	0.243326210246
201	0.09821017245	0.244639285781
202	0.0995978947412	0.245971694255
203	0.100985617032	0.247323123209
204	0.102373339324	0.248693262565
205	0.103761061615	0.250081804793
206	0.105148783906	0.251488445071
207	0.106536506197	0.252912881428
208	0.107910351276	0.254340309919
209	0.108529209024	0.254988830223
210	0.108529869844	0.254989524535
211	0.109201678607	0.254598713771
212	0.112845191302	0.252418764758
213	0.119421845964	0.248572551762
214	0.126681848672	0.245352917775
215	0.134741603271	0.241239023374
216	0.14435439278	0.235094457764
217	0.154304692182	0.228786070515
218	0.164254991583	0.222854107094
219	0.174205290985	0.21732939293
220	0.184155590386	0.212243732559
221	0.194105889788	0.207629390948
222	0.20405618919	0.203518429034
223	0.214006488591	0.199941898869
224	0.223956787993	0.196928920899
225	0.233520183078	0.194278809834
226	0.241054253325	0.190873542102
227	0.248547622925	0.187766565895
228	0.256040992524	0.184997765861
229	0.263534362124	0.182582527618
230	0.271027731723	0.180535041809
231	0.27784929256	0.178379208229
232	0.281699149465	0.174934580252
233	0.282615864402	0.171973180186
234	0.282849231294	0.168944379559
235	0.282282846294	0.166810077455
236	0.280163426384	0.165875791165
237	0.277706496582	0.165354208858
238	0.27524956678	0.165049237137
239	0.272792636978	0.164962077375
240	0.270335707176	0.165093074549
241	0.267878777374	0.165441710449
242	0.265421847572	0.16600661387
243	0.26296491777	0.16678558733
244	0.260507987968	0.167775649107
245	0.258437962483	0.168770936048
246	0.258397261835	0.168791964103
247	0.258397261835	0.168791964103
248	0.258397261835	0.168791964103
249	0.258397261835	0.168791964103
250	0.258397261835	0.168791964103
251	0.258397261835	0.168791964103
252	0.258397261835	0.168791964103
253	0.258397261835	0.168791964103
254	0.258397261835	0.168791964103
255	0.258397261835	0.168791964103
256	0.258397261835	0.168791964103
257	0.258710954655	0.168631340708
258	0.259784310736	0.168106988027
259	0.260950732427	0.167581802782
260	0.262117154118	0.167103529493
261	0.263283575808	0.166672572006
262	0.264449997499	0.166289298195
263	0.26561641919	0.165954038439
264	0.26678284088	0.165667084236
265	0.267949262571	0.16542868696
266	0.269115684262	0.165239056777
267	0.270282105952	0.165098361726
268	0.271448527643	0.165006726983
269	0.272614949334	0.164964234304
270	0.273781371024	0.164970921663
271	0.274947792715	0.165026783082
272	0.276114214406	0.165131768656
273	0.277280636096	0.165285784777
274	0.278447057787	0.165488694551
275	0.279613479478	0.165740318403
276	0.280779901168	0.166040434862
277	0.281632630039	0.16629037374
278	0.281211477259	0.166163717151
279	0.27992096751	0.165814737309
280	0.278630457761	0.165525035724
281	0.277339948011	0.165294924077
282	0.276049438262	0.165124651494
283	0.274758928513	0.165014403213
284	0.273468418763	0.164964299581
285	0.272177909014	0.164974395395
286	0.270887399265	0.165044679608
287	0.269596889516	0.165175075388
288	0.268306379766	0.165365440536
289	0.267015870017	0.165615568256
290	0.265725360268	0.16592518828
291	0.264434850518	0.166293968303
292	0.263144340769	0.166721515748
293	0.26185383102	0.167207379814
294	0.260563321271	0.167751053787
295	0.259272811521	0.168351977596
296	0.257648258864	0.169188896058
297	0.255265780587	0.170575808259
298	0.253397520699	0.171793437295
299	0.252305552171	0.172557010102
300	0.251213583643	0.173358243496
301	0.250121615115	0.174196617809
302	0.249029646587	0.175071599465
303	0.248025567156	0.17610150768
304	0.247627460319	0.177988553236
305	0.247229353482	0.179913770979
306	0.246831246644	0.181875948715
307	0.246433139807	0.183873903214
308	0.24603503297	0.18590648099
309	0.245692796829	0.187921197249
310	0.245826610596	0.189539757032
311	0.246155589668	0.191033679269
312	0.246484568739	0.19258122101
313	0.247412052872	0.193678220066
314	0.248988556588	0.194327379616
315	0.250580367458	0.195077304948
316	0.252506221236	0.195508439042
317	0.255190000634	0.195031278547
318	0.257873780031	0.194602009866
319	0.260557559429	0.194220950549
320	0.263241338827	0.193888384844
321	0.265925118224	0.193604562652
322	0.268608897622	0.193369698604
323	0.271204787923	0.193054988764
324	0.272581274831	0.192249573285
325	0.272284318258	0.192421525537
326	0.271863374662	0.192666976407
327	0.271442431066	0.19291441883
328	0.27102148747	0.193163845154
329	0.270544673178	0.193448763823
330	0.269775210388	0.193771938126
331	0.269616653678	0.193136104591
332	0.269659863312	0.192291677636
333	0.269104567885	0.191928754298
334	0.266655684987	0.19259891469
335	0.262109266249	0.194333120782
336	0.257037628084	0.19667108871
337	0.25196598992	0.199400472684
338	0.246894351756	0.202505446717
339	0.241822713591	0.205969025497
340	0.236751075427	0.20977344696
341	0.231679437263	0.213900525258
342	0.226607799098	0.218331963837
343	0.221529740914	0.22305548783
344	0.215328037928	0.22925559958
345	0.210040992825	0.235456429681
346	0.204873349017	0.242179204396
347	0.199705705208	0.249465883688
348	0.1945380614	0.257268557201
349	0.188572783922	0.265599378091
350	0.181459698263	0.274344767986
351	0.173540541218	0.283402185725
352	0.16541961783	0.292705191862
353	0.157298694442	0.302219246888
354	0.150422338941	0.310043306661
355	0.145628212127	0.314818235746
356	0.141359304739	0.318852329958
357	0.137090397351	0.322936740277
358	0.132821489963	0.327069581682
359	0.128552582575	0.331249041421
360	0.124283675187	0.335473377131
361	0.120014767799	0.339740914853
362	0.115745860411	0.344050046979
363	0.111483373043	0.348389292665
364	0.108957961276	0.350080354395
365	0.107191335107	0.350647643517
366	0.105429294666	0.351259681064
367	0.103667254225	0.351923271911
368	0.101665532757	0.352999590093
369	0.0972297254832	0.358658906523
370	0.0937445677656	0.36398216674
371	0.0902608990948	0.369357381674
372	0.0872912000852	0.374597414433
373	0.0852278349668	0.379611220813
374	0.0834550827943	0.384665130794
375	0.0803885018682	0.390091833458
376	0.0753610871766	0.396029258941
377	0.0699911768494	0.402199623569
378	0.0646212665223	0.408532266865
379	0.0597861727058	0.415536937293
380	0.0571057315449	0.424814559398
381	0.0539967071463	0.433829242075
382	0.0498369780918	0.441970298931
383	0.0456772490373	0.450381177645
384	0.0415175199827	0.459047047041
385	0.0373577909282	0.467953741089
386	0.0331980618737	0.4770877722
387	0.0290383328191	0.486436334115
388	0.0251182847916	0.495590269681
389	0.0244299562388	0.499606358442
390	0.0231619987719	0.503668112555
391	0.0208293721008	0.507641482106
392	0.0179765714066	0.511661565412
393	0.0142174368212	0.51563593434
394	0.0101676892899	0.519741505699
395	0.00741177051222	0.523404888325
396	0.00661668550001	0.526261953758
397	0.00616409612336	0.529107768266
398	0.00571150674672	0.53210996743
399	0.00472410085942	0.534411731997
400	0.00158204231651	0.533354952398
401	-0.00113143298874	0.532492481785
402	-0.00279420363801	0.532371917903
403	-0.00445697428727	0.532282304636
404	-0.00611974493654	0.532223657617
405	-0.00778251558581	0.532195987084
406	-0.00944528623508	0.532199297868
407	-0.0111080568843	0.532233589391
408	-0.0127708275336	0.532298855666
409	-0.0144335981829	0.532395085301
410	-0.0155029827021	0.532473326623
411	-0.0155091870641	0.532473817901
412	-0.0155091870641	0.532473817901
413	-0.0151389653593	0.531926040068
414	-0.0103771396509	0.524920995443
415	-0.00340682482096	0.514807357484
416	0.00356349000897	0.504869352935
417	0.0105338048389	0.495117557857
418	0.0175041196688	0.485563191578
419	0.0244645222045	0.476211049995
420	0.0299822967388	0.46573428362
421	0.0364887664677	0.454522536111
422	0.0437608555953	0.443467227192
423	0.051032944723	0.432752280821
424	0.0583050338506	0.422403599322
425	0.0658622170502	0.412235984748
426	0.0738996594335	0.402099606566
427	0.082596396267	0.392053233707
428	0.0891823948294	0.384591091657
429	0.095372491819	0.377773980139
430	0.101562588809	0.371186726535
431	0.107752685798	0.364841781375
432	0.113942782788	0.35875200141
433	0.119762658073	0.35330598069
434	0.121190929354	0.352620047183
435	0.120410711514	0.354636379113
436	0.119630493674	0.357124338055
437	0.118850275833	0.360074147915
438	0.11809760536	0.363488240574
439	0.117744481114	0.367561063666
440	0.118863517632	0.371986556505
441	0.118993858955	0.375595695241
442	0.119394087208	0.378971193126
443	0.121844435747	0.382200574336
444	0.124741367696	0.385439847168
445	0.127353205573	0.389108185179
446	0.129484784266	0.393273043588
447	0.13095706851	0.397190450656
448	0.134540091024	0.397885064532
449	0.138519015111	0.398029266688
450	0.142497939198	0.398213150761
451	0.146476863285	0.398436661811
452	0.150455787372	0.398699733193
453	0.154434711459	0.399002286658
454	0.158413635546	0.399344232468
455	0.162392559633	0.399725469528
456	0.16637148372	0.400145885536
457	0.170350407807	0.40060535714
458	0.174301784527	0.40108767474
459	0.177863527315	0.401384273085
460	0.181395737339	0.40170826306
461	0.184927947363	0.402076771171
462	0.187424651059	0.402066566268
463	0.18787123447	0.40186706378
464	0.18787123447	0.40186706378
465	0.18787123447	0.40186706378
466	0.18787123447	0.40186706378
467	0.18787123447	0.40186706378
468	0.18787123447	0.40186706378
469	0.18787123447	0.40186706378
470	0.18787123447	0.40186706378
471	0.18787123447	0.40186706378
472	0.18787123447	0.40186706378
473	0.187881477174	0.401871200991
474	0.188491084124	0.402118936278
475	0.189251027776	0.402431903385
476	0.191513056414	0.403393391019
477	0.194418885874	0.404710246777
478	0.197203142204	0.406017030876
479	0.198713006992	0.406751622142
480	0.199944336126	0.407360839766
481	0.201175665259	0.407975503981
482	0.202406994393	0.408595590207
483	0.203638323527	0.409221073796
484	0.20486965266	0.409851930037
485	0.206100981794	0.410488134159
486	0.207332310927	0.411129661336
487	0.208563640061	0.411776486687
488	0.209794969194	0.412428585286
489	0.211026298328	0.413085932159
490	0.212257627461	0.413748502292
491	0.213488956595	0.414416270631
492	0.214720285729	0.415089212089
493	0.215941372158	0.415761676826
494	0.216563094342	0.4161083921
495	0.217034479823	0.416374171582
496	0.216003780319	0.4158248055
497	0.214329279992	0.414935391713
498	0.212776352796	0.414128740763
499	0.212497817141	0.413985965196
500	0.212497817141	0.413985965196
501	0.212497817141	0.413985965196
502	0.212497817141	0.413985965196
503	0.212497817141	0.413985965196
504	0.212497817141	0.413985965196
505	0.212497817141	0.413985965196
506	0.212497817141	0.413985965196
507	0.212497817141	0.413985965196
508	0.212497817141	0.413985965196
509	0.212497817141	0.413985965196
510	0.212497817141	0.413985965196
511	0.212497817141	0.413985965196
512	0.212497817141	0.413985965196
513	0.212497817141	0.413985965196
514	0.212497817141	0.413985965196
515	0.212497817141	0.413985965196
516	0.212497817141	0.413985965196
517	0.212497817141	0.413985965196
518	0.212497817141	0.413985965196
519	0.212497817141	0.413985965196
520	0.211779599199	0.413564510815
521	0.209967923043	0.412532626497
522	0.208156246887	0.411545719347
523	0.206344570731	0.41060411368
524	0.204532894576	0.409708121837
525	0.20272121842	0.408858043699
526	0.200909542264	0.408054166215
527	0.199097866108	0.407296762943
528	0.197286189952	0.406586093604
529	0.195474513796	0.405922403656
530	0.193662837641	0.405305923887
531	0.191851161485	0.404736870023
532	0.190039485329	0.404215442361
533	0.18838871875	0.40383715591
534	0.18797533788	0.404256859019
535	0.187749629901	0.404872185374
536	0.187523921922	0.405571582977
537	0.187298213943	0.40635461773
538	0.187072505964	0.407220807162
539	0.186846797986	0.408169621878
540	0.187339307949	0.409225614841
541	0.188925276126	0.410356797049
542	0.190511244303	0.411505435609
543	0.194596131224	0.408808992679
544	0.201684978681	0.401578925601
545	0.208773826137	0.394499278899
546	0.215715610121	0.387786963081
547	0.221142587863	0.382330570478
548	0.22496755513	0.378876051084
549	0.229023337552	0.375239360938
550	0.233495198935	0.371187333229
551	0.238650007405	0.366900095572
552	0.244743520846	0.362247917981
553	0.25183946099	0.356949400019
554	0.257706816986	0.350685143235
555	0.263386500091	0.344397628819
556	0.269066183195	0.338263834013
557	0.2747458663	0.332292271473
558	0.280425549404	0.326491843046
559	0.285283277596	0.32139010502
560	0.289225737544	0.317238326126
561	0.293168197491	0.313540689247
562	0.297110657439	0.310313429222
563	0.298554198642	0.310069547053
564	0.29699377931	0.313148329127
565	0.295433359979	0.316475702759
566	0.29402000412	0.319893450584
567	0.294121454503	0.321894243636
568	0.29582491536	0.322374782765
569	0.297297561063	0.323234275776
570	0.298354127804	0.32465049164
571	0.298727747459	0.326381775222
572	0.298162662142	0.328404397625
573	0.296434240545	0.330718255027
574	0.294697017388	0.333071863759
575	0.292959794232	0.335462613382
576	0.291222571075	0.337889715522
577	0.289485347918	0.340352392476
578	0.287748124761	0.342849877646
579	0.286832856516	0.344179439477
580	0.286832856516	0.344179439477
581	0.286248126899	0.344276882076
582	0.28481117727	0.344526801178
583	0.283110180946	0.344841822478
584	0.281013496636	0.345258653278
585	0.278375708467	0.345827636115
586	0.275735241566	0.346446715847
587	0.272086693311	0.346190655812
588	0.267512996705	0.345145274474
589	0.261794583348	0.348148417636
590	0.253708008924	0.350858250294
591	0.243402701045	0.350257221554
592	0.231638869916	0.347573992092
593	0.219714221708	0.344995873144
594	0.207668960703	0.342615378419
595	0.195623699698	0.340630541966
596	0.183578438693	0.339048312572
597	0.172509993233	0.336212202385
598	0.162308918422	0.332245937504
599	0.15285733112	0.327323807917
600	0.144112793966	0.321517295308
601	0.135952986429	0.315893913858
602	0.128814902073	0.310101829608
603	0.122093988067	0.304354937513
604	0.116289928917	0.298016189563
605	0.111473688043	0.291221856712
606	0.106660125901	0.284917946528
607	0.102854645113	0.280672918302
608	0.0999743126761	0.278512459569
609	0.0982386969902	0.271782544619
610	0.0988712423715	0.263720751241
611	0.101722521208	0.256928675956
612	0.106032323294	0.250652881742
613	0.110424023075	0.244748233539
614	0.114866350513	0.239234740991
615	0.119308677951	0.234137971356
616	0.123751005389	0.229485691977
617	0.127216517282	0.226157816538
618	0.129814658527	0.223838758947
619	0.131663312262	0.222274899313
620	0.13280491585	0.221327689298
621	0.133946519438	0.220424671443
622	0.134918619856	0.219680538185
623	0.13573759662	0.21907022511
624	0.136035406513	0.218815211882
625	0.135886501989	0.218848665639
626	0.135737597465	0.218882718401
627	0.135588692942	0.218917369889
628	0.135439788418	0.218952619818
629	0.135290883894	0.2189884679
630	0.13514197937	0.21902491384
631	0.134993074847	0.219061957341
632	0.134844170323	0.219099598098
633	0.134774185183	0.219117495493
634	0.134774185183	0.219117495493
635	0.134774185183	0.219117495493
636	0.134774185183	0.219117495493
637	0.134774185183	0.219117495493
638	0.134774185183	0.219117495493
639	0.134774185183	0.219117495493
640	0.134774185183	0.219117495493
641	0.134774185183	0.219117495493
642	0.134774185183	0.219117495493
643	0.134774185183	0.219117495493
644	0.134774185183	0.219117495493
645	0.134774185183	0.219117495493
646	0.134774185183	0.219117495493
647	0.134774185183	0.219117495493
648	0.134774185183	0.219117495493
649	0.134774185183	0.219117495493
650	0.134774185183	0.219117495493
651	0.134774185183	0.219117495493
652	0.134774185183	0.219117495493
653	0.134774185183	0.219117495493
654	0.134774185183	0.219117495493
655	0.134774185183	0.219117495493
656	0.134774185183	0.219117495493
657	0.134774185183	0.219117495493
658	0.134774185183	0.219117495493
659	0.134774185183	0.219117495493
660	0.134774185183	0.219117495493
661	0.134774185183	0.219117495493
662	0.134774185183	0.219117495493
663	0.134774185183	0.219117495493
664	0.134774185183	0.219117495493
665	0.134774185183	0.219117495493
666	0.134774185183	0.219117495493
667	0.134774185183	0.219117495493
668	0.134774185183	0.219117495493
669	0.134774185183	0.219117495493
670	0.134774185183	0.219117495493
671	0.134774185183	0.219117495493
672	0.134774185183	0.219117495493
673	0.134774185183	0.219117495493
674	0.134774185183	0.219117495493
675	0.134774185183	0.219117495493
676	0.134774185183	0.219117495493
677	0.134774185183	0.219117495493
678	0.134774185183	0.219117495493
679	0.134774185183	0.219117495493
680	0.134774185183	0.219117495493
681	0.134774185183	0.219117495493
682	0.134774185183	0.219117495493
683	0.134774185183	0.219117495493
684	0.134774185183	0.219117495493
685	0.134774185183	0.219117495493
686	0.134774185183	0.219117495493
687	0.134774185183	0.219117495493
688	0.134774185183	0.219117495493
689	0.134774185183	0.219117495493
690	0.134774185183	0.219117495493
691	0.134774185183	0.219117495493
692	0.134774185183	0.219117495493
693	0.134774185183	0.219117495493
694	0.134774185183	0.219117495493
695	0.134774185183	0.219117495493
696	0.134774185183	0.219117495493
697	0.134774185183	0.219117495493
698	0.134774185183	0.219117495493
699	0.134774185183	0.219117495493
700	0.134774185183	0.219117495493
701	0.134774185183	0.219117495493
702	0.134774185183	0.219117495493
703	0.134774185183	0.219117495493
704	0.134774185183	0.219117495493
705	0.134774185183	0.219117495493
706	0.134774185183	0.219117495493
707	0.134855090072	0.219096817468
708	0.136882181455	0.21863637226
709	0.138942031926	0.218282521971
710	0.141001882397	0.218044177702
711	0.143061732869	0.217921718445
712	0.14512158334	0.217915339568
713	0.147210470225	0.21800426687
714	0.152542504495	0.216289785006
715	0.160437438721	0.214034931267
716	0.168005278441	0.212592693575
717	0.169365524251	0.214615943554
718	0.170680850465	0.217148078308
719	0.17199617668	0.22015119087
720	0.173732903545	0.223292992871
721	0.175842388912	0.22652516388
722	0.178642485553	0.229483396204
723	0.18653614915	0.228470913046
724	0.195900847232	0.226720061424
725	0.205265545314	0.225492935482
726	0.2089756169	0.227569364223
727	0.213008024341	0.22995557874
728	0.215225201488	0.230169749529
729	0.217678576918	0.230397846505
730	0.220459069072	0.230698525657
731	0.223636774391	0.231096803981
732	0.227303357451	0.23162840372
733	0.231532643664	0.232395107123
734	0.230634259399	0.238138647045
