Time	Mean	Std
0	-0.000104989569628	0.00121212
1	-0.000604989569628	0.00121212
2	-0.0004559885405	0.00134479943591
3	0.00113233028125	0.00457816228045
4	0.00257730856208	0.00794088542063
5	0.00382962307213	0.0108884833156
6	0.00492539826842	0.0134761992163
7	0.00589225873574	0.0157628216712
8	0.00675169026225	0.0177969848314
9	0.00752065531228	0.0196179077608
10	0.00821272385731	0.0212572666375
11	0.00931107464643	0.0238597855058
12	0.0104094254356	0.0264630013663
13	0.0115077762247	0.0290667269519
14	0.0094117258729	0.033920635423
15	0.00206402846675	0.0467439843937
16	0.00470908745554	0.0441799856885
17	-0.00632302376751	0.0521194923182
18	-0.0286835915464	0.0667998780723
19	-0.0556476064185	0.0843369330784
20	-0.0825854226589	0.10221725727
21	-0.110693621088	0.117836782094
22	-0.143173001087	0.124288522027
23	-0.179250385358	0.12783313793
24	-0.219641400776	0.133700711289
25	-0.261719234016	0.139794113246
26	-0.303402643299	0.145946299683
27	-0.344563341085	0.152026754675
28	-0.385278464053	0.15805049458
29	-0.425959707604	0.164265248169
30	-0.466222571949	0.170114004548
31	-0.501013001632	0.169098619985
32	-0.535394215702	0.16823445278
33	-0.569647459232	0.168272500108
34	-0.599943841942	0.167318289266
35	-0.624164303308	0.166010635481
36	-0.657488878625	0.172502495365
37	-0.676254026832	0.175376367048
38	-0.683061338118	0.17363619804
39	-0.685021010423	0.170957671448
40	-0.6857778763	0.170941101949
41	-0.683869430453	0.17331904617
42	-0.676958055108	0.181835975716
43	-0.666027619528	0.190037369977
44	-0.650430955153	0.195432534946
45	-0.63312269641	0.201532252422
46	-0.616629933034	0.205752135211
47	-0.59910082583	0.210390978856
48	-0.582017293444	0.216545723068
49	-0.564967640474	0.223789645869
50	-0.54833636671	0.231807492026
51	-0.537177527609	0.238618424372
52	-0.52642790412	0.24693074951
53	-0.515806251172	0.256535518858
54	-0.505947057903	0.266088696229
55	-0.496912138923	0.275311545689
56	-0.488765862387	0.283980738531
57	-0.481501842749	0.292057463689
58	-0.474867203477	0.299979229004
59	-0.468476756093	0.308399288737
60	-0.463315313767	0.315978691993
61	-0.459648800977	0.322803863369
62	-0.456703436733	0.329593229076
63	-0.45512958512	0.335550382059
64	-0.453956300757	0.341410298149
65	-0.446476433767	0.340203816291
66	-0.432114401792	0.328896032643
67	-0.417834135997	0.316068959776
68	-0.403395618489	0.303845487816
69	-0.388957100981	0.292360163659
70	-0.374484853132	0.281689101128
71	-0.359269974926	0.271617425189
72	-0.343457507255	0.262287015333
73	-0.327641666551	0.254060095079
74	-0.311825825846	0.247048530941
75	-0.296009985142	0.241358266065
76	-0.280194144438	0.237084457071
77	-0.264378303733	0.234304626931
78	-0.248562463029	0.233072237401
79	-0.232746622325	0.233411800734
80	-0.21693078162	0.235316512014
81	-0.201114940916	0.238748914469
82	-0.185299100211	0.243644451451
83	-0.169483259507	0.249917155304
84	-0.153677942704	0.257458957679
85	-0.144203985075	0.26127898993
86	-0.14119112102	0.260724552763
87	-0.13965554611	0.260501561177
88	-0.138278222914	0.260337212162
89	-0.136900899717	0.260206654192
90	-0.135557306861	0.260111902138
91	-0.134956344364	0.260079954845
92	-0.13495297133	0.260079793741
93	-0.134933212167	0.260040132634
94	-0.134261114018	0.258691484274
95	-0.132664629486	0.255491147702
96	-0.130889166606	0.251937501562
97	-0.129113703726	0.248389858061
98	-0.127338240847	0.244848478117
99	-0.125562777967	0.241313637492
100	-0.123787315087	0.237785627821
101	-0.122011852207	0.234264757723
102	-0.120236389328	0.230751354014
103	-0.118460926448	0.227245763001
104	-0.116685463568	0.223748351903
105	-0.114910000688	0.220259510378
106	-0.113134537809	0.216779652179
107	-0.111359074929	0.213309216962
108	-0.109375138565	0.209443009298
109	-0.106862286645	0.204564896644
110	-0.104342275609	0.199695453154
111	-0.101822264572	0.194850301365
112	-0.0993022535353	0.190031299353
113	-0.0968020016612	0.185277936956
114	-0.0949540887736	0.181783883071
115	-0.094030562269	0.180044094433
116	-0.0932860141121	0.178644708292
117	-0.0925414659551	0.177248282574
118	-0.0918562067999	0.175836371815
119	-0.0924320497262	0.174057034094
120	-0.0928668470357	0.17246353523
121	-0.0945474879539	0.169835965312
122	-0.0993986071146	0.164710984678
123	-0.107160952146	0.157811987448
124	-0.116481225336	0.150851841894
125	-0.125805786042	0.145281575561
126	-0.135130346748	0.141269153507
127	-0.144454907454	0.138949598086
128	-0.153987941643	0.138767221509
129	-0.164049891389	0.141206715249
130	-0.174119000252	0.14524504036
131	-0.184188109115	0.150742404455
132	-0.194257217978	0.1575461478
133	-0.20432632684	0.165495227444
134	-0.214395435703	0.174433131489
135	-0.224464544566	0.184215986954
136	-0.235137426862	0.194549731431
137	-0.246469456848	0.205287372779
138	-0.257744165434	0.216528010248
139	-0.26775777194	0.228469420901
140	-0.277912424062	0.240271684993
141	-0.286821232575	0.249114403628
142	-0.292559562846	0.254162133978
143	-0.295386667246	0.25576617637
144	-0.296655843487	0.255521715521
145	-0.297920732213	0.25530097954
146	-0.299185620939	0.255109210398
147	-0.300450509665	0.254946473463
148	-0.30171539839	0.254812824358
149	-0.302980287116	0.254708308873
150	-0.304245175842	0.254632962881
151	-0.305510064567	0.254586812281
152	-0.306774953293	0.25456987295
153	-0.308039842019	0.254582150721
154	-0.309304730745	0.254623641367
155	-0.31056961947	0.254694330611
156	-0.311230734763	0.254742888609
157	-0.311232702366	0.254743045017
158	-0.311232702366	0.254743045017
159	-0.311232702366	0.254743045017
160	-0.311232702366	0.254743045017
161	-0.311232702366	0.254743045017
162	-0.311232702366	0.254743045017
163	-0.311232702366	0.254743045017
164	-0.311232702366	0.254743045017
165	-0.311232702366	0.254743045017
166	-0.311232702366	0.254743045017
167	-0.311232702366	0.254743045017
168	-0.311232702366	0.254743045017
169	-0.311232702366	0.254743045017
170	-0.311232702366	0.254743045017
171	-0.311232702366	0.254743045017
172	-0.311232702366	0.254743045017
173	-0.31119318404	0.254727040387
174	-0.310323819618	0.254311023234
175	-0.306351874358	0.251081070683
176	-0.298816101084	0.244225058277
177	-0.288378917851	0.234184833535
178	-0.277221821347	0.223584385181
179	-0.266063293021	0.213292611289
180	-0.254351507808	0.203159994946
181	-0.24256440864	0.19341913274
182	-0.230777309472	0.18416372097
183	-0.218990210304	0.175470593494
184	-0.207203111136	0.167427357648
185	-0.195416011968	0.160131973213
186	-0.1836289128	0.153690973871
187	-0.171841813633	0.148215788301
188	-0.160054714465	0.143816766068
189	-0.148267615297	0.140594958483
190	-0.136480516129	0.138632464985
191	-0.124693416961	0.13798302864
192	-0.112906317793	0.138665099739
193	-0.10115873695	0.140657065222
194	-0.0902410022048	0.143803608944
195	-0.0824258482973	0.146899599518
196	-0.0781745224033	0.148846614685
197	-0.0768246064687	0.149293541662
198	-0.0761946038041	0.149352755706
199	-0.0755660329628	0.149423669281
200	-0.0754907190077	0.149432958231
201	-0.0754907190077	0.149432958231
202	-0.0754907190077	0.149432958231
203	-0.0754907190077	0.149432958231
204	-0.0754907190077	0.149432958231
205	-0.0754907190077	0.149432958231
206	-0.0754907190077	0.149432958231
207	-0.0754907190077	0.149432958231
208	-0.0754907190077	0.149432958231
209	-0.0754907190077	0.149432958231
210	-0.0754907190077	0.149432958231
211	-0.0754907190077	0.149432958231
212	-0.0753542938597	0.149335622642
213	-0.0750720660358	0.149135649362
214	-0.0740547749186	0.14843048611
215	-0.0723399301846	0.147298003884
216	-0.0704342110438	0.146123967895
217	-0.0683463701561	0.145332472853
218	-0.0660319626633	0.144996492065
219	-0.0637175551704	0.144754181042
220	-0.0614031476775	0.144606010661
221	-0.0590887401847	0.144552270415
222	-0.0567743326918	0.144593065593
223	-0.0544599251989	0.144728316252
224	-0.052145517706	0.144957758003
225	-0.0498311102132	0.145280944579
226	-0.0475167027203	0.145697252145
227	-0.0452022952274	0.146205885244
228	-0.0428878877346	0.146805884248
229	-0.0405734802417	0.147496134159
230	-0.0382590727488	0.148275374579
231	-0.035944665256	0.149142210637
232	-0.033766682911	0.150069614064
233	-0.0317345032421	0.151036440193
234	-0.0304373868665	0.151876891539
235	-0.0298378241075	0.152557654765
236	-0.0294291357555	0.153195080767
237	-0.0292025691503	0.153549952186
238	-0.0292025691503	0.153549952186
239	-0.0292025691503	0.153549952186
240	-0.0292025691503	0.153549952186
241	-0.0292025691503	0.153549952186
242	-0.0292025691503	0.153549952186
243	-0.0292025691503	0.153549952186
244	-0.0292025691503	0.153549952186
245	-0.0292025691503	0.153549952186
246	-0.0292025691503	0.153549952186
247	-0.0292025691503	0.153549952186
248	-0.0292025691503	0.153549952186
249	-0.0292025691503	0.153549952186
250	-0.0292025691503	0.153549952186
251	-0.0292025691503	0.153549952186
252	-0.0292025691503	0.153549952186
253	-0.0292025691503	0.153549952186
254	-0.0292025691503	0.153549952186
255	-0.0292380385972	0.153539621829
256	-0.0301232162139	0.153288018198
257	-0.0312145845833	0.152994282318
258	-0.0331151244831	0.152526484944
259	-0.0353368383788	0.152050639192
260	-0.0375585522745	0.151652012504
261	-0.0397802661702	0.151331215098
262	-0.042001980066	0.151088742724
263	-0.0442236939617	0.150924972888
264	-0.0464454078574	0.150840161937
265	-0.0486802945282	0.150835847594
266	-0.0528787858143	0.151153974626
267	-0.0581806413756	0.151855308985
268	-0.0629959626628	0.152689671162
269	-0.0677090515057	0.153695373027
270	-0.0724221403485	0.154892400969
271	-0.0771352291914	0.156276358556
272	-0.0818483180342	0.157842328881
273	-0.0865614068771	0.159584953888
274	-0.0912744957199	0.161498515181
275	-0.0959521151159	0.16356935574
276	-0.099780026342	0.165605524314
277	-0.103401746815	0.167729872993
278	-0.106214295759	0.169806710235
279	-0.108705670706	0.171950065806
280	-0.111469980591	0.174552258324
281	-0.115053938437	0.178230056587
282	-0.118641550403	0.181986961588
283	-0.12222916237	0.185814071975
284	-0.125816774336	0.189707138872
285	-0.129391213528	0.19364769919
286	-0.131002048104	0.195464192402
287	-0.131555195141	0.196068549311
288	-0.135053556565	0.195620246608
289	-0.139053746513	0.19517524181
290	-0.143053936461	0.19489636507
291	-0.14730319255	0.194788002028
292	-0.153976066992	0.194883240216
293	-0.163540678676	0.195342709964
294	-0.175388979656	0.196514758206
295	-0.187418525933	0.198388578653
296	-0.19944807221	0.200929649989
297	-0.211477618488	0.204113053252
298	-0.223507164765	0.207909285336
299	-0.235536711043	0.21228547173
300	-0.247293322382	0.216953233385
301	-0.258230285761	0.22144226222
302	-0.269163595019	0.226517071988
303	-0.280096904277	0.232142410215
304	-0.291030213535	0.23827928918
305	-0.301919333213	0.244985016517
306	-0.312108572715	0.253630654363
307	-0.322178826846	0.2628073992
308	-0.329790400866	0.272377148015
309	-0.337002378805	0.282241401744
310	-0.344214356744	0.292360369232
311	-0.351177268543	0.302435408755
312	-0.355716561988	0.309993750859
313	-0.357364118192	0.314375832232
314	-0.356727985099	0.31620767316
315	-0.355910606709	0.317840068884
316	-0.355093228319	0.319475896938
317	-0.354275849929	0.321115104869
318	-0.353458471539	0.322757641178
319	-0.35264109315	0.324403455309
320	-0.35182371476	0.326052497625
321	-0.35100633637	0.327704719394
322	-0.35018895798	0.329360072765
323	-0.34937157959	0.331018510757
324	-0.3485542012	0.33267998724
325	-0.347781012389	0.334254395606
326	-0.347707703756	0.334403808199
327	-0.347707703756	0.334403808199
328	-0.347707703756	0.334403808199
329	-0.347707703756	0.334403808199
330	-0.347707703756	0.334403808199
331	-0.347707703756	0.334403808199
332	-0.347707703756	0.334403808199
333	-0.347707703756	0.334403808199
334	-0.347707703756	0.334403808199
335	-0.347707703756	0.334403808199
336	-0.347707703756	0.334403808199
337	-0.347707703756	0.334403808199
338	-0.347707703756	0.334403808199
339	-0.347707703756	0.334403808199
340	-0.347707703756	0.334403808199
341	-0.347707703756	0.334403808199
342	-0.347707703756	0.334403808199
343	-0.347707703756	0.334403808199
344	-0.347707703756	0.334403808199
345	-0.347453960352	0.33412970326
346	-0.344731384652	0.331203956864
347	-0.339121749193	0.325266457112
348	-0.332417626233	0.318338769646
349	-0.325713503273	0.311605850593
350	-0.319009380313	0.30508059544
351	-0.312305257353	0.298776610581
352	-0.305601134393	0.292708192697
353	-0.298759078996	0.287196378251
354	-0.291096070147	0.283797435173
355	-0.283063709199	0.281557472206
356	-0.275325070898	0.279705752996
357	-0.26903575545	0.278495781209
358	-0.263560575551	0.278051734284
359	-0.258394669502	0.278262669414
360	-0.254397613111	0.276279717102
361	-0.25201589882	0.271024748924
362	-0.249634184529	0.266314147012
363	-0.247252470239	0.262177255287
364	-0.244870755948	0.258641604159
365	-0.242742785061	0.255762037734
366	-0.243083646471	0.253630000774
367	-0.246311567639	0.251892289944
368	-0.250633976308	0.250272392083
369	-0.254956384978	0.248702774441
370	-0.259278793647	0.247184394854
371	-0.263601202317	0.24571820318
372	-0.267923610986	0.244305139034
373	-0.272383952092	0.242631794685
374	-0.273503791399	0.236298895793
375	-0.277223479701	0.230755625918
376	-0.281280307318	0.225466837908
377	-0.283040171517	0.218566650611
378	-0.283985900167	0.211235035731
379	-0.284622354968	0.203828043248
380	-0.28408996011	0.199147318524
381	-0.281942223152	0.19817059042
382	-0.279794486194	0.197293774973
383	-0.277646468149	0.196517986044
384	-0.274975910549	0.195423979118
385	-0.271928696895	0.19412213445
386	-0.268638824597	0.193449407653
387	-0.264321355153	0.195128353175
388	-0.259945902838	0.197018535628
389	-0.255570450523	0.198989921671
390	-0.251194998208	0.201040122488
391	-0.246819545893	0.203166752081
392	-0.242444093578	0.205367436147
393	-0.238068641263	0.207639820087
394	-0.2378546442	0.209867078748
395	-0.23541015024	0.212149959671
396	-0.232334794318	0.214437273041
397	-0.230107078962	0.216762698597
398	-0.227879363605	0.219111993067
399	-0.225651648248	0.221484396916
400	-0.223423932892	0.223879175489
401	-0.221196217535	0.226295618444
402	-0.218858696572	0.228614579725
403	-0.215822996156	0.230205503528
404	-0.211713870966	0.230446920509
405	-0.20679652871	0.229835305933
406	-0.201748263618	0.228540980118
407	-0.197727595672	0.225132224013
408	-0.193750693342	0.221807021053
409	-0.18967820266	0.218650539359
410	-0.185564270193	0.215728545022
411	-0.181450337725	0.213085492185
412	-0.177336405258	0.210731876776
413	-0.173222472791	0.208677492477
414	-0.169108540323	0.206931251653
415	-0.164994607856	0.205501009784
416	-0.160880675388	0.20439340058
417	-0.156766742921	0.203613689242
418	-0.152652810453	0.203165651033
419	-0.148538877986	0.203051481502
420	-0.144424945518	0.20327174321
421	-0.140311013051	0.203825351962
422	-0.13630688619	0.204681739875
423	-0.133001219868	0.205622051257
424	-0.131291517877	0.20619018542
425	-0.130766689004	0.206375678079
426	-0.130615441611	0.206430097403
427	-0.130464194219	0.206484947101
428	-0.130327164081	0.206535012234
429	-0.130285722296	0.206550222825
430	-0.130285722296	0.206550222825
431	-0.130576913531	0.205932135572
432	-0.132250749939	0.202388358559
433	-0.135911551685	0.194710589896
434	-0.141468842194	0.185267372501
435	-0.148433217526	0.176634392509
436	-0.157221511853	0.168041223262
437	-0.168183382013	0.159178344873
438	-0.181291680591	0.150638280335
439	-0.195203174013	0.14334225133
440	-0.210082167198	0.138957556922
441	-0.226490270802	0.138080768137
442	-0.242966116203	0.139280126187
443	-0.259441961603	0.142438586481
444	-0.275917807004	0.147430290761
445	-0.292030488711	0.153793130393
446	-0.30721558491	0.161004023128
447	-0.321592557969	0.169170083518
448	-0.336094757097	0.17856645739
449	-0.352661934189	0.187871293669
450	-0.370244319366	0.196701127157
451	-0.389145694821	0.203518913932
452	-0.406664425102	0.209759124088
453	-0.422196190046	0.214524849279
454	-0.435650769748	0.217750397433
455	-0.44685864282	0.220141590849
456	-0.4560601826	0.220879203421
457	-0.461833983129	0.218280759988
458	-0.463646521639	0.21194453608
459	-0.462945247552	0.203781491481
460	-0.461151823696	0.196309251909
461	-0.456665501928	0.190422736928
462	-0.449791023079	0.186642771082
463	-0.442878457716	0.183826349895
464	-0.435965892353	0.18199713098
465	-0.429416490684	0.181098641815
466	-0.423794674523	0.181002932131
467	-0.418980981502	0.18176687384
468	-0.414042062412	0.183704442619
469	-0.407038165358	0.188293434971
470	-0.399019060218	0.19460753505
471	-0.389389773567	0.202459806814
472	-0.379760486915	0.210860855311
473	-0.370131200263	0.219747749659
474	-0.36068261009	0.228883672264
475	-0.352073641723	0.237542994733
476	-0.343647087655	0.246327984859
477	-0.336474697003	0.253961257657
478	-0.331117139954	0.259677367809
479	-0.327470200657	0.263592960572
480	-0.323947911365	0.267522615902
481	-0.321589409567	0.270236903401
482	-0.321551323054	0.270281268043
483	-0.321551323054	0.270281268043
484	-0.321551323054	0.270281268043
485	-0.321551323054	0.270281268043
486	-0.321551323054	0.270281268043
487	-0.321551323054	0.270281268043
488	-0.321551323054	0.270281268043
489	-0.321551323054	0.270281268043
490	-0.321551323054	0.270281268043
491	-0.321551323054	0.270281268043
492	-0.321551323054	0.270281268043
493	-0.321551323054	0.270281268043
494	-0.321551323054	0.270281268043
495	-0.321551323054	0.270281268043
496	-0.321551323054	0.270281268043
497	-0.321551323054	0.270281268043
498	-0.321551323054	0.270281268043
499	-0.321551323054	0.270281268043
500	-0.321551323054	0.270281268043
501	-0.321551323054	0.270281268043
502	-0.321551323054	0.270281268043
503	-0.321551323054	0.270281268043
504	-0.321551323054	0.270281268043
505	-0.321551323054	0.270281268043
506	-0.320799511749	0.269966009196
507	-0.313248768533	0.264685620169
508	-0.305376914744	0.259375070563
509	-0.296353277113	0.252825866622
510	-0.285597091586	0.244446476683
511	-0.274686331134	0.236495297939
512	-0.263519054197	0.228982600789
513	-0.251233150665	0.22175801032
514	-0.236278333544	0.214539065811
515	-0.220668916788	0.207820506953
516	-0.205012310757	0.201789700255
517	-0.189355704725	0.19651816449
518	-0.173699098693	0.192068426991
519	-0.158042492661	0.188498695342
520	-0.142385886629	0.185859682211
521	-0.126729280598	0.184191396715
522	-0.111072674566	0.18352031387
523	-0.0954160685339	0.183857353426
524	-0.0797594625021	0.185197011426
525	-0.0641028564703	0.187517800489
526	-0.0491980617432	0.190465760772
527	-0.0410921989279	0.192691102209
528	-0.0333074466849	0.195306778765
529	-0.0266744782843	0.198520351716
530	-0.0217740577792	0.20238681937
531	-0.0170282121989	0.20650760677
532	-0.0125388831045	0.21072662683
533	-0.00916818060486	0.214088193635
534	-0.00846639169388	0.214808169216
535	-0.0084192024176	0.214856824985
536	-0.0084192024176	0.214856824985
537	-0.00822019297734	0.214502929927
538	-0.00710652810486	0.212527631869
539	-0.00537110019062	0.209467256826
540	-0.00362836403578	0.206416593298
541	-0.00188562788094	0.203389594252
542	-0.000142891726094	0.2003873321
543	0.00159984442875	0.197410935455
544	0.00334258058359	0.194461592
545	0.00508531673844	0.191540551434
546	0.00682805289328	0.188649128487
547	0.00857078904812	0.185788705979
548	0.010313525203	0.182960737903
549	0.0120562613578	0.180166752521
550	0.0137989975127	0.177408355408
551	0.0155417336675	0.174687232441
552	0.0172844698223	0.172005152661
553	0.0190272059772	0.169363970964
554	0.020769942132	0.166765630555
555	0.0225126782869	0.164212165088
556	0.0242554144417	0.161705700414
557	0.0257991411563	0.159526495505
558	0.0264282124387	0.158649908229
559	0.0264355206793	0.158639764153
560	0.0265576165166	0.158569734799
561	0.0274470254953	0.158074689553
562	0.0291875285236	0.157183405413
563	0.0313584321553	0.156217664304
564	0.0335295912173	0.155416639483
565	0.0357007502793	0.154783013387
566	0.0377146948508	0.154129213537
567	0.0395135788893	0.153397128235
568	0.0413124629278	0.152852608545
569	0.0431113469663	0.15249766369
570	0.043050577313	0.150318979825
571	0.0384291596981	0.144256585
572	0.0358062830832	0.141266039662
573	0.034062833257	0.139837425526
574	0.0346051485709	0.140329441257
575	0.0358026667903	0.141450090655
576	0.0370001850097	0.1428148727
577	0.0381977032291	0.144416866181
578	0.0396445216552	0.146505865348
579	0.0414039872016	0.149207382533
580	0.0430413569106	0.152060998928
581	0.0439114134784	0.15419483938
582	0.0439303759965	0.155357320878
583	0.0435189379112	0.156015122525
584	0.0431072443956	0.156717042288
585	0.0426955508801	0.157462819295
586	0.042441071855	0.15824771568
587	0.0418443281274	0.159972568456
588	0.0400936135626	0.164719263016
589	0.0382908220574	0.169793826544
590	0.0383476842441	0.174853933183
591	0.0429651943923	0.180393777915
592	0.0455841635406	0.186343087998
593	0.0473237059001	0.192411716902
594	0.0462846491062	0.197786093194
595	0.0417444945015	0.202270893432
596	0.0365912325099	0.206941126551
597	0.0314379705183	0.211960585805
598	0.0260354083201	0.216933857546
599	0.0203201990014	0.221727266805
600	0.0146049896828	0.22678160097
601	0.00888978036417	0.232079813063
602	0.00317457104554	0.237605589419
603	-0.00314200461195	0.243549304322
604	-0.0104035841247	0.250160685848
605	-0.0176651636375	0.257152707772
606	-0.0249441704932	0.264522889257
607	-0.0327562552598	0.273151966482
608	-0.0392187869581	0.280092576088
609	-0.0456277292421	0.28708482055
610	-0.0520366715261	0.294380830586
611	-0.0584456138101	0.301958587985
612	-0.0648545560941	0.30979741851
613	-0.0712634983781	0.317878008658
614	-0.0771796066488	0.325670818731
615	-0.0802498200142	0.330612105913
616	-0.0827069259927	0.334927524746
617	-0.0851640319711	0.33925346143
618	-0.0876211379496	0.343589518694
619	-0.0900782439281	0.347935318161
620	-0.0925353499065	0.352290499297
621	-0.094992455885	0.356654718419
622	-0.0995083510553	0.360897090746
623	-0.10550856352	0.364433626886
624	-0.111955656581	0.367072189359
625	-0.121157286372	0.370031629448
626	-0.13140518374	0.373509106553
627	-0.140562677962	0.375932931272
628	-0.149915754414	0.377814964205
629	-0.159270343341	0.380242859842
630	-0.168624932268	0.383207852549
631	-0.177979521194	0.386697587994
632	-0.187340462521	0.390690782597
633	-0.199171276495	0.392378444227
634	-0.211339069915	0.394191905145
635	-0.223506863335	0.396507713546
636	-0.235674656755	0.399317129549
637	-0.247842450175	0.40260982009
638	-0.260010243595	0.406374037981
639	-0.272178037015	0.410596815001
640	-0.284345830435	0.415264162267
641	-0.296513623855	0.42036127161
642	-0.306622628083	0.424033851274
643	-0.314645948678	0.4260703918
644	-0.321277384821	0.426981805625
645	-0.324708762078	0.425098339426
646	-0.325833764785	0.421767669599
647	-0.325564875414	0.41836100547
648	-0.32487687279	0.415242436926
649	-0.323732405536	0.412587231095
650	-0.321908836631	0.410559547242
651	-0.319973344516	0.408687018808
652	-0.317954363831	0.406945466959
653	-0.313031127168	0.407600553879
654	-0.307500177878	0.408857955342
655	-0.301707872266	0.410458003378
656	-0.295784297175	0.412298682574
657	-0.290412452429	0.413359358344
658	-0.285914435697	0.413166343318
659	-0.282276708531	0.411836676471
660	-0.279517917546	0.409457981828
661	-0.27747701626	0.406105006755
662	-0.273035219289	0.401252705909
663	-0.268216279596	0.396776662121
664	-0.263204616343	0.392824519179
665	-0.257857557964	0.389289499895
666	-0.253534125916	0.386204205529
667	-0.249366271862	0.38190391851
668	-0.243306455022	0.375962705885
669	-0.235807963464	0.368324021849
670	-0.22752205865	0.357289307565
671	-0.216196614656	0.345212476618
672	-0.199658255261	0.331229253899
673	-0.186128040208	0.318056894029
674	-0.17422134618	0.305711572454
675	-0.162911341793	0.294204762423
676	-0.152931330808	0.283624440557
677	-0.141424230852	0.274668594756
678	-0.129022684627	0.267062270755
679	-0.115760848835	0.260602044113
680	-0.102673668004	0.253270339425
681	-0.089478730643	0.245650838698
682	-0.0789933220999	0.237837984921
683	-0.0701457290367	0.232418409521
684	-0.0615799639454	0.228349490422
685	-0.0537951161357	0.22523258673
686	-0.0462293216254	0.223622898671
687	-0.0399018411978	0.223469201878
688	-0.0358854368103	0.223785107572
689	-0.033764171771	0.224503909811
690	-0.0331094216381	0.226017819886
691	-0.0356061338953	0.226358074803
692	-0.0433928977243	0.224751232455
693	-0.0486059005403	0.224578171533
694	-0.0524672609715	0.225079347591
695	-0.0566496363971	0.225503785101
696	-0.0602002902934	0.226276590556
697	-0.0650195403761	0.226546232773
698	-0.0700515597342	0.226800471605
699	-0.0762336827275	0.226684155017
700	-0.0812799073008	0.227678343097
701	-0.0848472797918	0.22931876845
702	-0.0873864713755	0.230478905651
703	-0.0885658829118	0.229623324107
704	-0.0896561900372	0.228989378058
705	-0.0953010120611	0.226760123008
706	-0.103563169831	0.224168408185
707	-0.1118253276	0.222468903927
708	-0.12008748537	0.221682131316
709	-0.12834964314	0.221817802756
710	-0.136611800909	0.22287423368
711	-0.144873958679	0.224838445561
712	-0.153136116449	0.227686945849
713	-0.161398274218	0.231387078642
714	-0.169659286529	0.23589826263
715	-0.177263950527	0.240862371309
716	-0.184301612132	0.246228510249
717	-0.191046036175	0.252065605945
718	-0.1975983092	0.258376206506
719	-0.203000478589	0.264654837126
720	-0.208484955256	0.270738178944
721	-0.214838150836	0.276249123306
722	-0.221910894191	0.281292990932
723	-0.229082744835	0.286569816433
724	-0.236254595479	0.292177146885
725	-0.238871931225	0.294302160734
726	-0.238871931225	0.294302160734
727	-0.238871931225	0.294302160734
728	-0.238871931225	0.294302160734
729	-0.238871931225	0.294302160734
730	-0.238871931225	0.294302160734
731	-0.23887162873	0.294302571349
732	-0.2381386822	0.295299468876
733	-0.236232962061	0.297909749022
734	-0.234327241922	0.300545866491
735	-0.232421521782	0.303207147385
736	-0.230515801643	0.305892934936
737	-0.228610081504	0.308602589297
738	-0.226704361365	0.311335487305
739	-0.224798641226	0.314091022235
740	-0.222892921087	0.316868603524
741	-0.220987200948	0.319667656494
742	-0.219081480809	0.322487622051
743	-0.21717576067	0.325327956378
744	-0.215270040531	0.328188130628
745	-0.213364320392	0.331067630593
746	-0.211458600253	0.333965956388
747	-0.209552880114	0.336882622116
748	-0.207647159975	0.339817155541
749	-0.205741439836	0.342769097753
750	-0.203835719697	0.345738002838
751	-0.201930302053	0.348722962383
752	-0.200757528444	0.350568220291
753	-0.200757528444	0.350568220291
754	-0.200471446716	0.350815221975
755	-0.20003721551	0.351192310298
756	-0.199602984305	0.351572013531
757	-0.1991687531	0.351954323211
758	-0.198734521894	0.352339230853
759	-0.198300290689	0.352726727953
760	-0.198017002937	0.353269321363
761	-0.200012457911	0.355642702963
762	-0.20352937337	0.359092723841
763	-0.207981357252	0.363271013182
764	-0.212469590129	0.367491591688
765	-0.216957823006	0.371726585422
766	-0.221446055884	0.375975507265
767	-0.225934288761	0.380237890304
768	-0.230422521638	0.38451328688
769	-0.234910754515	0.38880126769
770	-0.239398987393	0.393101420924
771	-0.243876935447	0.39742870666
772	-0.248274419889	0.401886996093
773	-0.252489802471	0.406625534175
774	-0.256902030819	0.41120733527
775	-0.26146150116	0.415641059609
776	-0.266020971501	0.420078426916
777	-0.267755541754	0.423274543016
778	-0.267541886498	0.425325589887
779	-0.269105706511	0.427800686458
780	-0.270756552464	0.430207467505
781	-0.270128655691	0.430665653172
782	-0.267979298435	0.430133863741
783	-0.264894872755	0.428937967564
784	-0.26177419808	0.427740358839
785	-0.258828142657	0.426703352535
786	-0.257034261155	0.426599212827
787	-0.256296736352	0.4268395792
788	-0.257300862732	0.42462833438
789	-0.258923591585	0.421628344193
790	-0.261506823264	0.417447740277
791	-0.266131150346	0.413062087039
792	-0.271355407092	0.408779213923
793	-0.276989846766	0.40405841271
794	-0.284244450326	0.397314185785
795	-0.293345636216	0.388469246389
796	-0.304701741989	0.377236395426
797	-0.319167041902	0.366223699395
798	-0.335580567324	0.356153589222
799	-0.350216617478	0.346279772495
800	-0.364614698237	0.336503694344
801	-0.379012778996	0.326878838746
802	-0.393410859754	0.317418962222
803	-0.407808940513	0.308139259721
804	-0.422207021272	0.299056504077
805	-0.436981446403	0.289192758665
806	-0.452442286226	0.275523532512
807	-0.466854540969	0.261255841385
808	-0.477933528225	0.248572374001
809	-0.48704284307	0.236566866736
810	-0.493766416525	0.225805353557
811	-0.4979912592	0.216437809142
812	-0.501696635825	0.208440548746
813	-0.505173931382	0.202134884616
814	-0.507004333568	0.198877826812
815	-0.506128260183	0.199403857105
816	-0.501620752084	0.203449303549
817	-0.496549764492	0.208303246324
818	-0.49061874241	0.21405827489
819	-0.484221049142	0.220397890361
820	-0.477823355874	0.226999556906
821	-0.471425662606	0.233841081354
822	-0.465027969339	0.240902028958
823	-0.458630276071	0.248163670823
824	-0.452232582803	0.255608902838
825	-0.444757732085	0.263154108725
826	-0.434365763868	0.271175690985
827	-0.422943712789	0.278679713596
828	-0.41211879406	0.283475113988
829	-0.401678288746	0.286044920741
830	-0.391791935232	0.286566518992
831	-0.382239142617	0.286968227855
832	-0.372686350003	0.287984843007
833	-0.363133557388	0.289609889019
834	-0.35369673022	0.291719780034
835	-0.345120703778	0.293534853981
836	-0.337921192166	0.294454698258
837	-0.331000865995	0.295554080013
838	-0.324940574314	0.296254252971
839	-0.319346953819	0.296973976105
840	-0.313753333324	0.298180178748
841	-0.308159712829	0.299866990425
842	-0.302566092334	0.302026358667
843	-0.296972471839	0.304648235095
844	-0.291378851344	0.307720797798
845	-0.286311424674	0.310882273581
846	-0.28232252689	0.313616302971
847	-0.279355940351	0.315786195977
848	-0.277383837764	0.317291825969
849	-0.2763783917	0.318078583618
850	-0.276244032402	0.31818469067
851	-0.276244032402	0.31818469067
852	-0.276244032402	0.31818469067
853	-0.276244032402	0.31818469067
854	-0.276244032402	0.31818469067
855	-0.276244032402	0.31818469067
856	-0.276244032402	0.31818469067
857	-0.276244032402	0.31818469067
858	-0.276244032402	0.31818469067
859	-0.276244032402	0.31818469067
860	-0.276244032402	0.31818469067
861	-0.276244032402	0.31818469067
862	-0.276244032402	0.31818469067
863	-0.276244032402	0.31818469067
864	-0.276244032402	0.31818469067
865	-0.276244032402	0.31818469067
866	-0.276244032402	0.31818469067
867	-0.276244032402	0.31818469067
868	-0.276244032402	0.31818469067
869	-0.276244032402	0.31818469067
870	-0.276244032402	0.31818469067
871	-0.276244032402	0.31818469067
872	-0.276244032402	0.31818469067
873	-0.276244032402	0.31818469067
874	-0.276244032402	0.31818469067
875	-0.276244032402	0.31818469067
876	-0.276244032402	0.31818469067
877	-0.276244032402	0.31818469067
878	-0.276244032402	0.31818469067
879	-0.276244032402	0.31818469067
880	-0.276244032402	0.31818469067
881	-0.276244032402	0.31818469067
882	-0.276244032402	0.31818469067
883	-0.276244032402	0.31818469067
884	-0.276244032402	0.31818469067
885	-0.276244032402	0.31818469067
886	-0.276244032402	0.31818469067
887	-0.276244032402	0.31818469067
888	-0.276244032402	0.31818469067
889	-0.276244032402	0.31818469067
890	-0.276244032402	0.31818469067
891	-0.276244032402	0.31818469067
892	-0.276244032402	0.31818469067
893	-0.276244032402	0.31818469067
894	-0.276244032402	0.31818469067
895	-0.276244032402	0.31818469067
896	-0.276244032402	0.31818469067
897	-0.276244032402	0.31818469067
898	-0.276244032402	0.31818469067
899	-0.276244032402	0.31818469067
900	-0.276244032402	0.31818469067
901	-0.276230749959	0.318194296657
902	-0.275705584921	0.318576367351
903	-0.275015922821	0.319084809927
904	-0.274326260722	0.319600821945
905	-0.273636598622	0.320124366798
906	-0.272946936522	0.320655407591
907	-0.272257274422	0.321193907142
908	-0.271567612322	0.321739828002
909	-0.270877950222	0.322293132457
910	-0.270188288122	0.322853782546
911	-0.269498626022	0.323421740068
912	-0.268808963923	0.323996966594
913	-0.268119301823	0.324579423477
914	-0.267429639723	0.325169071863
915	-0.266739977623	0.325765872702
916	-0.266050315523	0.326369786755
917	-0.265360653423	0.326980774612
918	-0.26444314695	0.327804512326
919	-0.263344795486	0.328806853984
920	-0.262246444023	0.329826741285
921	-0.261161375002	0.330851364993
922	-0.260588188577	0.331399415913
923	-0.260490156901	0.331493616688
924	-0.260381232818	0.331598444187
925	-0.260259494136	0.331715803416
926	-0.26012253812	0.331848083467
927	-0.259967321301	0.331998321646
928	-0.25978993065	0.332170439202
929	-0.259585249131	0.332369587936
930	-0.259346454025	0.332602673663
931	-0.259064241627	0.332879171538
