Time	Mean	Std
0	-0.1198527341	0.273973333208
1	-0.125385624027	0.285430302916
2	-0.129579698966	0.294977777673
3	-0.133128531607	0.30305641016
4	-0.137106398209	0.309652013898
5	-0.146787188586	0.313346333042
6	-0.158481525424	0.315980211319
7	-0.168803580003	0.318727660705
8	-0.177978739628	0.321495396064
9	-0.186188092977	0.324224863474
10	-0.193576510991	0.326880615594
11	-0.210274333654	0.345914244187
12	-0.226972156317	0.365088445081
13	-0.24366997898	0.384382182275
14	-0.252905791581	0.38741206698
15	-0.260817888079	0.387845730132
16	-0.268729984577	0.388602540497
17	-0.276642081076	0.389680615298
18	-0.284554177574	0.391077297675
19	-0.292466274072	0.392789188922
20	-0.30037837057	0.394812188858
21	-0.308290467068	0.397141543241
22	-0.316202563566	0.399771896991
23	-0.324114660065	0.402697351915
24	-0.331371549525	0.405634557004
25	-0.333953459495	0.406737175259
26	-0.333956453258	0.40673847113
27	-0.333803634891	0.406444346145
28	-0.324698427666	0.389079935574
29	-0.312995573873	0.367274175211
30	-0.303385587082	0.349868980601
31	-0.295128601894	0.3353328866
32	-0.288713424364	0.324341588502
33	-0.282696532979	0.314300140004
34	-0.276679641593	0.304543763613
35	-0.270662750208	0.295100735138
36	-0.265166539164	0.285598999395
37	-0.262614064406	0.274269620919
38	-0.260191362077	0.263413060047
39	-0.257768659748	0.253203231353
40	-0.255345957418	0.243721425921
41	-0.252923255089	0.235055762444
42	-0.25050055276	0.227299604892
43	-0.248077850431	0.220548929334
44	-0.245655148101	0.214898513251
45	-0.243232445772	0.210437004076
46	-0.240809743443	0.20724120076
47	-0.238539859481	0.205398396233
48	-0.245222364377	0.20605037433
49	-0.254502515841	0.207916368973
50	-0.261689800303	0.209617787254
51	-0.267524083161	0.211058889338
52	-0.270786078812	0.211066005757
53	-0.272229032462	0.209594814477
54	-0.272256790342	0.206950123497
55	-0.270847540425	0.203264570317
56	-0.267519521199	0.198508301129
57	-0.259941200942	0.191423024868
58	-0.251900800314	0.184354263565
59	-0.243860399685	0.177735360232
60	-0.235819999057	0.171618372549
61	-0.227779598429	0.1660587759
62	-0.2197391978	0.16111428257
63	-0.211698797172	0.156843076927
64	-0.203658396543	0.153301445686
65	-0.195617995915	0.150540889648
66	-0.187577595287	0.148604944065
67	-0.179537194658	0.14752607594
68	-0.17149679403	0.147323115978
69	-0.163456393401	0.147999667763
70	-0.155415992773	0.149543794763
71	-0.147375592145	0.151929046544
72	-0.140065671067	0.154795108704
73	-0.134176505844	0.157562214972
74	-0.129702536392	0.159923673819
75	-0.126665574736	0.161648722981
76	-0.125026702048	0.162619349729
77	-0.124694394106	0.162819493915
78	-0.124694394106	0.162819493915
79	-0.124694394106	0.162819493915
80	-0.124694394106	0.162819493915
81	-0.124694394106	0.162819493915
82	-0.124694394106	0.162819493915
83	-0.124694394106	0.162819493915
84	-0.124694394106	0.162819493915
85	-0.124694394106	0.162819493915
86	-0.124694394106	0.162819493915
87	-0.124694394106	0.162819493915
88	-0.124694394106	0.162819493915
89	-0.124694394106	0.162819493915
90	-0.125410031486	0.163752752228
91	-0.12636847426	0.165019577644
92	-0.127785904736	0.166927725159
93	-0.130230732908	0.170312398933
94	-0.132680087056	0.173815979819
95	-0.135271585913	0.177246936767
96	-0.138411521665	0.180102778006
97	-0.141551457416	0.18307670038
98	-0.144691393168	0.186163045001
99	-0.14783132892	0.18935631479
100	-0.150971264671	0.19265119284
101	-0.154111200423	0.196042556041
102	-0.157251136175	0.19952548454
103	-0.160391071926	0.203095267565
104	-0.163531007678	0.206747406172
105	-0.16667094343	0.210477613383
106	-0.169810879182	0.214281812193
107	-0.172950814933	0.218156131849
108	-0.176090750685	0.222096902758
109	-0.177656240904	0.225147811462
110	-0.176998760893	0.226187697952
111	-0.176094976723	0.22704339784
112	-0.174732204851	0.227254363973
113	-0.172587835313	0.22542111073
114	-0.17382473223	0.221279868776
115	-0.182800366934	0.212300295356
116	-0.196522059552	0.201096360639
117	-0.211527400755	0.190526609021
118	-0.226506851724	0.181881296218
119	-0.240497076635	0.175770469463
120	-0.253111880211	0.172319150551
121	-0.264282832906	0.171414641671
122	-0.274086490237	0.172853298785
123	-0.282762353643	0.176388752242
124	-0.291356530086	0.181667119062
125	-0.299950706528	0.188527394076
126	-0.308544882971	0.196804218511
127	-0.317139059414	0.206327187905
128	-0.325733235856	0.21693225314
129	-0.335901857832	0.226603014525
130	-0.347577812657	0.235224656511
131	-0.359257266247	0.244476672077
132	-0.370936719837	0.254293935249
133	-0.382370373398	0.2642920025
134	-0.390418234527	0.271998057507
135	-0.390585213161	0.276869010813
136	-0.385457696985	0.279015553896
137	-0.379046532224	0.279672283414
138	-0.372661257699	0.28061138076
139	-0.36726520923	0.281629287702
140	-0.363244582097	0.282519939169
141	-0.360667805844	0.283149564234
142	-0.359458324956	0.283460835289
143	-0.359376637993	0.283482219431
144	-0.359376637993	0.283482219431
145	-0.359376637993	0.283482219431
146	-0.359376637993	0.283482219431
147	-0.359376637993	0.283482219431
148	-0.359376637993	0.283482219431
149	-0.359376637993	0.283482219431
150	-0.359376637993	0.283482219431
151	-0.359376637993	0.283482219431
152	-0.359376637993	0.283482219431
153	-0.359376637993	0.283482219431
154	-0.359376637993	0.283482219431
155	-0.359376637993	0.283482219431
156	-0.359376637993	0.283482219431
157	-0.359376637993	0.283482219431
158	-0.359258696252	0.283369820759
159	-0.35840727949	0.28256466092
160	-0.357555330259	0.281770039327
161	-0.356703381029	0.280986556657
162	-0.355836487569	0.28019217139
163	-0.351818226356	0.274746667022
164	-0.337225044298	0.254262711393
165	-0.31809752957	0.229220323559
166	-0.298970014842	0.207133250013
167	-0.279842500114	0.189040223207
168	-0.260714985386	0.176176119042
169	-0.241587470658	0.169734027386
170	-0.22245995593	0.170443689779
171	-0.203332441202	0.178219692849
172	-0.184204926474	0.192206302328
173	-0.165077411746	0.211173063127
174	-0.145949897018	0.233911647269
175	-0.12682238229	0.259432170454
176	-0.107694867562	0.286993448716
177	-0.0885673528339	0.316062057746
178	-0.0695577798465	0.346423403515
179	-0.0512816818813	0.378599926499
180	-0.0330061163838	0.411337354324
181	-0.0147305508863	0.444511195465
182	0.00353007038199	0.478003070564
183	0.0186358991777	0.505920692461
184	0.0186449279828	0.505937429327
185	0.0115121647115	0.492733498386
186	0.00348741676103	0.47792449354
187	-0.00457624848391	0.463097432364
188	-0.0126399137289	0.448329601893
189	-0.0207035789738	0.433627053744
190	-0.0287672442187	0.418996660224
191	-0.0368309094637	0.404446251749
192	-0.0448945747086	0.389984781193
193	-0.0529582399536	0.375622521031
194	-0.0610219051985	0.361371300442
195	-0.0690744505969	0.347240695876
196	-0.076252388054	0.332931894234
197	-0.0820856967699	0.318317539216
198	-0.0866051701169	0.303496871527
199	-0.0909052433081	0.28892812342
200	-0.0952053164993	0.274739814734
201	-0.0995053896904	0.260993997859
202	-0.103805462882	0.247764331288
203	-0.108102111354	0.235142953831
204	-0.10787688068	0.229594622679
205	-0.1050441906	0.227976714881
206	-0.101319515841	0.227753036201
207	-0.0975559237871	0.227709021644
208	-0.0937923317334	0.227789904254
209	-0.0900287396796	0.227995551109
210	-0.0862651476258	0.228325625093
211	-0.0825015555721	0.22877958765
212	-0.0787379635183	0.229356703151
213	-0.0749743714645	0.230056044776
214	-0.0712107794108	0.230876501833
215	-0.0674583072035	0.231813835083
216	-0.0645804429377	0.232612517401
217	-0.063047207413	0.233066050998
218	-0.0631481745824	0.232731769034
219	-0.0642689928025	0.231337443117
220	-0.0655408101515	0.229770115587
221	-0.0672843056173	0.227647734681
222	-0.0690278010831	0.225556453801
223	-0.0707712965488	0.223497145966
224	-0.0725147920146	0.221470703065
225	-0.0742582874804	0.219478035426
226	-0.0760017829462	0.217520071282
227	-0.0777452784119	0.21559775612
228	-0.0794887738777	0.213712051917
229	-0.0812322693435	0.211863936249
230	-0.0829757648093	0.21005440126
231	-0.0845836855774	0.208340480316
232	-0.0851429324507	0.207119689387
233	-0.0854750810727	0.20607828655
234	-0.0858072296948	0.205123816706
235	-0.0868262336528	0.203916828584
236	-0.0904883049571	0.20145852862
237	-0.0941563637875	0.199038835493
238	-0.0975040552926	0.196929247445
239	-0.100051295903	0.195519668794
240	-0.101371562627	0.19388426652
241	-0.100116954734	0.193182195537
242	-0.0987823703453	0.192523893809
243	-0.097447785957	0.191873747649
244	-0.0961132015688	0.191231840237
245	-0.0947786171805	0.190598254815
246	-0.0934440327923	0.189973074646
247	-0.0925285764827	0.189145219087
248	-0.0918782824825	0.188186259537
249	-0.0912279884824	0.187228352284
250	-0.0905776944822	0.186271513562
251	-0.0900629751797	0.185246524863
252	-0.0905969297721	0.183691342774
253	-0.0913579826157	0.182033519258
254	-0.0921190354593	0.180389496729
255	-0.0921932329669	0.179082582553
256	-0.0896243631282	0.179052128932
257	-0.0870495057634	0.179071361733
258	-0.0844746483987	0.179137430477
259	-0.0818997910339	0.179250283373
260	-0.0804009084269	0.179676132883
261	-0.0810052223198	0.1793325645
262	-0.0816895127079	0.178947678688
263	-0.082373803096	0.178567229232
264	-0.0830580934841	0.178191244547
265	-0.0838553706366	0.177824436388
266	-0.0867030999227	0.177675887465
267	-0.0891159710784	0.178004706447
268	-0.0910953684274	0.178761196689
269	-0.0911538116048	0.181194256054
270	-0.0834476100515	0.188996609611
271	-0.0754440047844	0.198035004851
272	-0.0659888259464	0.209603898451
273	-0.0546420416973	0.222814931439
274	-0.0426028201254	0.236879301089
275	-0.0305635985535	0.251540283526
276	-0.0185243769815	0.26669950605
277	-0.00648515540965	0.282276708494
278	0.00555406616226	0.29820639686
279	0.0175932877342	0.314435003519
280	0.0296325093061	0.330918553555
281	0.041671730878	0.347620781996
282	0.0537109524499	0.364511629998
283	0.0657501740218	0.381566049422
284	0.0777893955937	0.398763053804
285	0.0899416039299	0.4159772394
286	0.1041442644	0.431379293871
287	0.118331194818	0.446951371279
288	0.132349813739	0.462614321633
289	0.144447478488	0.475537656386
290	0.148780498507	0.479126040109
291	0.152816114812	0.482224232009
292	0.155400157545	0.482996958479
293	0.156092594868	0.48306716818
294	0.156092594868	0.48306716818
295	0.156092594868	0.48306716818
296	0.155965568817	0.482843503404
297	0.151607764968	0.475184544624
298	0.143566827981	0.461128106906
299	0.133036739932	0.442882324405
300	0.126118177557	0.431004566744
301	0.120109345887	0.420766357767
302	0.114100514217	0.410606085339
303	0.108404241098	0.40006660456
304	0.102954500534	0.389235874674
305	0.0975047599702	0.378480658815
306	0.0920550194061	0.367807581455
307	0.086605278842	0.35722400503
308	0.0811555382778	0.346738125217
309	0.0757057977137	0.336359079115
310	0.0702560571495	0.326097067823
311	0.0648063165854	0.315963494881
312	0.0593565760213	0.30597112195
313	0.0539068354571	0.296134242789
314	0.048457094893	0.286468876062
315	0.0430073543289	0.276992976568
316	0.037684639816	0.267899577838
317	0.0365927031006	0.264681037317
318	0.0391838995241	0.266471852892
319	0.0442642470086	0.271778945784
320	0.0457330688194	0.272106054739
321	0.0462921599253	0.27115596111
322	0.0468512510312	0.27020852157
323	0.0470977835856	0.269791596271
324	0.0470977835856	0.269791596271
325	0.0470977835856	0.269791596271
326	0.0470977835856	0.269791596271
327	0.0470977835856	0.269791596271
328	0.0470977835856	0.269791596271
329	0.0470977835856	0.269791596271
330	0.0477441022323	0.270152425019
331	0.0488573477541	0.270785935953
332	0.049970593276	0.271434545654
333	0.0510838387978	0.272098146146
334	0.0521970843197	0.272776628024
335	0.0533103298415	0.273469880523
336	0.0544235753634	0.274177791603
337	0.0555368208852	0.274900248019
338	0.0566500664071	0.275637135399
339	0.0577633119289	0.276388338319
340	0.0588765574508	0.277153740376
341	0.0599898029726	0.277933224261
342	0.0611030484944	0.278726671829
343	0.0622162940163	0.279533964175
344	0.0633295395381	0.2803549817
345	0.06444278506	0.281189604178
346	0.0655560305818	0.282037710828
347	0.0666692761037	0.282899180378
348	0.0677825216255	0.283773891127
349	0.0688845589754	0.284647443657
350	0.0685746969909	0.284039065764
351	0.0641399926005	0.27850812954
352	0.0557818015352	0.268528966512
353	0.0437270892375	0.255278252548
354	0.0308065443535	0.24279712997
355	0.0178859994696	0.232377072737
356	0.00496545458563	0.224305503855
357	-0.00795509029832	0.218842435785
358	-0.0208756351823	0.216185711495
359	-0.0337961800662	0.216438696918
360	-0.0467167249501	0.219591335682
361	-0.0596372698341	0.225522055249
362	-0.072557814718	0.234019737661
363	-0.085478359602	0.244817228439
364	-0.0983989044859	0.25762552393
365	-0.11131944937	0.27216087767
366	-0.12407448174	0.28823242295
367	-0.135658951519	0.306050859271
368	-0.145954391373	0.325508389901
369	-0.15595549831	0.345993153157
370	-0.16519102456	0.366047262714
371	-0.17076863528	0.380841011354
372	-0.172422759324	0.389586073933
373	-0.170380362136	0.392472205869
374	-0.167322639421	0.39417929941
375	-0.16310205327	0.397259697038
376	-0.157840106731	0.401565285837
377	-0.152578160193	0.405893833631
378	-0.147316213654	0.410244613687
379	-0.142054267116	0.414616926126
380	-0.136792320577	0.419010096885
381	-0.131733950081	0.423307818239
382	-0.134191642885	0.423444299658
383	-0.13752608154	0.423324953262
384	-0.140182218207	0.423775489082
385	-0.139893344153	0.425785134284
386	-0.138261124468	0.428477268153
387	-0.137799467372	0.430687019405
388	-0.138626840203	0.432415573128
389	-0.139737337777	0.434140183695
390	-0.140847835352	0.435984647537
391	-0.141958332926	0.437947450332
392	-0.143056376894	0.440008369437
393	-0.142593369446	0.439864987894
394	-0.139018584865	0.434881234154
395	-0.136148684798	0.427794392296
396	-0.134320145117	0.419384732695
397	-0.132491605436	0.411181404897
398	-0.130663065756	0.403197002997
399	-0.128834526075	0.395444788177
400	-0.127005986395	0.387938680133
401	-0.124973870672	0.380721004701
402	-0.115425691649	0.374762568222
403	-0.105000766775	0.369159196944
404	-0.095254143889	0.363673893615
405	-0.0884525317235	0.357834858014
406	-0.0831597777043	0.351898344592
407	-0.0778670236852	0.346166736097
408	-0.072574269666	0.340650375562
409	-0.0672815156469	0.335359885046
410	-0.0619887616277	0.33030611796
411	-0.0566960076086	0.325500100711
412	-0.051415707196	0.3209633497
413	-0.0476964581994	0.317928483909
414	-0.0472384792759	0.317564186786
415	-0.0472384792759	0.317564186786
416	-0.0472384792759	0.317564186786
417	-0.0475622337427	0.317523801086
418	-0.0503507131789	0.317203219957
419	-0.0538149289288	0.316873143089
420	-0.0572791446788	0.316618845365
421	-0.0607433604287	0.316440509477
422	-0.0642075761786	0.316338263895
423	-0.0676717919285	0.316312182406
424	-0.0711360076785	0.316362283848
425	-0.0746002234284	0.316488532041
426	-0.0780644391783	0.316690835917
427	-0.0819068398743	0.316284975155
428	-0.0877053702088	0.312405396753
429	-0.0957866882389	0.304445844079
430	-0.104530863755	0.295341889757
431	-0.113275039272	0.286299900851
432	-0.122019214789	0.277325938426
433	-0.130763390305	0.268426825289
434	-0.139507565822	0.259610258772
435	-0.148251741339	0.250884941554
436	-0.156995916855	0.242260733203
437	-0.165416337905	0.233659191174
438	-0.171372033985	0.22445840509
439	-0.176651993752	0.215130293967
440	-0.181931953519	0.205871179954
441	-0.187211913285	0.196690807297
442	-0.192491873052	0.187600736142
443	-0.197771832819	0.178614753906
444	-0.203051792586	0.169749391784
445	-0.208331752352	0.161024573575
446	-0.213623692643	0.152479520574
447	-0.21119173059	0.140385882457
448	-0.201326079082	0.132073236098
449	-0.189177639878	0.13290936484
450	-0.176366343188	0.140046814614
451	-0.163555046497	0.151748398773
452	-0.150743749807	0.167057768458
453	-0.137932453117	0.185081805424
454	-0.125121156426	0.205106086262
455	-0.112309859736	0.226600957123
456	-0.0994985630455	0.249186147573
457	-0.0866872663551	0.272590780732
458	-0.0738759696648	0.296620947614
459	-0.0621273443463	0.320924286715
460	-0.0535750030987	0.34534774117
461	-0.0450894564774	0.370587179219
462	-0.0366039098562	0.396497283628
463	-0.0281183632349	0.422954817798
464	-0.0196328166137	0.449863205125
465	-0.0111472699924	0.477146174881
466	-0.00264974284748	0.504730410219
467	-0.00156175746289	0.516442578618
468	-0.0119346336971	0.506301271983
469	-0.025329983469	0.490544615926
470	-0.0398268484245	0.47282709468
471	-0.054426766368	0.455056475365
472	-0.0690266843115	0.437445261382
473	-0.083626602255	0.420013504863
474	-0.0982265201985	0.402784506225
475	-0.112826438142	0.385785431646
476	-0.127426356085	0.369048054746
477	-0.142026274029	0.352609643629
478	-0.156626191972	0.336514013788
479	-0.170061656288	0.319985138465
480	-0.179442047889	0.300841439939
481	-0.187629677421	0.281048800396
482	-0.194638539975	0.260703535759
483	-0.199891339038	0.239624819503
484	-0.203341953849	0.218246865631
485	-0.206682198201	0.198051241992
486	-0.210022442553	0.179527873399
487	-0.213298862541	0.163337598826
488	-0.210591980728	0.157800037999
489	-0.204862625377	0.157736890861
490	-0.198031754843	0.160217720525
491	-0.191076019477	0.163848763575
492	-0.183179813313	0.168152635055
493	-0.173935984698	0.172914716382
494	-0.163350521488	0.178098906127
495	-0.152092151597	0.184328499167
496	-0.140481041745	0.191723324599
497	-0.128869931894	0.199858362547
498	-0.117258822043	0.208647049484
499	-0.105749494447	0.217873927582
500	-0.0950989554955	0.226402295148
501	-0.085574383987	0.233692850025
502	-0.0772285794563	0.239536691023
503	-0.0706388384167	0.243012130766
504	-0.0658512816287	0.24400720315
505	-0.0611740952998	0.244961650782
506	-0.0564969089709	0.246033499997
507	-0.051819722642	0.247221223783
508	-0.0471425363131	0.248523160809
509	-0.0424653499842	0.249937526254
510	-0.0377881636553	0.251462423044
511	-0.0331327891697	0.253091912624
512	-0.0294178854828	0.254633781552
513	-0.0270506042465	0.255941303477
514	-0.0260249576045	0.256974074005
515	-0.0256722176451	0.257460965194
516	-0.0256722176451	0.257460965194
517	-0.0256722176451	0.257460965194
518	-0.0256722176451	0.257460965194
519	-0.0256722176451	0.257460965194
520	-0.0233907297049	0.257948355817
521	-0.0137554280003	0.260832056419
522	-0.00376146442407	0.265195082776
523	0.00623249915211	0.270888281254
524	0.0162264627283	0.277829891541
525	0.0262204263045	0.285929003542
526	0.0362143898806	0.295090325526
527	0.0462083534568	0.305218223722
528	0.056202317033	0.316219839171
529	0.0661962806092	0.32800726821
530	0.0761893888245	0.340498951021
531	0.0858424910947	0.353642733523
532	0.0954515422803	0.367364143512
533	0.105060593466	0.381599017586
534	0.114669644651	0.396292028469
535	0.124278695837	0.411394091782
536	0.133887747022	0.426861793791
537	0.143496798208	0.442656806753
538	0.153105849393	0.458745323083
539	0.162714900579	0.475097526468
540	0.170042463824	0.487896671428
541	0.170016213305	0.488564124462
542	0.169631300914	0.488637025474
543	0.169246388524	0.488710524398
544	0.168931769504	0.488809653812
545	0.169714490428	0.489305930285
546	0.170538242325	0.489829008102
547	0.171361994222	0.490364232032
548	0.172185746119	0.490911562348
549	0.173009498015	0.491470958601
550	0.173834105273	0.492042198807
551	0.174998718476	0.492552756095
552	0.175762480153	0.492338587503
553	0.172063827935	0.484908573797
554	0.160321436333	0.464817593229
555	0.143005464636	0.436832061827
556	0.125689492939	0.410223715278
557	0.108373521241	0.385277995718
558	0.0910575495439	0.362338463958
559	0.0737415778465	0.341809277251
560	0.0564256061491	0.324148719937
561	0.0391096344517	0.309847695377
562	0.0217936627543	0.299388020962
563	0.00447769105692	0.293181123083
564	-0.0129085740109	0.291389768429
565	-0.0313921790238	0.292429509951
566	-0.0499168150086	0.297801417677
567	-0.0684414509933	0.307338713898
568	-0.0869660869781	0.3206699555
569	-0.105490722963	0.337345653997
570	-0.124015358948	0.356897316873
571	-0.142037762474	0.379639033088
572	-0.158845216602	0.404902105226
573	-0.171190256834	0.425391436936
574	-0.175491557683	0.435065358563
575	-0.174219278436	0.436888788278
576	-0.172946999189	0.4387180351
577	-0.171674719943	0.44055302657
578	-0.170402440696	0.442393691204
579	-0.169130161449	0.444239958482
580	-0.167857882202	0.446091758841
581	-0.166402433541	0.447816682855
582	-0.164784049398	0.449430191775
583	-0.163165665254	0.451050217284
584	-0.161547281111	0.452676689417
585	-0.159928896967	0.454309538935
586	-0.158289520066	0.455979817202
587	-0.156302492265	0.458173457229
588	-0.154302423613	0.460396016926
589	-0.152302354961	0.462628026057
590	-0.150302286309	0.464869348511
591	-0.148804450115	0.466363229031
592	-0.14807666071	0.466700898755
593	-0.147348871304	0.46704017254
594	-0.146621081899	0.467381046891
595	-0.145893292494	0.467723518309
596	-0.144190287774	0.4674189752
597	-0.141311060605	0.466378700236
598	-0.13754154652	0.464864020118
599	-0.13353907765	0.463336544172
600	-0.12953660878	0.461945762636
601	-0.125717309324	0.460782094083
602	-0.12206094535	0.459817303734
603	-0.118404581377	0.458966822584
604	-0.114748217403	0.458231287111
605	-0.111091853429	0.457611251584
606	-0.107456482214	0.457075756512
607	-0.104168761898	0.45613769917
608	-0.100894082433	0.455300171485
609	-0.0981426278701	0.453808371887
610	-0.0975632723168	0.449253590431
611	-0.0992224929491	0.441641940257
612	-0.101863913399	0.43291888726
613	-0.104523365699	0.424547005924
614	-0.107605415807	0.416571223883
615	-0.111247412581	0.409030127675
616	-0.116295279238	0.401789644622
617	-0.122546032513	0.394645051376
618	-0.129687072703	0.387532753832
619	-0.137061067678	0.380557456007
620	-0.144435062654	0.373779315741
621	-0.15180905763	0.367209250908
622	-0.159183052605	0.360858626823
623	-0.166557047581	0.354739229119
624	-0.173931042556	0.34886322581
625	-0.181305037532	0.343243117181
626	-0.188679032507	0.337891672264
627	-0.196053027483	0.332821850848
628	-0.203427022458	0.328046710305
629	-0.210277792532	0.324009162926
630	-0.214956463596	0.321957894536
631	-0.217396558474	0.32179142251
632	-0.218854453535	0.322470551388
633	-0.220294316746	0.323204315301
634	-0.221311582149	0.323760251712
635	-0.221768900885	0.324020253237
636	-0.221795565053	0.324035605069
637	-0.221795565053	0.324035605069
638	-0.221795565053	0.324035605069
639	-0.221795565053	0.324035605069
640	-0.221795565053	0.324035605069
641	-0.221795565053	0.324035605069
642	-0.221795565053	0.324035605069
643	-0.221510694596	0.324221167271
644	-0.220552784641	0.32485385958
645	-0.219594342218	0.325500293614
646	-0.218635899795	0.326160041781
647	-0.217677457372	0.326833023452
648	-0.216719014949	0.327519157052
649	-0.21527083728	0.32735927786
650	-0.210606533902	0.321590395886
651	-0.205258220031	0.314684729897
652	-0.19990990616	0.307846554855
653	-0.194561592289	0.301080469384
654	-0.189213278418	0.294391444093
655	-0.183864964547	0.287784852394
656	-0.178499156851	0.281280224372
657	-0.173119036025	0.274881339549
658	-0.167141579899	0.269054238394
659	-0.160584600691	0.263803291626
660	-0.154027621483	0.258683200878
661	-0.147470642275	0.253701888897
662	-0.140913663067	0.248867689168
663	-0.134070248372	0.243061838081
664	-0.124614941534	0.232061040823
665	-0.111286135889	0.216407853141
666	-0.0956825091999	0.199979967793
667	-0.0792040371021	0.186717977846
668	-0.0627182494046	0.176627336536
669	-0.0467221969534	0.170494974074
670	-0.0339422702103	0.168930281801
671	-0.0218463539608	0.169729752761
672	-0.00975043771121	0.172544600927
673	0.00234547853835	0.177278851303
674	0.0126076118849	0.182836773919
675	0.0153960668642	0.185238801585
676	0.0172625900634	0.187249976696
677	0.0191148001329	0.189328319808
678	0.0203696749023	0.190850373969
679	0.0210450265897	0.191791363538
680	0.0217203782772	0.192752933376
681	0.0223957299646	0.193734777042
682	0.023071081652	0.19473658788
683	0.0222965552324	0.195292953834
684	0.016428036207	0.194440561503
685	0.00560164665998	0.193188722578
686	-0.00750861588285	0.193098651173
687	-0.0214937238342	0.19396935084
688	-0.0354861473852	0.196785732274
689	-0.0494785709362	0.201475861
690	-0.0634709944872	0.207912970936
691	-0.0774634180382	0.215940888159
692	-0.0914558415892	0.22538969287
693	-0.10544826514	0.236088845361
694	-0.117606905788	0.245801907848
695	-0.122291868069	0.24762172686
696	-0.126072392395	0.248717996499
697	-0.129852916721	0.250105762607
698	-0.133633441047	0.251780205205
699	-0.137413965372	0.253735648884
700	-0.141194489698	0.255965653621
701	-0.144975014024	0.258463112823
702	-0.14875553835	0.261220355417
703	-0.151657490513	0.263507995086
704	-0.152750381712	0.264407188567
705	-0.152759433663	0.264414721178
706	-0.152759433663	0.264414721178
707	-0.152759433663	0.264414721178
708	-0.152759433663	0.264414721178
709	-0.152759433663	0.264414721178
710	-0.152759433663	0.264414721178
711	-0.152759433663	0.264414721178
712	-0.152759433663	0.264414721178
713	-0.152759433663	0.264414721178
714	-0.152759433663	0.264414721178
715	-0.152759433663	0.264414721178
716	-0.152759433663	0.264414721178
717	-0.152759433663	0.264414721178
718	-0.152759433663	0.264414721178
719	-0.152759433663	0.264414721178
720	-0.152759433663	0.264414721178
721	-0.152759433663	0.264414721178
722	-0.152759433663	0.264414721178
723	-0.152759433663	0.264414721178
724	-0.152717368687	0.264379728459
725	-0.151438113496	0.263329961785
726	-0.147994374933	0.260644717005
727	-0.142403724335	0.25673575283
728	-0.136014104667	0.252979214387
729	-0.129624484999	0.25001371887
730	-0.123234865331	0.247867660083
731	-0.116845245663	0.24656243588
732	-0.110455625995	0.246111424441
733	-0.104066006328	0.2465193142
734	-0.0976763866598	0.247781863516
735	-0.0912867669919	0.249886118225
736	-0.0849826084985	0.25276664114
737	-0.0793618735625	0.255986817753
738	-0.0738774507756	0.259698696368
739	-0.0683930279888	0.263949460667
740	-0.062908605202	0.26871353806
741	-0.0574241824152	0.273964151206
742	-0.0519397596284	0.279673898701
743	-0.0464553368415	0.285815265412
744	-0.041012979031	0.292309375711
745	-0.0368078114349	0.297583494707
746	-0.0347671272113	0.300219541051
747	-0.0348733550223	0.300081118669
748	-0.0357785519033	0.298906918701
749	-0.0366837487843	0.297742349227
750	-0.0375889456654	0.296587523692
751	-0.0384941425464	0.295442556358
752	-0.0393993394275	0.29430756228
753	-0.0403045363085	0.293182657287
754	-0.0412097331896	0.292067957954
755	-0.0421149300706	0.290963581575
756	-0.0429346657772	0.289972476885
757	-0.0430709779264	0.28980850461
758	-0.0430709779264	0.28980850461
759	-0.0430709779264	0.28980850461
760	-0.0430709779264	0.28980850461
761	-0.0430709779264	0.28980850461
762	-0.0430709779264	0.28980850461
763	-0.0430709779264	0.28980850461
764	-0.0430709779264	0.28980850461
765	-0.0430709779264	0.28980850461
766	-0.0430709779264	0.28980850461
767	-0.0430709779264	0.28980850461
768	-0.0430709779264	0.28980850461
769	-0.0430709779264	0.28980850461
770	-0.0430709779264	0.28980850461
771	-0.0430709779264	0.28980850461
772	-0.0430709779264	0.28980850461
773	-0.0430709779264	0.28980850461
774	-0.0430709779264	0.28980850461
775	-0.0430709779264	0.28980850461
776	-0.0430709779264	0.28980850461
777	-0.0430709779264	0.28980850461
778	-0.0430709779264	0.28980850461
779	-0.0430709779264	0.28980850461
780	-0.0430709779264	0.28980850461
781	-0.0430709779264	0.28980850461
782	-0.0430709779264	0.28980850461
783	-0.0430709779264	0.28980850461
784	-0.0430709779264	0.28980850461
785	-0.0430709779264	0.28980850461
786	-0.0430709779264	0.28980850461
787	-0.0430709779264	0.28980850461
788	-0.0430709779264	0.28980850461
789	-0.0399846804111	0.285982104626
790	-0.0296594532924	0.27375110623
791	-0.0198211597981	0.262998375735
792	-0.00998286630393	0.253239381008
793	4.46789919727e-05	0.244788101283
794	0.0119109869135	0.239476260463
795	0.0238485425821	0.235587471084
796	0.0357860982506	0.23311582669
797	0.0477236539192	0.232106604149
798	0.0596612095877	0.232578841772
799	0.070741757767	0.233720460903
800	0.0786493278687	0.233848365413
801	0.0832044779197	0.234250547921
802	0.0847075198636	0.237197817065
803	0.0857294767305	0.24499695899
804	0.0867514335974	0.257455519871
805	0.0877733904643	0.273938512833
806	0.0887953473312	0.293769301014
807	0.0898173041981	0.316318865905
808	0.0908392610651	0.341048349857
809	0.0887749204167	0.363557485319
810	0.0794716501648	0.378146317972
811	0.0706553135375	0.394501892065
812	0.0618389769102	0.411867862574
813	0.0528333884812	0.429938578512
814	0.0419890374266	0.447016733617
815	0.0310734386249	0.464732523337
816	0.0201578398233	0.483077189148
817	0.00924224102163	0.501981789926
818	-0.00167335778001	0.521385422191
819	-0.0117319490923	0.539661049991
820	-0.0186175623271	0.552370315968
821	-0.0221507555113	0.558950241495
822	-0.0226318405882	0.559849130391
823	-0.0226318405882	0.559849130391
824	-0.0226318405882	0.559849130391
825	-0.0226318405882	0.559849130391
826	-0.0226318405882	0.559849130391
827	-0.0226318405882	0.559849130391
828	-0.0226318405882	0.559849130391
829	-0.0226318405882	0.559849130391
830	-0.0226318405882	0.559849130391
831	-0.0226318405882	0.559849130391
832	-0.0226318405882	0.559849130391
833	-0.0226318405882	0.559849130391
834	-0.0226318405882	0.559849130391
835	-0.0226318405882	0.559849130391
836	-0.0226318405882	0.559849130391
837	-0.0226318405882	0.559849130391
838	-0.0226318405882	0.559849130391
839	-0.0226318405882	0.559849130391
840	-0.0226318405882	0.559849130391
841	-0.0222683259507	0.559559926773
842	-0.0209974638315	0.558566241415
843	-0.0188259678959	0.556931239416
844	-0.0155656552344	0.554626755535
845	-0.0123492711957	0.552532098441
846	-0.00939127953711	0.550764210321
847	-0.00615769624359	0.548289112549
848	-0.00108647454096	0.542049520685
849	0.00600306798697	0.531905762595
850	0.0148289892168	0.518402908613
851	0.0239030405008	0.504471621064
852	0.0329770917848	0.490604597587
853	0.0420511430688	0.476807445203
854	0.0511251943529	0.463086409152
855	0.0601992456369	0.449448460666
856	0.0683566531875	0.437673374106
857	0.0744555385472	0.429967598357
858	0.0784767326849	0.426389248768
859	0.0810874184971	0.425689749379
860	0.0836387340618	0.425257811405
861	0.085826534989	0.42500883851
862	0.0901971209466	0.41894310477
863	0.0940526233256	0.412303878224
864	0.0970807533658	0.40503202153
865	0.10054231044	0.396944855298
866	0.10480993163	0.387846611111
867	0.109293510655	0.378876332486
868	0.111639735054	0.374435583028
869	0.111013128811	0.375619279684
870	0.107115541975	0.383019198104
