19/06/2014 14:54:06
id10
C:\Users\Annotations\Desktop\Annotation\Test_Data\G2\Islands.mp4
C:\Users\Annotations\Desktop\Annotation\Trace2011\Ratings\arousal.jpg
Arousal
-1,1
0,255,255	255,255,0	125,125,125
0
0,08	0
0,13	0
0,16	0
0,21	0
0,23	0
0,27	0
0,29	0
0,34	0
0,37	0
0,41	0
0,44	0
0,49	0
0,52	0
0,57	0
0,59	0
0,65	0
0,69	0
0,74	0
0,79	0
0,81	0
0,86	0
0,88	0
0,93	0
0,96	0
1,01	0
1,04	0
1,09	0
1,18	0
1,23	0
1,26	0
1,29	0
1,3	0
1,31	0
1,33	0
1,38	0
1,4	0
1,45	0
1,48	0
1,53	0
1,56	0
1,6	0
1,63	0
1,68	0
1,7	0
1,74	0
1,77	0
1,81	0
1,82	0
1,83	0
1,89	0
1,94	0
1,97	0
2,03	0
2,07	0
2,08	0
2,1	0
2,16	0
2,2	0
2,22	0
2,28	0
2,32	0
2,34	0
2,37	0
2,38	0
2,4	0
2,41	0
2,46	0
2,5	0
2,54	0
2,57	0
2,62	0
2,64	0
2,7	0
2,74	0
2,76	0
2,81	0
2,83	0
2,88	0
2,93	0
3	0
3,06	0
3,11	0
3,14	0
3,2	0
3,26	0
3,32	0
3,36	0
3,38	0
3,44	0
3,49	0
3,51	0
3,57	0
3,63	0
3,68	0
3,7	0
3,73	0
3,75	0
3,77	0
3,81	0
3,83	0
3,87	0
3,9	0
3,96	0
4,02	0
4,06	0
4,08	0
4,14	0
4,19	0
4,21	0
4,26	0
4,29	0
4,35	0
4,39	0
4,42	0
4,47	0
4,49	0
4,56	0
4,62	0
4,68	0
4,73	0
4,77	0
4,82	0
4,86	0
5	0
5,05	0
5,07	0
5,12	0
5,16	0
5,22	0
5,28	0
5,32	0
5,35	0
5,4	0
5,43	0
5,47	0
5,48	0
5,5	0
5,57	0
5,62	0
5,65	0
5,69	0
5,71	0
5,77	0
5,83	0
5,87	0
5,88	0
5,9	0
5,96	0
6,01	0
6,03	0
6,07	0
6,09	0
6,13	0
6,15	0
6,2	0
6,23	0
6,28	0
6,31	0
6,35	0
6,38	0
6,42	0
6,44	0
6,49	0
6,51	0
6,56	0
6,57	0
6,62	-0,0060606
6,63	-0,0151515
6,69	-0,07272726
6,74	-0,1363636
6,76	-0,1575758
6,82	-0,2393939
6,86	-0,2818182
6,88	-0,3030303
6,92	-0,3030303
6,94	-0,3030303
7,01	-0,4060606
7,05	-0,469697
7,07	-0,4909091
7,12	-0,5545455
7,14	-0,5545455
7,2	-0,5545455
7,24	-0,5545455
7,27	-0,5545455
7,32	-0,5545455
7,35	-0,5545455
7,4	-0,5545455
7,42	-0,5545455
7,47	-0,5575758
7,48	-0,5575758
7,53	-0,5575758
7,55	-0,5575758
7,6	-0,5575758
7,62	-0,5575758
7,66	-0,5575758
7,68	-0,5575758
7,73	-0,5575758
7,76	-0,5575758
7,8	-0,5575758
7,82	-0,5575758
7,88	-0,5575758
7,93	-0,5575758
7,95	-0,5575758
8	-0,5575758
8,02	-0,5575758
8,05	-0,5575758
8,08	-0,5575758
8,12	-0,5575758
8,15	-0,5575758
8,2	-0,5575758
8,22	-0,5575758
8,26	-0,5575758
8,28	-0,5575758
8,31	-0,5575758
8,32	-0,5575758
8,35	-0,5575758
8,4	-0,5575758
8,43	-0,5575758
8,48	-0,5575758
8,51	-0,5575758
8,55	-0,5575758
8,58	-0,5575758
8,63	-0,5575758
8,65	-0,5575758
8,69	-0,5575758
8,71	-0,5575758
8,77	-0,5575758
8,82	-0,5575758
8,86	-0,5575758
8,92	-0,5575758
8,99	-0,5575758
9,05	-0,5575758
9,11	-0,5575758
9,17	-0,5575758
9,22	-0,5575758
9,24	-0,5575758
9,29	-0,5575758
9,31	-0,5575758
9,37	-0,5575758
9,41	-0,5575758
9,43	-0,5575758
9,46	-0,5575758
9,47	-0,5575758
9,49	-0,5575758
9,51	-0,5575758
9,52	-0,5575758
9,54	-0,5575758
9,58	-0,5575758
9,64	-0,5575758
9,69	-0,5575758
9,71	-0,5575758
9,77	-0,5575758
9,81	-0,5575758
9,85	-0,5575758
9,9	-0,5575758
9,93	-0,5575758
9,99	-0,5575758
10,05	-0,5575758
10,1	-0,5575758
10,15	-0,5575758
10,2	-0,5575758
10,24	-0,5575758
10,26	-0,5575758
10,31	-0,5575758
10,34	-0,5575758
10,4	-0,5575758
10,5	-0,5575758
10,57	-0,5575758
10,62	-0,5575758
10,64	-0,5575758
10,68	-0,5575758
10,71	-0,5575758
10,75	-0,5575758
10,77	-0,5575758
10,81	-0,5575758
10,84	-0,5575758
10,89	-0,5575758
10,94	-0,5575758
10,98	-0,5575758
11,01	-0,5575758
11,06	-0,5575758
11,08	-0,5575758
11,13	-0,5575758
11,16	-0,5575758
11,22	-0,5575758
11,27	-0,5575758
11,3	-0,5575758
11,36	-0,5575758
11,41	-0,5575758
11,43	-0,5575758
11,49	-0,5575758
11,53	-0,5575758
11,57	-0,5575758
11,61	-0,5575758
11,63	-0,5575758
11,68	-0,5575758
11,71	-0,5575758
11,75	-0,5575758
11,79	-0,5575758
11,84	-0,5575758
11,86	-0,5575758
11,91	-0,5575758
11,93	-0,5575758
11,99	-0,5575758
12,03	-0,5575758
12,05	-0,5575758
12,12	-0,5575758
12,16	-0,5575758
12,18	-0,5575758
12,24	-0,5575758
12,28	-0,5575758
12,31	-0,5575758
12,36	-0,5575758
12,38	-0,5575758
12,44	-0,5575758
12,5	-0,5575758
12,55	-0,5575758
12,58	-0,5575758
12,62	-0,5575758
12,64	-0,5575758
12,69	-0,5575758
12,72	-0,5575758
12,77	-0,5575758
12,8	-0,5575758
12,85	-0,5575758
12,88	-0,5575758
12,92	-0,5575758
12,94	-0,5575758
13	-0,5575758
13,06	-0,5575758
13,11	-0,5575758
13,15	-0,5575758
13,21	-0,5575758
13,26	-0,5575758
13,28	-0,5575758
13,34	-0,5575758
13,39	-0,5575758
13,42	-0,5575758
13,47	-0,5575758
13,5	-0,5575758
13,56	-0,5575758
13,62	-0,5575758
13,67	-0,5575758
13,7	-0,5575758
13,74	-0,5575758
13,77	-0,5575758
13,83	-0,5575758
13,89	-0,5575758
13,93	-0,5575758
13,97	-0,5575758
14,02	-0,5575758
14,04	-0,5575758
14,09	-0,5575758
14,11	-0,5575758
14,15	-0,5575758
14,18	-0,5575758
14,23	-0,5575758
14,28	-0,5575758
14,31	-0,5575758
14,36	-0,5575758
14,39	-0,5575758
14,45	-0,5575758
14,49	-0,5575758
14,52	-0,5575758
14,58	-0,5575758
14,62	-0,5575758
14,66	-0,5575758
14,71	-0,5575758
14,73	-0,5575758
14,78	-0,5575758
14,8	-0,5575758
14,85	-0,5575758
14,88	-0,5575758
14,9	-0,5575758
14,93	-0,5575758
14,97	-0,5575758
15,01	-0,5575758
15,05	-0,5575758
15,08	-0,5575758
15,12	-0,5575758
15,15	-0,5575758
15,21	-0,5575758
15,27	-0,5575758
15,31	-0,5575758
15,32	-0,5575758
15,33	-0,5575758
15,39	-0,5575758
15,42	-0,5575758
15,46	-0,5575758
15,49	-0,5575758
15,52	-0,5575758
15,59	-0,5575758
15,64	-0,5575758
15,67	-0,5575758
15,72	-0,5575758
15,75	-0,5575758
15,81	-0,5575758
15,88	-0,5575758
15,95	-0,5575758
16,07	-0,5575758
16,12	-0,5575758
16,16	-0,5575758
16,2	-0,5575758
16,23	-0,5575758
16,28	-0,5575758
16,3	-0,5575758
16,34	-0,5575758
16,37	-0,5575758
16,43	-0,5575758
16,46	-0,5575758
16,48	-0,5575758
16,5	-0,5575758
16,55	-0,5575758
16,6	-0,5575758
16,65	-0,5575758
16,68	-0,5575758
16,73	-0,5575758
16,76	-0,5575758
16,81	-0,5575758
16,82	-0,5575758
16,89	-0,5575758
16,94	-0,5575758
16,97	-0,5575758
17,01	-0,5575758
17,04	-0,5575758
17,09	-0,5575758
17,12	-0,5575758
17,17	-0,5575758
17,2	-0,5575758
17,25	-0,5575758
17,27	-0,5575758
17,33	-0,5575758
17,37	-0,5575758
17,39	-0,5575758
17,44	-0,5575758
17,45	-0,5575758
17,5	-0,5575758
17,53	-0,5575758
17,54	-0,5575758
17,55	-0,5575758
17,56	-0,5575758
17,57	-0,5575758
17,58	-0,5575758
17,6	-0,5575758
17,61	-0,5575758
17,62	-0,5575758
17,63	-0,5575758
17,64	-0,5575758
17,66	-0,5575758
17,7	-0,5575758
17,73	-0,5575758
17,76	-0,5575758
17,79	-0,5575758
17,82	-0,5575758
17,85	-0,5575758
17,89	-0,5575758
17,92	-0,5575758
17,97	-0,5575758
18	-0,5575758
18,05	-0,5575758
18,06	-0,5575758
18,1	-0,5575758
18,13	-0,5575758
18,18	-0,5545455
18,25	-0,5454545
18,28	-0,5424242
18,3	-0,5393939
18,32	-0,5363636
18,35	-0,5333333
18,37	-0,530303
18,4	-0,5272727
18,44	-0,5242424
18,46	-0,5242424
18,51	-0,5242424
18,54	-0,5242424
18,57	-0,5212121
18,59	-0,5212121
18,62	-0,5212121
18,67	-0,5212121
18,7	-0,5212121
18,72	-0,5212121
18,74	-0,5212121
18,75	-0,5212121
18,76	-0,5212121
18,77	-0,5212121
18,78	-0,5212121
18,79	-0,5212121
18,8	-0,5212121
18,81	-0,5212121
18,82	-0,5212121
18,87	-0,5212121
18,89	-0,5212121
18,95	-0,5212121
18,99	-0,5212121
19,02	-0,5212121
19,07	-0,5212121
19,1	-0,5212121
19,15	-0,5212121
19,17	-0,5212121
19,19	-0,5212121
19,21	-0,5212121
19,23	-0,5212121
19,27	-0,5212121
19,29	-0,5212121
19,34	-0,5212121
19,36	-0,5212121
19,37	-0,5212121
19,39	-0,5212121
19,41	-0,5212121
19,42	-0,5212121
19,46	-0,5212121
19,47	-0,5212121
19,48	-0,5212121
19,53	-0,5212121
19,56	-0,5212121
19,59	-0,5212121
19,63	-0,5212121
19,68	-0,5212121
19,71	-0,5151515
19,74	-0,5121212
19,75	-0,5121212
19,77	-0,5060606
19,79	-0,5060606
19,8	-0,5060606
19,82	-0,5030303
19,84	-0,5
19,88	-0,4969697
19,89	-0,4939394
19,92	-0,4939394
19,93	-0,4909091
19,94	-0,4909091
19,97	-0,4848485
19,99	-0,4818182
20,03	-0,4787879
20,05	-0,4787879
20,1	-0,4727273
20,13	-0,469697
20,17	-0,4636363
20,2	-0,460606
20,22	-0,4575757
20,25	-0,4545454
20,3	-0,4545454
20,33	-0,4545454
20,37	-0,4545454
20,39	-0,4545454
20,44	-0,4545454
20,49	-0,4424242
20,54	-0,430303
20,58	-0,4242424
20,63	-0,4151515
20,68	-0,4121212
20,72	-0,4090909
20,74	-0,4090909
20,78	-0,4090909
20,8	-0,4090909
20,85	-0,4090909
20,89	-0,4090909
20,94	-0,4090909
20,97	-0,4090909
21,02	-0,4060606
21,08	-0,4
21,15	-0,3909091
21,19	-0,3848485
21,22	-0,3848485
21,33	-0,3727273
21,38	-0,3666667
21,42	-0,3636364
21,47	-0,3636364
21,49	-0,3636364
21,55	-0,3636364
21,61	-0,3636364
21,63	-0,3636364
21,66	-0,3636364
21,68	-0,3636364
21,75	-0,3636364
21,8	-0,3636364
21,83	-0,3636364
21,89	-0,3636364
21,93	-0,3636364
21,96	-0,3636364
22,01	-0,3636364
22,05	-0,3636364
22,09	-0,3636364
22,12	-0,3636364
22,17	-0,3636364
22,21	-0,3636364
22,26	-0,3636364
22,28	-0,3636364
22,34	-0,3636364
22,38	-0,3636364
22,4	-0,3636364
22,45	-0,3636364
22,47	-0,3636364
22,52	-0,3636364
22,57	-0,3636364
22,62	-0,3636364
22,65	-0,3636364
22,69	-0,3636364
22,73	-0,3636364
22,78	-0,3636364
22,79	-0,3636364
22,84	-0,3636364
22,87	-0,3636364
22,94	-0,3636364
22,99	-0,3636364
23,02	-0,3636364
23,08	-0,3636364
23,13	-0,3636364
23,15	-0,3636364
23,2	-0,3636364
23,23	-0,3636364
23,28	-0,3636364
23,32	-0,3636364
23,34	-0,3636364
23,37	-0,3636364
23,4	-0,3636364
23,43	-0,3636364
23,46	-0,3636364
23,49	-0,3636364
23,52	-0,3636364
23,54	-0,3636364
23,58	-0,3636364
23,6	-0,3636364
23,66	-0,3636364
23,68	-0,3636364
23,73	-0,3636364
23,76	-0,3636364
23,82	-0,3636364
23,87	-0,3636364
23,89	-0,3636364
23,93	-0,3636364
23,96	-0,3636364
24,01	-0,3636364
24,03	-0,3636364
24,08	-0,3636364
24,1	-0,3636364
24,17	-0,3636364
24,22	-0,3636364
24,26	-0,3636364
24,29	-0,3636364
24,33	-0,3636364
24,36	-0,3636364
24,41	-0,3636364
24,43	-0,3636364
24,47	-0,3636364
24,5	-0,3636364
24,57	-0,3636364
24,62	-0,3636364
24,65	-0,3636364
24,7	-0,3636364
24,72	-0,3636364
24,73	-0,3636364
24,75	-0,3636364
24,76	-0,3636364
24,79	-0,3636364
24,85	-0,3636364
24,88	-0,3636364
24,91	-0,3636364
24,93	-0,3636364
24,99	-0,3636364
25,04	-0,3636364
25,06	-0,3636364
25,12	-0,3636364
25,16	-0,3636364
25,19	-0,3636364
25,24	-0,3636364
25,26	-0,3636364
25,31	-0,3636364
25,35	-0,3636364
25,39	-0,3636364
25,41	-0,3636364
25,47	-0,3636364
25,49	-0,3636364
25,54	-0,3636364
25,6	-0,3636364
25,62	-0,3636364
25,64	-0,3636364
25,68	-0,3636364
25,74	-0,3636364
25,78	-0,3636364
25,81	-0,3636364
25,86	-0,3636364
25,87	-0,3636364
25,91	-0,3636364
25,94	-0,3636364
26,01	-0,3636364
26,05	-0,3636364
26,08	-0,3636364
26,12	-0,3636364
26,15	-0,3636364
26,2	-0,3636364
26,23	-0,3636364
26,27	-0,3606061
26,29	-0,3606061
26,31	-0,3545455
26,36	-0,3515152
26,39	-0,3484849
26,43	-0,3424242
26,45	-0,3393939
26,51	-0,3333333
26,57	-0,3272727
26,59	-0,3242424
26,65	-0,3181818
26,67	-0,3181818
26,71	-0,3121212
26,72	-0,3121212
26,74	-0,3090909
26,79	-0,3030303
26,81	-0,3
26,92	-0,2909091
26,96	-0,2848485
26,98	-0,2818182
27,03	-0,2757576
27,06	-0,2757576
27,11	-0,269697
27,16	-0,269697
27,18	-0,269697
27,23	-0,269697
27,25	-0,269697
27,3	-0,269697
27,33	-0,269697
27,38	-0,269697
27,41	-0,269697
27,46	-0,269697
27,48	-0,269697
27,55	-0,269697
27,63	-0,269697
27,69	-0,269697
27,74	-0,269697
27,79	-0,269697
27,81	-0,269697
27,87	-0,269697
27,92	-0,269697
27,94	-0,269697
28	-0,269697
28,08	-0,269697
28,13	-0,269697
28,14	-0,269697
28,18	-0,269697
28,21	-0,269697
28,27	-0,269697
28,29	-0,269697
28,35	-0,269697
28,4	-0,269697
28,42	-0,269697
28,49	-0,269697
28,54	-0,269697
28,57	-0,269697
28,62	-0,269697
28,64	-0,269697
28,69	-0,269697
28,71	-0,269697
28,74	-0,269697
28,77	-0,269697
28,81	-0,269697
28,82	-0,269697
28,84	-0,269697
28,87	-0,269697
28,9	-0,269697
28,92	-0,269697
28,94	-0,269697
28,96	-0,269697
28,97	-0,269697
28,98	-0,269697
28,99	-0,269697
29,01	-0,269697
29,03	-0,269697
29,06	-0,269697
29,09	-0,269697
29,12	-0,269697
29,14	-0,269697
29,16	-0,269697
29,2	-0,269697
29,24	-0,269697
29,27	-0,269697
29,33	-0,269697
29,35	-0,269697
29,42	-0,269697
29,47	-0,269697
29,5	-0,269697
29,54	-0,269697
29,57	-0,269697
29,62	-0,269697
29,64	-0,269697
29,68	-0,269697
29,71	-0,269697
29,77	-0,269697
29,79	-0,269697
29,85	-0,269697
29,87	-0,269697
29,94	-0,269697
29,95	-0,269697
29,97	-0,269697
29,99	-0,269697
30,01	-0,269697
30,05	-0,269697
30,07	-0,269697
30,11	-0,269697
30,13	-0,269697
30,18	-0,269697
30,21	-0,269697
30,27	-0,269697
30,3	-0,269697
30,36	-0,269697
30,39	-0,269697
30,42	-0,269697
30,47	-0,269697
30,5	-0,269697
30,54	-0,269697
30,55	-0,269697
30,59	-0,269697
30,61	-0,269697
30,66	-0,269697
30,68	-0,269697
30,72	-0,269697
30,75	-0,269697
30,79	-0,269697
30,81	-0,269697
30,84	-0,269697
30,87	-0,269697
30,93	-0,269697
30,95	-0,269697
31	-0,269697
31,02	-0,269697
31,07	-0,269697
31,1	-0,269697
31,15	-0,269697
31,2	-0,269697
31,23	-0,269697
31,27	-0,269697
31,3	-0,269697
31,36	-0,269697
31,41	-0,269697
31,43	-0,269697
31,48	-0,269697
31,5	-0,269697
31,57	-0,269697
31,62	-0,269697
31,68	-0,269697
31,73	-0,269697
31,76	-0,269697
31,81	-0,269697
31,84	-0,269697
31,9	-0,269697
31,94	-0,269697
31,97	-0,269697
32,03	-0,269697
32,1	-0,269697
32,15	-0,269697
32,17	-0,269697
32,23	-0,269697
32,28	-0,269697
32,31	-0,269697
32,36	-0,269697
32,47	-0,269697
32,51	-0,269697
32,53	-0,269697
32,58	-0,269697
32,6	-0,269697
32,65	-0,269697
32,68	-0,269697
32,73	-0,269697
32,75	-0,269697
32,8	-0,269697
32,82	-0,269697
32,84	-0,269697
32,87	-0,269697
32,89	-0,269697
32,96	-0,269697
32,99	-0,269697
33,01	-0,269697
33,04	-0,269697
33,11	-0,269697
33,16	-0,269697
33,22	-0,269697
33,25	-0,269697
33,3	-0,269697
33,32	-0,269697
33,33	-0,269697
33,34	-0,269697
33,36	-0,269697
33,38	-0,269697
33,4	-0,269697
33,44	-0,269697
33,47	-0,269697
33,52	-0,269697
33,55	-0,269697
33,6	-0,269697
33,65	-0,269697
33,69	-0,269697
33,73	-0,269697
33,76	-0,269697
33,77	-0,269697
33,81	-0,269697
33,84	-0,269697
33,89	-0,269697
33,91	-0,269697
33,94	-0,269697
33,96	-0,269697
33,99	-0,269697
34,04	-0,269697
34,07	-0,269697
34,11	-0,269697
34,13	-0,269697
34,14	-0,269697
34,15	-0,269697
34,16	-0,269697
34,17	-0,269697
34,18	-0,269697
34,19	-0,269697
34,2	-0,269697
34,21	-0,269697
34,22	-0,269697
34,23	-0,269697
34,26	-0,269697
34,3	-0,269697
34,31	-0,269697
34,32	-0,269697
34,34	-0,269697
34,36	-0,269697
34,39	-0,269697
34,43	-0,269697
34,45	-0,269697
34,49	-0,269697
34,52	-0,269697
34,57	-0,269697
34,59	-0,269697
34,63	-0,269697
34,65	-0,269697
34,71	-0,269697
34,75	-0,269697
34,79	-0,269697
34,82	-0,269697
34,87	-0,269697
34,89	-0,269697
34,94	-0,269697
34,96	-0,269697
35	-0,269697
35,03	-0,269697
35,07	-0,269697
35,1	-0,269697
35,14	-0,269697
35,16	-0,269697
35,21	-0,269697
35,24	-0,269697
35,28	-0,269697
35,3	-0,269697
35,36	-0,269697
35,38	-0,269697
35,44	-0,269697
35,47	-0,269697
35,51	-0,269697
35,56	-0,269697
35,61	-0,269697
35,64	-0,269697
35,68	-0,269697
35,71	-0,269697
35,76	-0,269697
35,78	-0,269697
35,8	-0,269697
35,82	-0,269697
35,84	-0,269697
35,89	-0,269697
35,91	-0,269697
35,96	-0,269697
35,98	-0,269697
36,03	-0,269697
36,05	-0,269697
36,1	-0,269697
36,12	-0,269697
36,17	-0,269697
36,23	-0,269697
36,25	-0,269697
36,29	-0,269697
36,31	-0,269697
36,35	-0,269697
36,38	-0,269697
36,41	-0,269697
36,42	-0,269697
36,44	-0,269697
36,48	-0,269697
36,5	-0,269697
36,53	-0,269697
36,57	-0,269697
36,59	-0,269697
36,62	-0,269697
36,63	-0,269697
36,67	-0,269697
36,71	-0,269697
36,74	-0,269697
36,76	-0,269697
36,8	-0,269697
36,83	-0,269697
36,88	-0,269697
36,9	-0,269697
36,92	-0,269697
36,93	-0,269697
36,95	-0,269697
37,01	-0,269697
37,05	-0,269697
37,1	-0,269697
37,16	-0,269697
37,18	-0,269697
37,24	-0,269697
37,31	-0,269697
37,37	-0,269697
37,43	-0,269697
37,49	-0,269697
37,54	-0,269697
37,57	-0,269697
37,63	-0,269697
37,67	-0,269697
37,71	-0,269697
37,78	-0,269697
37,88	-0,269697
37,92	-0,269697
37,97	-0,269697
38,02	-0,269697
38,04	-0,269697
38,1	-0,269697
38,13	-0,269697
38,15	-0,269697
38,18	-0,269697
38,22	-0,269697
38,26	-0,269697
38,31	-0,269697
38,33	-0,269697
38,36	-0,269697
38,38	-0,269697
38,4	-0,269697
38,45	-0,269697
38,47	-0,269697
38,52	-0,269697
38,55	-0,269697
38,6	-0,269697
38,63	-0,269697
38,66	-0,269697
38,69	-0,269697
38,73	-0,269697
38,78	-0,269697
38,82	-0,269697
38,84	-0,269697
38,88	-0,269697
38,9	-0,269697
38,94	-0,269697
38,96	-0,269697
39,01	-0,269697
39,02	-0,269697
39,06	-0,269697
39,08	-0,269697
39,12	-0,269697
39,15	-0,269697
39,2	-0,269697
39,23	-0,269697
39,27	-0,269697
39,29	-0,269697
39,35	-0,269697
39,39	-0,269697
39,41	-0,269697
39,47	-0,269697
39,51	-0,269697
39,56	-0,269697
39,61	-0,269697
39,64	-0,269697
39,69	-0,269697
39,72	-0,269697
39,77	-0,269697
39,79	-0,269697
39,84	-0,269697
39,9	-0,269697
39,97	-0,269697
40,03	-0,269697
40,08	-0,269697
40,11	-0,269697
40,15	-0,269697
40,18	-0,269697
40,23	-0,269697
40,27	-0,269697
40,3	-0,269697
40,33	-0,269697
40,36	-0,269697
40,39	-0,269697
40,43	-0,269697
40,45	-0,269697
40,49	-0,269697
40,52	-0,269697
40,57	-0,269697
40,58	-0,269697
40,62	-0,269697
40,65	-0,269697
40,7	-0,269697
40,73	-0,269697
40,78	-0,269697
40,8	-0,269697
40,84	-0,269697
40,87	-0,269697
40,9	-0,269697
40,92	-0,269697
40,97	-0,269697
40,98	-0,269697
41,01	-0,269697
41,04	-0,269697
41,07	-0,269697
41,09	-0,269697
41,1	-0,269697
41,13	-0,269697
41,18	-0,269697
41,21	-0,269697
41,25	-0,269697
41,27	-0,269697
41,31	-0,269697
41,34	-0,269697
41,4	-0,269697
41,45	-0,269697
41,48	-0,269697
41,55	-0,269697
41,61	-0,269697
41,67	-0,269697
41,72	-0,269697
41,74	-0,269697
41,79	-0,269697
41,81	-0,269697
41,87	-0,269697
41,91	-0,269697
41,93	-0,269697
41,99	-0,269697
42,05	-0,269697
42,09	-0,269697
42,11	-0,269697
42,16	-0,269697
42,23	-0,269697
42,28	-0,269697
42,31	-0,269697
42,36	-0,269697
42,38	-0,269697
42,42	-0,269697
42,44	-0,269697
42,51	-0,269697
42,57	-0,269697
42,62	-0,269697
42,64	-0,269697
42,67	-0,269697
42,69	-0,269697
42,73	-0,269697
42,78	-0,269697
42,8	-0,269697
42,85	-0,269697
42,88	-0,269697
42,92	-0,269697
42,93	-0,269697
42,95	-0,269697
42,97	-0,269697
42,99	-0,269697
43,02	-0,269697
43,07	-0,269697
43,1	-0,269697
43,14	-0,269697
43,17	-0,269697
43,21	-0,269697
43,29	-0,269697
43,34	-0,269697
43,37	-0,269697
43,43	-0,269697
43,48	-0,269697
43,5	-0,269697
43,55	-0,269697
43,58	-0,269697
43,63	-0,269697
43,66	-0,269697
43,7	-0,269697
43,73	-0,269697
43,78	-0,269697
43,81	-0,269697
43,87	-0,269697
43,92	-0,269697
43,95	-0,269697
43,99	-0,269697
44,01	-0,269697
44,06	-0,269697
44,1	-0,269697
44,14	-0,269697
44,16	-0,269697
44,21	-0,269697
44,23	-0,269697
44,27	-0,269697
44,29	-0,269697
44,35	-0,269697
44,39	-0,269697
44,41	-0,269697
44,47	-0,269697
44,52	-0,269697
44,55	-0,269697
44,58	-0,269697
44,6	-0,269697
44,61	-0,269697
44,66	-0,269697
44,68	-0,269697
44,73	-0,269697
44,75	-0,269697
44,81	-0,269697
44,86	-0,269697
44,89	-0,269697
44,93	-0,269697
44,96	-0,269697
45,01	-0,269697
45,04	-0,269697
45,05	-0,269697
45,08	-0,269697
45,09	-0,269697
45,13	-0,269697
45,16	-0,269697
45,18	-0,269697
45,19	-0,269697
45,23	-0,269697
45,28	-0,269697
45,31	-0,269697
45,37	-0,269697
45,41	-0,269697
45,44	-0,269697
45,49	-0,269697
45,52	-0,269697
45,58	-0,269697
45,64	-0,269697
45,69	-0,269697
45,72	-0,269697
45,78	-0,269697
45,83	-0,269697
45,86	-0,269697
45,92	-0,269697
45,97	-0,269697
45,99	-0,269697
46,06	-0,269697
46,11	-0,269697
46,15	-0,269697
46,2	-0,269697
46,24	-0,269697
46,31	-0,269697
46,36	-0,269697
46,38	-0,269697
46,43	-0,269697
46,46	-0,269697
46,51	-0,269697
46,55	-0,269697
46,61	-0,269697
46,67	-0,269697
46,73	-0,269697
46,78	-0,269697
46,81	-0,269697
46,86	-0,269697
46,88	-0,269697
46,94	-0,269697
46,99	-0,269697
47,02	-0,269697
47,07	-0,269697
47,09	-0,269697
47,15	-0,269697
47,2	-0,269697
47,23	-0,269697
47,25	-0,269697
47,26	-0,269697
47,27	-0,269697
47,28	-0,269697
47,3	-0,269697
47,35	-0,269697
47,38	-0,269697
47,44	-0,269697
47,48	-0,269697
47,51	-0,269697
47,56	-0,269697
47,57	-0,269697
47,61	-0,269697
47,63	-0,269697
47,65	-0,269697
47,68	-0,269697
47,73	-0,269697
47,74	-0,269697
47,75	-0,269697
47,76	-0,269697
47,77	-0,269697
47,78	-0,269697
47,79	-0,269697
47,8	-0,269697
47,82	-0,269697
47,83	-0,269697
47,86	-0,269697
47,87	-0,269697
47,88	-0,269697
47,89	-0,269697
47,9	-0,269697
47,91	-0,269697
47,92	-0,269697
47,95	-0,269697
47,97	-0,269697
47,99	-0,269697
48,03	-0,269697
48,06	-0,269697
48,1	-0,269697
48,11	-0,269697
48,12	-0,269697
48,14	-0,269697
48,15	-0,269697
48,16	-0,269697
48,18	-0,269697
48,2	-0,269697
48,22	-0,269697
48,25	-0,269697
48,27	-0,269697
48,3	-0,269697
48,32	-0,269697
48,33	-0,269697
48,34	-0,269697
48,35	-0,269697
48,37	-0,269697
48,38	-0,269697
48,39	-0,269697
48,4	-0,269697
48,41	-0,269697
48,42	-0,269697
48,44	-0,269697
48,46	-0,269697
48,54	-0,269697
48,56	-0,269697
48,58	-0,269697
48,59	-0,269697
48,6	-0,269697
48,61	-0,269697
48,62	-0,269697
48,63	-0,269697
48,66	-0,269697
48,67	-0,269697
48,68	-0,269697
48,69	-0,269697
48,71	-0,269697
48,74	-0,269697
48,77	-0,269697
48,78	-0,269697
48,79	-0,269697
48,81	-0,269697
48,83	-0,269697
48,84	-0,269697
48,85	-0,269697
48,86	-0,269697
48,87	-0,269697
48,88	-0,269697
48,89	-0,269697
48,9	-0,269697
48,91	-0,269697
48,92	-0,269697
48,93	-0,269697
48,94	-0,269697
48,95	-0,269697
48,96	-0,269697
48,98	-0,269697
49	-0,269697
49,06	-0,269697
49,11	-0,269697
49,12	-0,269697
49,16	-0,269697
49,18	-0,269697
49,2	-0,269697
49,22	-0,269697
49,25	-0,269697
49,28	-0,269697
49,3	-0,269697
49,33	-0,269697
49,37	-0,269697
49,38	-0,269697
49,4	-0,269697
49,42	-0,269697
49,47	-0,269697
49,49	-0,269697
49,5	-0,269697
49,51	-0,269697
49,52	-0,269697
49,55	-0,269697
49,58	-0,269697
49,59	-0,269697
49,61	-0,269697
49,65	-0,269697
49,66	-0,269697
49,67	-0,269697
49,68	-0,269697
49,69	-0,269697
49,71	-0,269697
49,73	-0,269697
49,77	-0,269697
49,78	-0,269697
49,79	-0,269697
49,83	-0,269697
49,85	-0,269697
49,91	-0,269697
49,95	-0,269697
49,97	-0,269697
50	-0,269697
50,01	-0,269697
50,02	-0,269697
50,04	-0,269697
50,08	-0,269697
50,09	-0,269697
50,1	-0,269697
50,15	-0,269697
50,16	-0,269697
50,18	-0,269697
50,19	-0,269697
50,22	-0,269697
50,24	-0,269697
50,25	-0,269697
50,26	-0,269697
50,27	-0,269697
50,28	-0,269697
50,29	-0,269697
50,3	-0,269697
50,32	-0,269697
50,33	-0,269697
50,34	-0,269697
50,35	-0,269697
50,36	-0,269697
50,37	-0,269697
50,38	-0,269697
50,39	-0,269697
50,42	-0,269697
50,48	-0,269697
50,53	-0,269697
50,56	-0,269697
50,61	-0,269697
50,63	-0,269697
50,68	-0,269697
50,7	-0,269697
50,73	-0,269697
50,74	-0,269697
50,76	-0,269697
50,8	-0,269697
50,82	-0,269697
50,86	-0,269697
50,88	-0,269697
50,93	-0,269697
50,95	-0,269697
50,97	-0,269697
51,01	-0,269697
51,04	-0,269697
51,05	-0,269697
51,08	-0,269697
51,11	-0,269697
51,12	-0,269697
51,13	-0,269697
51,14	-0,269697
51,15	-0,269697
51,16	-0,269697
51,17	-0,269697
51,19	-0,269697
51,23	-0,269697
51,24	-0,269697
51,25	-0,269697
51,28	-0,269697
51,3	-0,269697
51,36	-0,269697
51,38	-0,269697
51,39	-0,269697
51,4	-0,269697
51,41	-0,269697
51,42	-0,269697
51,44	-0,269697
51,46	-0,269697
51,47	-0,269697
51,49	-0,269697
51,5	-0,269697
51,51	-0,269697
51,52	-0,269697
51,53	-0,269697
51,54	-0,269697
51,55	-0,269697
51,57	-0,269697
51,58	-0,269697
51,59	-0,269697
51,61	-0,269697
51,62	-0,269697
51,63	-0,269697
51,65	-0,269697
51,66	-0,269697
51,67	-0,269697
51,7	-0,269697
51,71	-0,269697
51,72	-0,269697
51,75	-0,269697
51,76	-0,269697
51,79	-0,269697
51,83	-0,269697
51,85	-0,269697
51,89	-0,269697
51,91	-0,269697
51,95	-0,269697
51,98	-0,269697
52,02	-0,269697
52,05	-0,269697
52,08	-0,269697
52,1	-0,269697
52,13	-0,269697
52,18	-0,269697
52,21	-0,269697
52,27	-0,269697
52,29	-0,269697
52,31	-0,269697
52,32	-0,269697
52,34	-0,269697
52,37	-0,269697
52,38	-0,269697
52,39	-0,269697
52,42	-0,269697
52,46	-0,269697
52,47	-0,269697
52,49	-0,269697
52,52	-0,269697
52,54	-0,269697
52,55	-0,269697
52,56	-0,269697
52,57	-0,269697
52,6	-0,269697
52,62	-0,269697
52,67	-0,269697
52,68	-0,269697
52,69	-0,269697
52,7	-0,269697
52,71	-0,269697
52,72	-0,269697
52,74	-0,269697
52,75	-0,269697
52,76	-0,269697
52,77	-0,269697
52,78	-0,269697
52,79	-0,269697
52,8	-0,269697
52,82	-0,269697
52,84	-0,269697
52,87	-0,269697
52,89	-0,269697
52,91	-0,269697
52,92	-0,269697
52,93	-0,269697
52,95	-0,269697
52,98	-0,269697
52,99	-0,269697
53,03	-0,269697
53,12	-0,269697
53,17	-0,269697
53,2	-0,269697
53,24	-0,269697
53,26	-0,269697
53,31	-0,269697
53,34	-0,269697
53,38	-0,269697
53,41	-0,269697
53,47	-0,269697
53,5	-0,269697
53,54	-0,269697
53,58	-0,269697
53,6	-0,269697
53,62	-0,269697
53,64	-0,269697
53,69	-0,269697
53,71	-0,269697
53,76	-0,269697
53,79	-0,269697
53,84	-0,269697
53,86	-0,269697
53,9	-0,269697
53,92	-0,269697
53,98	-0,269697
54,04	-0,269697
54,1	-0,269697
54,14	-0,269697
54,17	-0,269697
54,2	-0,269697
54,22	-0,269697
54,28	-0,269697
54,3	-0,269697
54,33	-0,269697
54,34	-0,269697
54,35	-0,269697
54,36	-0,269697
54,38	-0,269697
54,39	-0,269697
54,4	-0,269697
54,41	-0,269697
54,42	-0,269697
54,43	-0,269697
54,44	-0,269697
54,48	-0,269697
54,53	-0,269697
54,57	-0,269697
54,63	-0,269697
54,68	-0,269697
54,71	-0,269697
54,75	-0,269697
54,77	-0,269697
54,82	-0,269697
54,84	-0,269697
54,88	-0,269697
54,91	-0,269697
54,96	-0,269697
54,98	-0,269697
55,03	-0,269697
55,06	-0,269697
55,11	-0,269697
55,13	-0,269697
55,18	-0,269697
55,21	-0,269697
55,26	-0,269697
55,31	-0,269697
55,33	-0,269697
55,38	-0,269697
55,41	-0,269697
55,46	-0,269697
55,48	-0,269697
55,53	-0,269697
55,56	-0,269697
55,61	-0,269697
55,64	-0,269697
55,68	-0,269697
55,71	-0,269697
55,75	-0,269697
55,77	-0,269697
55,82	-0,269697
55,85	-0,269697
55,89	-0,269697
55,92	-0,269697
55,97	-0,269697
55,99	-0,269697
56,03	-0,269697
56,07	-0,269697
56,11	-0,269697
56,13	-0,269697
56,18	-0,269697
56,2	-0,269697
56,26	-0,269697
56,3	-0,269697
56,32	-0,269697
56,38	-0,269697
56,42	-0,269697
56,44	-0,269697
56,5	-0,269697
56,55	-0,269697
56,59	-0,269697
56,64	-0,269697
56,66	-0,269697
56,71	-0,269697
56,73	-0,269697
56,79	-0,269697
56,83	-0,269697
56,86	-0,269697
56,91	-0,269697
56,95	-0,269697
56,99	-0,269697
57,02	-0,269697
57,06	-0,269697
57,09	-0,269697
57,13	-0,269697
57,16	-0,269697
57,22	-0,269697
57,27	-0,269697
57,29	-0,269697
57,34	-0,269697
57,36	-0,269697
57,41	-0,269697
57,44	-0,269697
57,49	-0,269697
57,53	-0,269697
57,58	-0,269697
57,62	-0,269697
57,65	-0,269697
57,7	-0,269697
57,73	-0,269697
57,77	-0,269697
57,8	-0,269697
57,85	-0,269697
57,88	-0,269697
57,93	-0,269697
57,95	-0,269697
58,01	-0,269697
58,08	-0,269697
58,15	-0,269697
58,19	-0,269697
58,21	-0,269697
58,27	-0,269697
58,39	-0,269697
58,42	-0,269697
58,45	-0,269697
58,5	-0,269697
58,53	-0,269697
58,6	-0,269697
58,65	-0,269697
58,67	-0,269697
58,7	-0,269697
58,72	-0,269697
58,74	-0,269697
58,78	-0,269697
58,8	-0,269697
58,86	-0,269697
58,91	-0,269697
58,95	-0,269697
58,97	-0,269697
58,99	-0,269697
59,02	-0,269697
59,06	-0,269697
59,08	-0,269697
59,15	-0,269697
59,21	-0,269697
59,25	-0,269697
59,27	-0,269697
59,32	-0,269697
59,35	-0,269697
59,4	-0,269697
59,44	-0,269697
59,49	-0,269697
59,51	-0,269697
59,58	-0,269697
59,64	-0,269697
59,69	-0,269697
59,71	-0,269697
59,75	-0,269697
59,78	-0,269697
59,84	-0,269697
59,9	-0,269697
59,95	-0,269697
59,98	-0,269697
60,03	-0,269697
60,05	-0,269697
60,1	-0,269697
60,12	-0,269697
60,16	-0,269697
60,18	-0,269697
60,23	-0,269697
60,26	-0,269697
60,3	-0,269697
60,33	-0,269697
60,37	-0,269697
60,41	-0,269697
60,45	-0,269697
60,48	-0,269697
60,54	-0,269697
60,61	-0,269697
60,66	-0,269697
60,69	-0,269697
60,74	-0,269697
60,77	-0,269697
60,84	-0,269697
60,9	-0,269697
60,95	-0,269697
60,97	-0,269697
61,03	-0,269697
61,07	-0,269697
61,11	-0,269697
61,15	-0,269697
61,18	-0,269697
61,22	-0,269697
61,24	-0,269697
61,28	-0,269697
61,29	-0,269697
61,32	-0,269697
61,37	-0,269697
61,39	-0,269697
61,45	-0,269697
61,51	-0,269697
61,57	-0,269697
61,63	-0,269697
61,68	-0,269697
61,71	-0,269697
61,76	-0,269697
61,78	-0,269697
61,82	-0,269697
61,85	-0,269697
61,9	-0,269697
61,92	-0,269697
61,97	-0,269697
62,01	-0,269697
62,05	-0,269697
62,08	-0,269697
62,13	-0,269697
62,16	-0,269697
62,21	-0,269697
62,23	-0,269697
62,27	-0,269697
62,31	-0,269697
62,36	-0,269697
62,38	-0,269697
62,43	-0,269697
62,45	-0,269697
62,51	-0,269697
62,56	-0,269697
62,59	-0,269697
62,63	-0,269697
62,65	-0,269697
62,7	-0,269697
62,72	-0,269697
62,78	-0,269697
62,83	-0,269697
62,86	-0,269697
62,91	-0,269697
62,95	-0,269697
62,99	-0,269697
63,01	-0,269697
63,06	-0,269697
63,09	-0,269697
63,16	-0,269697
63,2	-0,269697
63,23	-0,269697
63,28	-0,269697
63,3	-0,269697
63,35	-0,269697
63,38	-0,269697
63,44	-0,269697
63,48	-0,269697
63,49	-0,269697
63,51	-0,269697
63,56	-0,269697
63,58	-0,269697
63,63	-0,269697
63,65	-0,269697
63,71	-0,269697
63,78	-0,269697
63,83	-0,269697
63,85	-0,269697
63,9	-0,269697
63,99	-0,269697
64,01	-0,269697
64,04	-0,269697
64,07	-0,269697
64,11	-0,269697
64,15	-0,269697
64,19	-0,269697
64,21	-0,269697
64,27	-0,269697
64,32	-0,269697
64,35	-0,269697
64,39	-0,269697
64,43	-0,269697
64,48	-0,269697
64,52	-0,269697
64,61	-0,269697
64,65	-0,269697
64,67	-0,269697
64,73	-0,269697
64,79	-0,269697
64,84	-0,269697
64,87	-0,269697
64,93	-0,269697
64,99	-0,269697
65,04	-0,269697
65,06	-0,269697
65,1	-0,269697
65,13	-0,269697
65,18	-0,269697
65,22	-0,269697
65,28	-0,269697
65,32	-0,269697
65,34	-0,269697
65,38	-0,269697
65,39	-0,269697
65,4	-0,269697
65,46	-0,269697
65,51	-0,269697
65,54	-0,269697
65,59	-0,269697
65,62	-0,269697
65,64	-0,269697
65,65	-0,269697
65,67	-0,269697
65,68	-0,269697
65,69	-0,269697
65,7	-0,269697
65,71	-0,269697
65,72	-0,269697
65,73	-0,269697
65,74	-0,269697
65,79	-0,269697
65,83	-0,269697
65,88	-0,269697
65,89	-0,269697
65,93	-0,269697
65,97	-0,269697
66,02	-0,269697
66,05	-0,269697
66,1	-0,269697
66,14	-0,269697
66,19	-0,269697
66,21	-0,269697
66,27	-0,269697
66,32	-0,269697
66,34	-0,269697
66,39	-0,269697
66,41	-0,269697
66,47	-0,269697
66,51	-0,269697
66,55	-0,269697
66,6	-0,269697
66,63	-0,269697
66,68	-0,269697
66,7	-0,269697
66,76	-0,269697
66,8	-0,269697
66,84	-0,269697
66,89	-0,269697
66,92	-0,269697
66,96	-0,269697
66,99	-0,269697
67,03	-0,269697
67,07	-0,269697
67,11	-0,269697
67,15	-0,269697
67,19	-0,269697
67,21	-0,269697
67,26	-0,269697
67,28	-0,269697
67,32	-0,269697
67,35	-0,269697
67,39	-0,269697
67,41	-0,269697
67,46	-0,269697
67,48	-0,269697
67,54	-0,269697
67,57	-0,269697
67,63	-0,269697
67,67	-0,269697
67,69	-0,269697
67,75	-0,269697
67,8	-0,269697
67,83	-0,269697
67,88	-0,269697
67,91	-0,269697
67,97	-0,269697
68,01	-0,269697
68,03	-0,269697
68,09	-0,269697
68,12	-0,269697
68,15	-0,269697
68,2	-0,269697
68,23	-0,269697
68,28	-0,269697
68,3	-0,269697
68,34	-0,269697
68,36	-0,269697
68,41	-0,269697
68,44	-0,269697
68,49	-0,269697
68,51	-0,269697
68,57	-0,269697
68,61	-0,269697
68,66	-0,269697
68,71	-0,269697
68,73	-0,269697
68,79	-0,269697
68,83	-0,269697
68,85	-0,269697
68,9	-0,269697
68,94	-0,269697
68,99	-0,269697
69,01	-0,269697
69,06	-0,269697
69,08	-0,269697
69,13	-0,269697
69,15	-0,269697
69,2	-0,269697
69,23	-0,269697
69,27	-0,269697
69,29	-0,269697
69,33	-0,269697
69,35	-0,269697
69,41	-0,269697
69,46	-0,269697
69,49	-0,269697
69,6	-0,269697
69,66	-0,269697
69,7	-0,269697
69,72	-0,269697
69,77	-0,269697
69,79	-0,269697
69,84	-0,269697
69,86	-0,269697
69,9	-0,269697
69,92	-0,269697
69,97	-0,269697
69,99	-0,269697
70,05	-0,269697
70,1	-0,269697
70,13	-0,269697
70,18	-0,269697
70,2	-0,269697
70,25	-0,269697
70,28	-0,269697
70,33	-0,269697
70,34	-0,269697
70,39	-0,269697
70,46	-0,269697
70,52	-0,269697
70,57	-0,269697
70,59	-0,269697
70,63	-0,269697
70,65	-0,269697
70,7	-0,269697
70,73	-0,269697
70,78	-0,269697
70,8	-0,269697
70,84	-0,269697
70,87	-0,269697
70,92	-0,269697
70,95	-0,269697
71,01	-0,269697
71,05	-0,269697
71,07	-0,269697
71,12	-0,269697
71,15	-0,269697
71,2	-0,269697
71,22	-0,269697
71,28	-0,269697
71,32	-0,269697
71,36	-0,269697
71,41	-0,269697
71,43	-0,269697
71,47	-0,269697
71,49	-0,269697
71,55	-0,269697
71,62	-0,269697
71,68	-0,269697
71,73	-0,269697
71,75	-0,269697
71,8	-0,269697
71,82	-0,269697
71,86	-0,269697
71,88	-0,269697
71,94	-0,269697
71,99	-0,269697
72,01	-0,269697
72,07	-0,269697
72,12	-0,269697
72,15	-0,269697
72,19	-0,269697
72,22	-0,269697
72,26	-0,269697
72,29	-0,269697
72,33	-0,269697
72,35	-0,269697
72,41	-0,269697
72,47	-0,269697
72,52	-0,269697
72,56	-0,269697
72,63	-0,269697
72,67	-0,269697
72,7	-0,269697
72,75	-0,269697
72,78	-0,269697
72,83	-0,269697
72,86	-0,269697
72,91	-0,269697
72,93	-0,269697
72,97	-0,269697
72,99	-0,269697
73,04	-0,269697
73,08	-0,269697
73,13	-0,269697
73,17	-0,269697
73,22	-0,269697
73,25	-0,269697
73,3	-0,269697
73,32	-0,269697
73,37	-0,269697
73,39	-0,269697
73,45	-0,269697
73,5	-0,269697
73,52	-0,269697
73,57	-0,269697
73,6	-0,269697
73,65	-0,269697
73,69	-0,269697
73,74	-0,269697
73,77	-0,269697
73,81	-0,269697
73,83	-0,269697
73,88	-0,269697
73,91	-0,269697
73,96	-0,269697
73,98	-0,269697
74,03	-0,269697
74,05	-0,269697
74,1	-0,269697
74,12	-0,269697
74,17	-0,269697
74,19	-0,269697
74,25	-0,269697
74,3	-0,269697
74,32	-0,269697
74,38	-0,269697
74,43	-0,269697
74,45	-0,269697
74,5	-0,269697
74,53	-0,269697
74,59	-0,269697
74,64	-0,269697
74,66	-0,269697
74,72	-0,269697
74,77	-0,269697
74,79	-0,269697
74,84	-0,269697
74,87	-0,269697
74,91	-0,269697
74,95	-0,269697
75	-0,269697
75,04	-0,269697
75,09	-0,269697
75,11	-0,269697
75,23	-0,2636364
75,29	-0,2545455
75,32	-0,2515152
75,36	-0,2454545
75,42	-0,2424242
75,48	-0,2333333
75,55	-0,2242424
75,61	-0,2181818
75,65	-0,2151515
75,68	-0,2121212
75,73	-0,2060606
75,78	-0,2
75,82	-0,1939394
75,85	-0,1909091
75,9	-0,1909091
75,92	-0,1909091
75,97	-0,1909091
75,99	-0,1909091
76,03	-0,1909091
76,05	-0,1909091
76,1	-0,1909091
76,13	-0,1909091
76,19	-0,1909091
76,21	-0,1878788
76,26	-0,1878788
76,29	-0,1878788
76,34	-0,1878788
76,37	-0,1878788
76,42	-0,1878788
76,44	-0,1878788
76,48	-0,1878788
76,51	-0,1878788
76,59	-0,1878788
76,63	-0,1878788
76,66	-0,1878788
76,72	-0,1878788
76,78	-0,1878788
76,83	-0,1878788
76,86	-0,1878788
76,88	-0,1878788
76,92	-0,1878788
76,96	-0,1878788
77	-0,1878788
77,06	-0,1878788
77,11	-0,1878788
77,14	-0,1878788
77,2	-0,1878788
77,22	-0,1878788
77,26	-0,1878788
77,29	-0,1878788
77,34	-0,1878788
77,37	-0,1878788
77,42	-0,1878788
77,44	-0,1878788
77,49	-0,1878788
77,52	-0,1878788
77,59	-0,1878788
77,64	-0,1878788
77,69	-0,1878788
77,72	-0,1878788
77,78	-0,1878788
77,82	-0,1878788
77,85	-0,1878788
77,89	-0,1878788
77,91	-0,1878788
77,95	-0,1878788
77,97	-0,1878788
78,02	-0,1878788
78,04	-0,1878788
78,09	-0,1878788
78,12	-0,1878788
78,17	-0,1878788
78,21	-0,1878788
78,26	-0,1878788
78,28	-0,1878788
78,33	-0,1878788
78,35	-0,1878788
78,4	-0,1878788
78,43	-0,1878788
78,48	-0,1878788
78,51	-0,1878788
78,58	-0,1878788
78,63	-0,1878788
78,65	-0,1878788
78,7	-0,1878788
78,72	-0,1878788
78,77	-0,1878788
78,8	-0,1878788
78,85	-0,1878788
78,87	-0,1878788
78,92	-0,1878788
78,95	-0,1878788
79,01	-0,1878788
79,05	-0,1878788
79,08	-0,1878788
79,12	-0,1878788
79,14	-0,1878788
79,2	-0,1878788
79,26	-0,1878788
79,31	-0,1878788
79,34	-0,1878788
79,38	-0,1878788
79,41	-0,1878788
79,48	-0,1878788
79,53	-0,1878788
79,56	-0,1878788
79,62	-0,1878788
79,68	-0,1878788
79,74	-0,1878788
79,79	-0,1878788
79,81	-0,1878788
79,85	-0,1878788
79,88	-0,1878788
79,93	-0,1878788
79,96	-0,1878788
80,02	-0,1878788
80,07	-0,1878788
80,1	-0,1878788
80,14	-0,1878788
80,18	-0,1878788
80,23	-0,1878788
80,26	-0,1878788
80,33	-0,1878788
80,38	-0,1878788
80,41	-0,1878788
80,47	-0,1878788
80,5	-0,1878788
80,52	-0,1878788
80,73	-0,1878788
80,78	-0,1878788
80,81	-0,1878788
80,86	-0,1878788
80,88	-0,1878788
80,92	-0,1878788
80,95	-0,1878788
81,01	-0,1878788
81,13	-0,1878788
81,17	-0,1878788
81,2	-0,1878788
81,25	-0,1878788
81,28	-0,1878788
81,32	-0,1878788
81,35	-0,1878788
81,41	-0,1878788
81,46	-0,1878788
81,49	-0,1878788
81,53	-0,1878788
81,56	-0,1878788
81,62	-0,1878788
81,67	-0,1878788
81,69	-0,1878788
81,74	-0,1878788
81,77	-0,1878788
81,82	-0,1878788
81,84	-0,1878788
81,89	-0,1878788
81,91	-0,1878788
81,96	-0,1878788
81,99	-0,1878788
82,05	-0,1878788
82,1	-0,1878788
82,13	-0,1878788
82,18	-0,1878788
82,2	-0,1878788
82,26	-0,1878788
82,31	-0,1878788
82,34	-0,1878788
82,39	-0,1878788
82,41	-0,1878788
82,46	-0,1878788
82,49	-0,1878788
82,55	-0,1878788
82,62	-0,1878788
82,66	-0,1878788
82,69	-0,1878788
82,74	-0,1878788
82,76	-0,1878788
82,81	-0,1878788
82,83	-0,1878788
82,88	-0,1878788
82,91	-0,1878788
82,96	-0,1878788
82,99	-0,1878788
83,06	-0,1878788
83,12	-0,1878788
83,17	-0,1878788
83,19	-0,1878788
83,24	-0,1878788
83,27	-0,1878788
83,31	-0,1878788
83,34	-0,1878788
83,39	-0,1878788
83,42	-0,1878788
83,47	-0,1878788
83,49	-0,1878788
83,54	-0,1878788
83,58	-0,1878788
83,63	-0,1878788
83,66	-0,1878788
83,72	-0,1878788
83,77	-0,1878788
83,81	-0,1878788
83,85	-0,1878788
83,87	-0,1878788
83,93	-0,1878788
83,98	-0,1878788
84	-0,1878788
84,05	-0,1878788
84,09	-0,1878788
84,15	-0,1878788
84,2	-0,1878788
84,22	-0,1878788
84,26	-0,1878788
84,29	-0,1878788
84,35	-0,1878788
84,4	-0,1878788
84,42	-0,1878788
84,48	-0,1878788
84,5	-0,1878788
84,52	-0,1878788
84,54	-0,1878788
84,58	-0,1878788
84,62	-0,1878788
84,65	-0,1878788
84,69	-0,1878788
84,72	-0,1878788
84,76	-0,1878788
84,78	-0,1878788
84,83	-0,1878788
84,85	-0,1878788
84,91	-0,1878788
84,96	-0,1909091
84,99	-0,1939394
85,04	-0,1939394
85,06	-0,1969697
85,11	-0,1969697
85,14	-0,1969697
85,2	-0,1969697
85,25	-0,1969697
85,27	-0,1969697
85,32	-0,1969697
85,35	-0,1969697
85,41	-0,1969697
85,45	-0,1969697
85,48	-0,1969697
85,53	-0,1969697
85,56	-0,1969697
85,62	-0,1969697
85,67	-0,1969697
85,7	-0,1969697
85,74	-0,1969697
85,77	-0,1969697
85,81	-0,1969697
85,84	-0,1969697
85,9	-0,1969697
85,96	-0,1969697
86,02	-0,1969697
86,07	-0,1969697
86,09	-0,1969697
86,15	-0,1969697
86,21	-0,1969697
86,28	-0,1969697
86,33	-0,1969697
86,38	-0,1969697
86,41	-0,1969697
86,46	-0,1969697
86,49	-0,1969697
86,54	-0,1969697
86,58	-0,1969697
86,62	-0,1969697
86,65	-0,1969697
86,7	-0,1969697
86,73	-0,1969697
86,78	-0,1969697
86,81	-0,1969697
86,86	-0,1969697
86,87	-0,1969697
86,93	-0,1969697
87,02	-0,1969697
87,08	-0,1969697
87,11	-0,1969697
87,13	-0,1969697
87,16	-0,1969697
87,2	-0,1969697
87,22	-0,1969697
87,26	-0,1969697
87,28	-0,1969697
87,32	-0,1969697
87,35	-0,1969697
87,42	-0,1969697
87,47	-0,1969697
87,51	-0,1969697
87,57	-0,1969697
87,62	-0,1969697
87,64	-0,1969697
87,68	-0,1969697
87,69	-0,1969697
87,7	-0,1969697
87,75	-0,1969697
87,77	-0,1969697
87,82	-0,1969697
87,85	-0,1969697
87,9	-0,1969697
87,91	-0,1969697
87,95	-0,1848485
87,99	-0,1757576
88	-0,1727273
88,01	-0,169697
88,03	-0,1636364
88,05	-0,1606061
88,1	-0,1484848
88,13	-0,1424242
88,18	-0,130303
88,21	-0,1151515
88,26	-0,09090906
88,29	-0,07575756
88,3	-0,07575756
88,33	-0,06363636
88,37	-0,04242426
88,43	-0,0242424
88,46	-0,0090909
88,48	0,0030303
88,52	0,0151515
88,58	0,0454545
88,63	0,07272732
88,65	0,07272732
88,7	0,07272732
88,71	0,07272732
88,76	0,07272732
88,79	0,07272732
88,82	0,08181822
88,84	0,09696972
88,87	0,1090909
88,92	0,1181818
88,95	0,1212121
88,96	0,1212121
88,99	0,1212121
89,02	0,1212121
89,07	0,1212121
89,1	0,1212121
89,16	0,1212121
89,21	0,1212121
89,26	0,1212121
89,31	0,1212121
89,34	0,1212121
89,4	0,1212121
89,45	0,1212121
89,48	0,1212121
89,51	0,1212121
89,54	0,1212121
89,59	0,1212121
89,62	0,1212121
89,66	0,1212121
89,69	0,1212121
89,74	0,1212121
89,78	0,1212121
89,83	0,1212121
89,87	0,1212121
89,92	0,1212121
89,95	0,1212121
89,96	0,1212121
89,97	0,1212121
89,99	0,1212121
90	0,1212121
90,05	0,1212121
90,08	0,1212121
90,1	0,1212121
90,11	0,1212121
90,14	0,1212121
90,2	0,1212121
90,26	0,1212121
90,3	0,1212121
90,32	0,1212121
90,37	0,1212121
90,38	0,1212121
90,39	0,1212121
90,44	0,1212121
90,46	0,1212121
90,48	0,1212121
90,5	0,1212121
90,51	0,1212121
90,52	0,1212121
90,56	0,1212121
90,58	0,1212121
90,63	0,1212121
90,65	0,1212121
90,67	0,1212121
90,7	0,1212121
90,73	0,1212121
90,77	0,1212121
90,79	0,1212121
90,83	0,1212121
90,86	0,1212121
90,92	0,1212121
90,97	0,1212121
90,99	0,1212121
91,04	0,1212121
91,07	0,1212121
91,11	0,1212121
91,15	0,1212121
91,19	0,1212121
91,21	0,1212121
91,27	0,1212121
91,32	0,1212121
91,36	0,1212121
91,42	0,1212121
91,47	0,1212121
91,49	0,1212121
91,54	0,1212121
91,57	0,1212121
91,63	0,1212121
91,69	0,1212121
91,74	0,1212121
91,76	0,1212121
91,81	0,1212121
91,83	0,1212121
91,89	0,1212121
91,95	0,1212121
92,01	0,1212121
92,06	0,1212121
92,09	0,1212121
92,15	0,1212121
92,26	0,1212121
92,31	0,1212121
92,33	0,1212121
92,39	0,1212121
92,45	0,1212121
92,49	0,1212121
92,52	0,1212121
92,58	0,1212121
92,62	0,1212121
92,64	0,1212121
92,7	0,1212121
92,75	0,1212121
92,77	0,1212121
92,83	0,1212121
92,85	0,1212121
92,9	0,1212121
92,92	0,1212121
92,96	0,1212121
92,99	0,1212121
93,03	0,1212121
93,05	0,1212121
93,1	0,1212121
93,13	0,1212121
93,18	0,1212121
93,2	0,1212121
93,25	0,1212121
93,28	0,1212121
93,33	0,1212121
93,35	0,1212121
93,42	0,1212121
93,46	0,1212121
93,48	0,1212121
93,54	0,1212121
93,59	0,1212121
93,62	0,1212121
93,67	0,1212121
93,69	0,1212121
93,75	0,1212121
93,79	0,1212121
93,82	0,1212121
93,87	0,1212121
93,89	0,1212121
93,94	0,1212121
93,96	0,1212121
94,01	0,1212121
94,04	0,1212121
94,08	0,1212121
94,11	0,1212121
94,17	0,1212121
94,23	0,1212121
94,29	0,1212121
94,35	0,1212121
94,4	0,1212121
94,42	0,1212121
94,47	0,1212121
94,5	0,1212121
94,57	0,1212121
94,62	0,1212121
94,65	0,1212121
94,7	0,1212121
94,73	0,1212121
94,77	0,1212121
94,79	0,1212121
94,84	0,1212121
94,86	0,1212121
94,91	0,1212121
94,94	0,1212121
94,99	0,1212121
95,01	0,1212121
95,05	0,1212121
95,08	0,1212121
95,14	0,1212121
95,18	0,1212121
95,21	0,1212121
95,26	0,1212121
95,29	0,1212121
95,35	0,1212121
95,41	0,1212121
95,46	0,1212121
95,48	0,1212121
95,53	0,1212121
95,58	0,1212121
95,65	0,1212121
95,71	0,1212121
95,76	0,1212121
95,8	0,1212121
95,84	0,1212121
95,87	0,1212121
95,92	0,1212121
95,95	0,1212121
96	0,1212121
96,03	0,1212121
96,09	0,1212121
96,15	0,1212121
96,19	0,1212121
96,22	0,1212121
96,27	0,1212121
96,32	0,1212121
96,37	0,1212121
96,39	0,1212121
96,44	0,1212121
96,47	0,1212121
96,51	0,1212121
96,56	0,1212121
96,62	0,1212121
96,66	0,1212121
96,69	0,1212121
96,74	0,1212121
96,77	0,1212121
96,82	0,1212121
96,84	0,1212121
96,87	0,1212121
96,89	0,1212121
96,91	0,1212121
96,95	0,1212121
96,97	0,1212121
97,02	0,1212121
97,05	0,1212121
97,1	0,1212121
97,12	0,1212121
97,18	0,1212121
97,22	0,1212121
97,26	0,1212121
97,32	0,1212121
97,37	0,1212121
97,4	0,1212121
97,46	0,1212121
97,5	0,1212121
97,53	0,1212121
97,59	0,1212121
97,63	0,1212121
97,65	0,1212121
97,69	0,1212121
97,71	0,1212121
97,76	0,1212121
97,8	0,1212121
97,91	0,1212121
97,95	0,1212121
97,99	0,1212121
98,02	0,1212121
98,05	0,1212121
98,1	0,1212121
98,14	0,1212121
98,18	0,1212121
98,21	0,1212121
98,28	0,1212121
98,33	0,1212121
98,36	0,1212121
98,43	0,1212121
98,47	0,1212121
98,5	0,1212121
98,55	0,1212121
98,58	0,1212121
98,62	0,1212121
98,65	0,1212121
98,7	0,1212121
98,73	0,1212121
98,77	0,1212121
98,83	0,1212121
98,88	0,1212121
98,9	0,1212121
98,96	0,1212121
99	0,1212121
99,02	0,1212121
99,07	0,1212121
99,1	0,1212121
99,13	0,1212121
99,15	0,1212121
99,18	0,1212121
99,23	0,1212121
99,26	0,1212121
99,31	0,1212121
99,36	0,1212121
99,4	0,1212121
99,43	0,1212121
99,48	0,1212121
99,5	0,1212121
99,55	0,1212121
99,57	0,1212121
99,62	0,1212121
99,65	0,1212121
99,69	0,1212121
99,72	0,1212121
99,76	0,1212121
99,79	0,1212121
99,83	0,1212121
99,85	0,1212121
99,9	0,1212121
99,93	0,1212121
99,98	0,1212121
100,01	0,1212121
100,06	0,1212121
100,08	0,1212121
100,14	0,1212121
100,19	0,1212121
100,22	0,1212121
100,31	0,1212121
100,34	0,1212121
100,36	0,1212121
100,37	0,1212121
100,4	0,1212121
100,44	0,1212121
100,47	0,1212121
100,51	0,1212121
100,55	0,1212121
100,59	0,1212121
100,62	0,1212121
100,67	0,1212121
100,69	0,1212121
100,75	0,1212121
100,8	0,1212121
100,82	0,1212121
100,87	0,1212121
100,91	0,1212121
100,95	0,1212121
100,99	0,1212121
101,04	0,1212121
101,06	0,1212121
101,12	0,1212121
101,17	0,1212121
101,19	0,1212121
101,23	0,1212121
101,25	0,1212121
101,27	0,1212121
101,3	0,1212121
101,33	0,1212121
101,38	0,1212121
101,41	0,1212121
101,45	0,1212121
101,48	0,1212121
101,54	0,1212121
101,59	0,1212121
101,62	0,1212121
101,67	0,1212121
101,69	0,1212121
101,76	0,1212121
101,81	0,1212121
101,83	0,1212121
101,88	0,1212121
101,91	0,1212121
101,97	0,1212121
102,03	0,1212121
102,08	0,1212121
102,11	0,1212121
102,14	0,1212121
102,15	0,1212121
102,19	0,1212121
102,24	0,1212121
102,28	0,1212121
102,33	0,1212121
102,35	0,1212121
102,4	0,1212121
102,43	0,1212121
102,52	0,1212121
102,58	0,1212121
102,63	0,1212121
102,67	0,1212121
102,69	0,1212121
102,74	0,1212121
102,75	0,1212121
102,8	0,1212121
102,83	0,1212121
102,85	0,1212121
102,87	0,1212121
102,89	0,1212121
102,92	0,1212121
102,95	0,1212121
102,99	0,1212121
103,01	0,1212121
103,04	0,1212121
103,07	0,1212121
103,12	0,1212121
103,14	0,1212121
103,19	0,1212121
103,21	0,1212121
103,25	0,1212121
103,28	0,1212121
103,33	0,1212121
103,35	0,1212121
103,4	0,1212121
103,43	0,1212121
103,48	0,1212121
103,5	0,1212121
103,57	0,1212121
103,62	0,1212121
103,66	0,1212121
103,71	0,1212121
103,73	0,1212121
103,84	0,1212121
103,9	0,1212121
103,95	0,1212121
103,98	0,1212121
104,05	0,1212121
104,1	0,1212121
104,12	0,1212121
104,18	0,1212121
104,2	0,1212121
104,26	0,1212121
104,31	0,1212121
104,34	0,1212121
104,4	0,1212121
104,45	0,1212121
104,48	0,1212121
104,52	0,1212121
104,56	0,1212121
104,61	0,1212121
104,64	0,1212121
104,69	0,1212121
104,72	0,1212121
104,78	0,1212121
104,84	0,1212121
104,89	0,1212121
104,91	0,1212121
104,94	0,1212121
104,96	0,1212121
105	0,1212121
105,05	0,1212121
105,09	0,1212121
105,14	0,1212121
105,16	0,1212121
105,22	0,1212121
105,24	0,1212121
105,27	0,1212121
105,31	0,1212121
105,35	0,1212121
105,39	0,1212121
105,43	0,1212121
105,46	0,1212121
105,51	0,1212121
105,55	0,1212121
105,59	0,1212121
105,62	0,1212121
105,67	0,1212121
105,69	0,1212121
105,75	0,1212121
105,8	0,1212121
105,82	0,1212121
105,87	0,1212121
105,9	0,1212121
105,94	0,1212121
105,96	0,1212121
105,98	0,1212121
106	0,1212121
106,01	0,1212121
106,03	0,1212121
106,06	0,1212121
106,08	0,1212121
106,09	0,1212121
106,11	0,1212121
106,12	0,1212121
106,13	0,1212121
106,14	0,1212121
106,16	0,1212121
106,19	0,1212121
106,21	0,1212121
106,25	0,1212121
106,3	0,1212121
106,35	0,1212121
106,39	0,1212121
106,41	0,1212121
106,46	0,1212121
106,48	0,1212121
106,54	0,1212121
106,6	0,1212121
106,67	0,1212121
106,72	0,1212121
106,74	0,1212121
106,78	0,1212121
106,8	0,1212121
106,86	0,1212121
106,9	0,1212121
106,92	0,1212121
106,94	0,1212121
106,99	0,1212121
107,02	0,1212121
107,07	0,1212121
107,1	0,1212121
107,15	0,1212121
107,18	0,1212121
107,23	0,1212121
107,26	0,1212121
107,31	0,1212121
107,32	0,1212121
107,38	0,1212121
107,43	0,1212121
107,45	0,1212121
107,51	0,1212121
107,56	0,1212121
107,59	0,1212121
107,65	0,1212121
107,69	0,1212121
107,74	0,1212121
107,76	0,1212121
107,8	0,1212121
107,84	0,1212121
107,87	0,1212121
107,93	0,1212121
107,98	0,1212121
108	0,1212121
108,05	0,1212121
108,08	0,1212121
108,13	0,1212121
108,16	0,1212121
108,21	0,1212121
108,22	0,1212121
108,27	0,1212121
108,29	0,1212121
108,35	0,1212121
108,41	0,1212121
108,46	0,1212121
108,49	0,1212121
108,53	0,1212121
108,57	0,1212121
108,61	0,1212121
108,64	0,1181818
108,69	0,1121212
108,71	0,1090909
108,76	0,1030303
108,78	0,1030303
108,83	0,09696972
108,86	0,09393942
108,91	0,08787882
108,93	0,08484852
108,97	0,08181822
109	0,07878792
109,05	0,07272732
109,07	0,06969702
109,12	0,06363642
109,15	0,060606
109,26	0,0515151
109,3	0,0454545
109,32	0,0424242
109,35	0,0393939
109,37	0,0363636
109,39	0,0363636
109,44	0,030303
109,46	0,0272727
109,51	0,0212121
109,54	0,0181818
109,59	0,0121212
109,62	0,0121212
109,67	0,0030303
109,69	0,0030303
109,74	-0,0030303
109,78	-0,0090909
109,83	-0,0090909
109,87	-0,0090909
109,92	-0,0090909
109,94	-0,0090909
110	-0,0090909
110,05	-0,0090909
110,08	-0,0090909
110,12	-0,0090909
110,14	-0,0090909
110,19	-0,0090909
110,23	-0,0090909
110,28	-0,0090909
110,32	-0,0090909
110,39	-0,0090909
110,46	-0,0090909
110,5	-0,0090909
110,54	-0,0090909
110,59	-0,0090909
110,6	-0,0090909
110,66	-0,0090909
110,7	-0,0090909
110,74	-0,0090909
110,78	-0,0090909
110,8	-0,0090909
110,87	-0,0090909
110,92	-0,0090909
110,95	-0,0090909
110,99	-0,0090909
111,01	-0,0090909
111,06	-0,0090909
111,09	-0,0090909
111,14	-0,0090909
111,16	-0,0090909
111,21	-0,0090909
111,25	-0,0090909
111,31	-0,0090909
111,36	-0,0090909
111,39	-0,0090909
111,43	-0,0090909
111,46	-0,0090909
111,51	-0,0090909
111,55	-0,0090909
111,6	-0,0090909
111,62	-0,0090909
111,67	-0,0090909
111,69	-0,0090909
111,73	-0,0090909
111,76	-0,0090909
111,8	-0,0090909
111,82	-0,0090909
111,85	-0,0090909
111,89	-0,0090909
111,94	-0,0090909
111,97	-0,0090909
112,01	-0,0090909
112,03	-0,0090909
112,08	-0,0090909
112,1	-0,0090909
112,17	-0,0090909
112,23	-0,0090909
112,28	-0,0090909
112,31	-0,0090909
112,36	-0,0090909
112,39	-0,0090909
112,44	-0,0090909
112,46	-0,0090909
112,49	-0,0090909
112,52	-0,0090909
112,57	-0,0090909
112,59	-0,0090909
112,63	-0,0090909
112,66	-0,0090909
112,71	-0,0090909
112,75	-0,0090909
112,79	-0,0090909
112,82	-0,0090909
112,86	-0,0090909
112,88	-0,0090909
112,93	-0,0090909
112,96	-0,0090909
113,02	-0,0090909
113,07	-0,0090909
113,09	-0,0090909
113,15	-0,0090909
113,2	-0,0090909
113,22	-0,0090909
113,27	-0,0090909
113,31	-0,0090909
113,37	-0,0030303
113,41	0
113,43	0,0030303
113,48	0,0090909
113,51	0,0121212
113,56	0,0181818
113,59	0,0212121
113,65	0,0272727
113,7	0,0333333
113,73	0,0363636
113,78	0,0424242
113,81	0,0454545
113,86	0,0515151
113,89	0,0545454
113,94	0,060606
113,97	0,06363642
114,02	0,06666672
114,05	0,06666672
114,09	0,06666672
114,12	0,06666672
114,16	0,06666672
114,19	0,06666672
114,23	0,06666672
114,25	0,06666672
114,3	0,06666672
114,33	0,06666672
114,38	0,06666672
114,4	0,06666672
114,45	0,06666672
114,47	0,06666672
114,52	0,06666672
114,55	0,06666672
114,61	0,06666672
114,67	0,06666672
114,72	0,06666672
114,74	0,06666672
114,8	0,06666672
114,93	0,06666672
114,99	0,06666672
115,04	0,06666672
115,07	0,06666672
115,12	0,06666672
115,15	0,06666672
115,2	0,06666672
115,23	0,06666672
115,28	0,06666672
115,3	0,06666672
115,36	0,06666672
115,42	0,06666672
115,47	0,06666672
115,5	0,06666672
115,56	0,06666672
115,61	0,06666672
115,64	0,06666672
115,69	0,06666672
115,71	0,06666672
115,76	0,06666672
115,78	0,06666672
115,85	0,06666672
115,9	0,06666672
115,93	0,06666672
115,98	0,06666672
116	0,06666672
116,06	0,06666672
116,1	0,06666672
116,13	0,06666672
116,17	0,06666672
116,18	0,06666672
116,2	0,06666672
116,23	0,06666672
116,24	0,06666672
116,27	0,06666672
116,32	0,06666672
116,35	0,06666672
116,42	0,06666672
116,47	0,06666672
116,49	0,06666672
116,55	0,06666672
116,63	0,06666672
116,67	0,06666672
116,7	0,06666672
116,74	0,06666672
116,77	0,06666672
116,82	0,06666672
116,86	0,06666672
116,91	0,06666672
116,94	0,06666672
116,99	0,06666672
117,02	0,06666672
117,07	0,06666672
117,09	0,06666672
117,14	0,06666672
117,17	0,06666672
117,22	0,06666672
117,24	0,06666672
117,29	0,06666672
117,32	0,06666672
117,36	0,06666672
117,39	0,06666672
117,45	0,06666672
117,5	0,06666672
117,53	0,06666672
117,58	0,06666672
117,62	0,06666672
117,67	0,06666672
117,71	0,06666672
117,74	0,06666672
117,79	0,06666672
117,82	0,06666672
117,87	0,06666672
117,91	0,06666672
117,98	0,06666672
118,03	0,06666672
118,06	0,06666672
118,11	0,06666672
118,13	0,06666672
118,18	0,06666672
118,21	0,06666672
118,27	0,06666672
118,32	0,06666672
118,35	0,06666672
118,41	0,06666672
118,46	0,06666672
118,52	0,06666672
118,58	0,06666672
118,63	0,06666672
118,65	0,06666672
118,7	0,06666672
118,73	0,06666672
118,79	0,06666672
118,83	0,06666672
118,86	0,06666672
118,9	0,06666672
118,92	0,06666672
118,97	0,06666672
118,99	0,06666672
119,02	0,06666672
119,04	0,06666672
119,07	0,06666672
119,1	0,06666672
119,15	0,06666672
119,2	0,06666672
119,22	0,06666672
119,26	0,06666672
119,3	0,06666672
119,35	0,06666672
119,37	0,06666672
119,42	0,06666672
119,44	0,06666672
119,49	0,06666672
119,51	0,06666672
119,57	0,06666672
119,63	0,06666672
119,68	0,06666672
119,7	0,06666672
119,75	0,06666672
119,77	0,06666672
119,79	0,06666672
119,8	0,06666672
119,83	0,06666672
119,88	0,06666672
119,91	0,06666672
119,95	0,06666672
119,99	0,06666672
120,04	0,06666672
120,08	0,06666672
120,13	0,06666672
120,15	0,06666672
120,2	0,06666672
120,22	0,06666672
120,29	0,06666672
120,35	0,06666672
120,39	0,06666672
120,42	0,06666672
120,47	0,06666672
120,5	0,06666672
120,58	0,06666672
120,72	0,06666672
120,76	0,06666672
120,79	0,06666672
120,85	0,06666672
120,9	0,06666672
120,92	0,06666672
120,97	0,06666672
120,99	0,06666672
121,04	0,06666672
121,07	0,06666672
121,12	0,06666672
121,14	0,06666672
121,19	0,06666672
121,23	0,06666672
121,27	0,06666672
121,31	0,06666672
121,36	0,06666672
121,4	0,06666672
121,44	0,06666672
121,46	0,06666672
121,5	0,06666672
121,53	0,06666672
121,59	0,06666672
121,64	0,06666672
121,67	0,06666672
121,71	0,06666672
121,75	0,06666672
121,8	0,06666672
121,84	0,06666672
121,89	0,06666672
121,92	0,06666672
121,97	0,06666672
122,02	0,06666672
122,07	0,06666672
122,11	0,06666672
122,15	0,06666672
122,19	0,06666672
122,23	0,06666672
122,28	0,06666672
122,3	0,06666672
122,35	0,06666672
122,38	0,06666672
122,42	0,06666672
122,45	0,06666672
122,51	0,06666672
122,59	0,06666672
122,64	0,06666672
122,67	0,06666672
122,71	0,06666672
122,73	0,06666672
122,79	0,06666672
122,84	0,06666672
122,87	0,06666672
122,91	0,06666672
122,94	0,06666672
122,99	0,06666672
123,01	0,06666672
123,06	0,06666672
123,08	0,06666672
123,13	0,06666672
123,15	0,06666672
123,2	0,06666672
123,22	0,06666672
123,29	0,06666672
123,34	0,06666672
123,36	0,06666672
123,41	0,06666672
123,44	0,06666672
123,48	0,06666672
123,52	0,06666672
123,59	0,06666672
123,68	0,06666672
123,71	0,06666672
123,73	0,06666672
123,77	0,06666672
123,82	0,06666672
123,85	0,06666672
123,9	0,06666672
123,92	0,06666672
123,93	0,06666672
123,97	0,06666672
123,99	0,06666672
124,04	0,06666672
124,06	0,06666672
124,11	0,06666672
124,14	0,06666672
124,18	0,06666672
124,21	0,06666672
124,23	0,06666672
124,26	0,06666672
124,28	0,06666672
124,34	0,06666672
124,41	0,06666672
124,46	0,06666672
124,49	0,06666672
124,54	0,06666672
124,59	0,06666672
124,63	0,06666672
124,67	0,06666672
124,71	0,06666672
124,73	0,06666672
124,79	0,06666672
124,86	0,06666672
124,91	0,06666672
124,94	0,06666672
124,99	0,06666672
125,01	0,06666672
125,07	0,06666672
125,11	0,06666672
125,13	0,06666672
125,19	0,06666672
125,24	0,06666672
125,27	0,06666672
125,33	0,06666672
125,38	0,06666672
125,4	0,06666672
125,45	0,06666672
125,47	0,06666672
125,52	0,06666672
125,55	0,06666672
125,6	0,06666672
125,64	0,06666672
125,65	0,06666672
125,67	0,06666672
125,71	0,06666672
125,73	0,06666672
125,78	0,06666672
125,8	0,06666672
125,85	0,06666672
125,87	0,06666672
125,92	0,06666672
125,94	0,06666672
125,96	0,06666672
125,99	0,06666672
126	0,06666672
126,05	0,06666672
126,08	0,06666672
126,13	0,06666672
126,15	0,06666672
126,21	0,06666672
126,26	0,06666672
126,28	0,06666672
126,33	0,06666672
126,37	0,06666672
126,41	0,06666672
126,44	0,06666672
126,49	0,06666672
126,56	0,06666672
126,63	0,06666672
126,69	0,06666672
126,74	0,06666672
126,76	0,06666672
126,82	0,06666672
126,9	0,06666672
126,95	0,06666672
127	0,06666672
127,03	0,06666672
127,1	0,06666672
127,16	0,06666672
127,23	0,06666672
127,29	0,06666672
127,34	0,06666672
127,36	0,06666672
127,42	0,06666672
127,48	0,06666672
127,53	0,06666672
127,58	0,06666672
127,64	0,06666672
127,69	0,06666672
127,72	0,06666672
127,78	0,06666672
127,83	0,06666672
127,85	0,06666672
127,9	0,06666672
127,92	0,06666672
127,98	0,06666672
128,02	0,06666672
128,05	0,06666672
128,1	0,06666672
128,12	0,06666672
128,18	0,06666672
128,22	0,06666672
128,23	0,06666672
128,26	0,06666672
128,33	0,06666672
128,38	0,06666672
128,4	0,06666672
128,45	0,06666672
128,48	0,06666672
128,52	0,06666672
128,57	0,06666672
128,62	0,06666672
128,68	0,06666672
128,72	0,06666672
128,74	0,06666672
128,79	0,06666672
128,81	0,06666672
128,85	0,06666672
128,88	0,06666672
128,93	0,06666672
128,96	0,06666672
129,02	0,06666672
129,05	0,06666672
129,08	0,06666672
129,14	0,06666672
129,19	0,06666672
129,23	0,06666672
129,28	0,06666672
129,31	0,06666672
129,36	0,06666672
129,39	0,06666672
129,44	0,06666672
129,46	0,06666672
129,52	0,06666672
129,59	0,06666672
129,65	0,06666672
129,72	0,06666672
129,76	0,06666672
129,79	0,06666672
129,84	0,06666672
129,86	0,06666672
129,91	0,06666672
129,93	0,06666672
129,98	0,06666672
130	0,06666672
130,04	0,06666672
130,06	0,06666672
130,12	0,06666672
130,17	0,06666672
130,2	0,06666672
130,25	0,06666672
130,28	0,06666672
130,34	0,06666672
130,39	0,06666672
130,42	0,06666672
130,46	0,06666672
130,49	0,06666672
130,55	0,06666672
130,58	0,06666672
130,63	0,06666672
130,65	0,06666672
130,7	0,06666672
130,72	0,06666672
130,79	0,06666672
130,84	0,06666672
130,86	0,06666672
130,92	0,06666672
130,98	0,06666672
131,02	0,06666672
131,05	0,06666672
131,1	0,06666672
131,12	0,06666672
131,18	0,06666672
131,23	0,06666672
131,26	0,06666672
131,31	0,06666672
131,35	0,06666672
131,4	0,06666672
131,43	0,06666672
131,48	0,06666672
131,51	0,06666672
131,59	0,06666672
131,64	0,06666672
131,68	0,06666672
131,72	0,06666672
131,74	0,06666672
131,8	0,06666672
131,84	0,06666672
131,87	0,06666672
131,91	0,06666672
131,95	0,06666672
132,01	0,06666672
132,13	0,06666672
132,18	0,06666672
132,24	0,06666672
132,29	0,06666672
132,31	0,06666672
132,37	0,06666672
132,41	0,06666672
132,44	0,06666672
132,49	0,06666672
132,53	0,06666672
132,59	0,06666672
132,64	0,06666672
132,66	0,06666672
132,71	0,06666672
132,74	0,06666672
132,77	0,06666672
132,78	0,06666672
132,79	0,06666672
132,83	0,06666672
132,89	0,06666672
132,95	0,06666672
132,99	0,06666672
133,03	0,06666672
133,09	0,06666672
133,13	0,06666672
133,17	0,06666672
133,23	0,06666672
133,28	0,06666672
133,3	0,06666672
133,35	0,07878792
133,38	0,07878792
133,42	0,07878792
133,45	0,07878792
133,5	0,07878792
133,53	0,07878792
133,58	0,07878792
133,6	0,07878792
133,64	0,07878792
133,67	0,07878792
133,73	0,07878792
133,78	0,07878792
133,8	0,07878792
133,88	0,08484852
133,93	0,08484852
133,95	0,08484852
134	0,08484852
134,03	0,08484852
134,08	0,08484852
134,11	0,08484852
134,16	0,08484852
134,19	0,08484852
134,24	0,08484852
134,27	0,08484852
134,33	0,08484852
134,38	0,08484852
134,41	0,08484852
134,45	0,08484852
134,48	0,08484852
134,53	0,08484852
134,57	0,08484852
134,75	0,08484852
134,79	0,08484852
134,82	0,08484852
134,87	0,08484852
134,89	0,08484852
134,94	0,08484852
134,98	0,08484852
135,04	0,08484852
135,08	0,08484852
135,12	0,08484852
135,17	0,08484852
135,2	0,08484852
135,25	0,08484852
135,27	0,08484852
135,33	0,08484852
135,36	0,08484852
135,38	0,08484852
135,41	0,08484852
135,46	0,08484852
135,49	0,08484852
135,55	0,08484852
135,57	0,08484852
135,59	0,08484852
135,63	0,08484852
135,68	0,08484852
135,71	0,08484852
135,75	0,08484852
135,78	0,08484852
135,83	0,08484852
135,85	0,08484852
135,9	0,08484852
135,91	0,08484852
135,96	0,08484852
136	0,08484852
136,04	0,08484852
136,07	0,08484852
136,11	0,08484852
136,13	0,08484852
136,17	0,08484852
136,19	0,08484852
136,22	0,08484852
136,24	0,08484852
136,27	0,08484852
136,31	0,08484852
136,33	0,08484852
136,37	0,08484852
136,39	0,08484852
136,45	0,08484852
136,5	0,08484852
136,54	0,08484852
136,58	0,08484852
136,6	0,08484852
136,61	0,08484852
136,66	0,08484852
136,68	0,08484852
136,72	0,08484852
136,75	0,08484852
136,79	0,08484852
136,81	0,08484852
136,84	0,08484852
136,86	0,08484852
136,88	0,08484852
136,92	0,08484852
136,94	0,08484852
136,99	0,08484852
137,02	0,08484852
137,08	0,08484852
137,15	0,08484852
137,2	0,08484852
137,22	0,08484852
137,27	0,08484852
137,3	0,08484852
137,35	0,08484852
137,38	0,08484852
137,44	0,08484852
137,5	0,08484852
137,56	0,08484852
137,61	0,08484852
137,63	0,08484852
137,67	0,08484852
137,69	0,08484852
137,75	0,08484852
137,8	0,08484852
137,84	0,08484852
137,89	0,08484852
137,92	0,08484852
138,01	0,08484852
138,07	0,08484852
138,13	0,08484852
138,18	0,08484852
138,2	0,08484852
138,26	0,08484852
138,31	0,08484852
138,34	0,08484852
138,39	0,08484852
138,41	0,08484852
138,47	0,08484852
138,53	0,08484852
138,58	0,08484852
138,6	0,08484852
138,65	0,08484852
138,69	0,08484852
138,74	0,08484852
138,76	0,08484852
138,8	0,08484852
138,82	0,08484852
138,87	0,08484852
138,89	0,08484852
138,95	0,08484852
139	0,08484852
139,03	0,08484852
139,08	0,08484852
139,1	0,08484852
139,16	0,08484852
139,2	0,08484852
139,25	0,08484852
139,27	0,08484852
139,31	0,08484852
139,34	0,08484852
139,4	0,08484852
139,42	0,08484852
139,46	0,08484852
139,5	0,08484852
139,55	0,08484852
139,57	0,08484852
139,64	0,08484852
139,69	0,08484852
139,72	0,08484852
139,76	0,08484852
139,78	0,08484852
139,83	0,08484852
139,86	0,08484852
139,91	0,08484852
139,93	0,08484852
139,97	0,08484852
140	0,08484852
140,05	0,08484852
140,09	0,08484852
140,14	0,08484852
140,16	0,08484852
140,21	0,08484852
140,23	0,08484852
140,28	0,08484852
140,31	0,08484852
140,37	0,08484852
140,43	0,08484852
140,51	0,08484852
140,56	0,08484852
140,58	0,08484852
140,65	0,08484852
140,71	0,08484852
140,76	0,08484852
140,79	0,08484852
140,84	0,08484852
140,86	0,08484852
140,9	0,08484852
140,93	0,08484852
140,99	0,08484852
141,05	0,08484852
141,1	0,08484852
141,14	0,08484852
141,19	0,08484852
141,22	0,08484852
141,27	0,08484852
141,31	0,08484852
141,36	0,08484852
141,39	0,08484852
141,43	0,08484852
141,47	0,08484852
141,52	0,08484852
141,57	0,08484852
141,63	0,08484852
141,67	0,08484852
141,7	0,08484852
141,75	0,08484852
141,78	0,08484852
141,83	0,08484852
141,85	0,08484852
141,89	0,08484852
141,91	0,08484852
141,92	0,08484852
141,96	0,08484852
141,97	0,08484852
142,01	0,08484852
142,05	0,08484852
142,07	0,08484852
142,13	0,08484852
142,18	0,08484852
142,21	0,08484852
142,24	0,08484852
142,26	0,08484852
142,29	0,08484852
142,34	0,08484852
142,37	0,08484852
142,43	0,08484852
142,48	0,08484852
142,51	0,08484852
142,57	0,08484852
142,63	0,08484852
142,68	0,08484852
142,72	0,08484852
142,77	0,08484852
142,8	0,08484852
142,82	0,08484852
142,84	0,08484852
142,86	0,08484852
142,91	0,08484852
142,93	0,08484852
142,98	0,08484852
143	0,08484852
143,07	0,08484852
143,1	0,08484852
143,12	0,08484852
143,14	0,08484852
143,19	0,08484852
143,23	0,08484852
143,28	0,08484852
143,3	0,08484852
143,35	0,08484852
143,37	0,08484852
143,41	0,08484852
143,43	0,08484852
143,53	0,08484852
143,59	0,08484852
143,64	0,08484852
143,67	0,08484852
143,71	0,08484852
143,73	0,08484852
143,78	0,08484852
143,8	0,08484852
143,86	0,08484852
143,91	0,08484852
143,93	0,08484852
143,99	0,08484852
144,05	0,08484852
144,11	0,08484852
144,13	0,08484852
144,17	0,08484852
144,21	0,08484852
144,26	0,08484852
144,27	0,08484852
144,29	0,08484852
144,35	0,08484852
144,4	0,08484852
144,42	0,08484852
144,48	0,08484852
144,54	0,08484852
144,58	0,08484852
144,61	0,08484852
144,67	0,08484852
144,7	0,08484852
144,72	0,08484852
144,74	0,08484852
144,79	0,08484852
144,82	0,08484852
144,87	0,08484852
144,9	0,08484852
144,98	0,08484852
145,03	0,08484852
145,05	0,08484852
145,1	0,08484852
145,13	0,08484852
145,19	0,08484852
145,23	0,08484852
145,26	0,08484852
145,31	0,08484852
145,35	0,08484852
145,41	0,08484852
145,48	0,08484852
145,52	0,08484852
145,56	0,08484852
145,6	0,08484852
145,62	0,08484852
145,66	0,08484852
145,68	0,08484852
145,73	0,08484852
145,76	0,08484852
145,81	0,08484852
145,83	0,08484852
145,87	0,08484852
145,89	0,08484852
145,94	0,08484852
145,96	0,08484852
146	0,08484852
146,04	0,08484852
146,1	0,08484852
146,15	0,08484852
146,17	0,08484852
146,21	0,08484852
146,24	0,08484852
146,3	0,08484852
146,35	0,08484852
146,38	0,08484852
146,42	0,08484852
146,44	0,08484852
146,48	0,08484852
146,5	0,08484852
146,55	0,08484852
146,57	0,08484852
146,61	0,08484852
146,63	0,08484852
146,67	0,08484852
146,69	0,08484852
146,74	0,08484852
146,77	0,08484852
146,78	0,08484852
146,8	0,08484852
146,83	0,08484852
146,87	0,08484852
146,9	0,08484852
146,95	0,08484852
146,98	0,08484852
147,01	0,08484852
147,03	0,08484852
147,05	0,08484852
147,1	0,08484852
147,13	0,08484852
147,17	0,08484852
147,2	0,08484852
147,22	0,08484852
147,23	0,08484852
147,25	0,08484852
147,27	0,08484852
147,33	0,08484852
147,38	0,08484852
147,41	0,08484852
147,47	0,08484852
147,53	0,08484852
147,56	0,08484852
147,62	0,08484852
147,66	0,08484852
147,69	0,08484852
147,74	0,08484852
147,76	0,08484852
147,81	0,08484852
147,83	0,08484852
147,91	0,08484852
147,97	0,08484852
148,02	0,08484852
148,04	0,08484852
148,09	0,08484852
148,11	0,08484852
148,16	0,08484852
148,18	0,08484852
148,24	0,08484852
148,3	0,08484852
148,35	0,08484852
148,38	0,08484852
148,43	0,08484852
148,46	0,08484852
148,51	0,08484852
148,56	0,08484852
148,61	0,08484852
148,63	0,08484852
148,68	0,08484852
148,7	0,08484852
148,75	0,08484852
148,77	0,08484852
148,83	0,08484852
148,88	0,08484852
148,91	0,08484852
148,97	0,08484852
149,07	0,08484852
149,11	0,08484852
149,15	0,08484852
149,2	0,08484852
149,23	0,08484852
149,29	0,08484852
149,34	0,08484852
149,36	0,08484852
149,41	0,08484852
149,43	0,08484852
149,45	0,08484852
149,47	0,08484852
149,5	0,08484852
149,55	0,08484852
149,58	0,08484852
149,62	0,08484852
149,65	0,08484852
149,69	0,08484852
149,71	0,08484852
149,76	0,08484852
149,78	0,08484852
149,83	0,08484852
149,86	0,08484852
149,94	0,08484852
149,98	0,08484852
150	0,08484852
150,02	0,08484852
150,04	0,08484852
150,06	0,08484852
150,11	0,08484852
150,13	0,08484852
150,17	0,08484852
150,18	0,08484852
150,19	0,08484852
150,23	0,08484852
150,24	0,08484852
150,26	0,08484852
150,32	0,08484852
150,36	0,08484852
150,4	0,08484852
150,45	0,08484852
150,48	0,08484852
150,51	0,08484852
150,53	0,08484852
150,56	0,08484852
150,62	0,08484852
150,67	0,08484852
150,71	0,08484852
150,75	0,08484852
150,78	0,08484852
150,83	0,08484852
150,87	0,08484852
150,91	0,08484852
150,92	0,08484852
150,95	0,08484852
151,01	0,08484852
151,06	0,08484852
151,08	0,08484852
151,13	0,08484852
151,15	0,08484852
151,2	0,08484852
151,25	0,08484852
151,31	0,08484852
151,38	0,08484852
151,44	0,08484852
151,47	0,08484852
151,51	0,08484852
151,59	0,08484852
151,65	0,08484852
151,69	0,08484852
151,75	0,08484852
151,81	0,08484852
151,86	0,08484852
151,89	0,08484852
151,95	0,08484852
152	0,08484852
152,03	0,08484852
152,09	0,08484852
152,15	0,08484852
152,18	0,08484852
152,23	0,08484852
152,27	0,08484852
152,31	0,08484852
152,35	0,08484852
152,43	0,08484852
152,47	0,08484852
152,49	0,08484852
152,54	0,08484852
152,57	0,08484852
152,62	0,08484852
152,63	0,08484852
152,68	0,08484852
152,71	0,08484852
152,72	0,08484852
152,74	0,08484852
152,79	0,08484852
152,84	0,08484852
152,87	0,08484852
152,92	0,08484852
152,96	0,08484852
153,02	0,08484852
153,07	0,08484852
153,1	0,08484852
153,15	0,08484852
153,18	0,08484852
153,24	0,08484852
153,3	0,08484852
153,35	0,08484852
153,38	0,08484852
153,42	0,08484852
153,44	0,08484852
153,49	0,08484852
153,51	0,08484852
153,57	0,08484852
153,62	0,08484852
153,64	0,08484852
153,69	0,08484852
153,71	0,08484852
153,75	0,08484852
153,77	0,08484852
153,82	0,08484852
153,85	0,08484852
153,9	0,08484852
153,92	0,08484852
153,98	0,08484852
154,03	0,08484852
154,06	0,08484852
154,08	0,08484852
154,09	0,08484852
154,1	0,08484852
154,11	0,08484852
154,13	0,08484852
154,19	0,08484852
154,24	0,08484852
154,26	0,08484852
154,3	0,08484852
154,33	0,08484852
154,38	0,08484852
154,4	0,08484852
154,45	0,08484852
154,48	0,08484852
154,52	0,08484852
154,56	0,08484852
154,63	0,08484852
154,7	0,08484852
154,74	0,08484852
154,77	0,08484852
154,87	0,08484852
154,93	0,08484852
154,98	0,08484852
155,01	0,08484852
155,05	0,08484852
155,07	0,08484852
155,13	0,08484852
155,18	0,08484852
155,21	0,08484852
155,25	0,08484852
155,28	0,08484852
155,34	0,08484852
155,39	0,08484852
155,41	0,08484852
155,46	0,08484852
155,48	0,08484852
155,53	0,08484852
155,56	0,08484852
155,63	0,08484852
155,67	0,08484852
155,69	0,08484852
155,75	0,08484852
155,8	0,08484852
155,82	0,08484852
155,87	0,08484852
155,9	0,08484852
155,96	0,08484852
156,01	0,08484852
156,04	0,08484852
156,09	0,08484852
156,11	0,08484852
156,17	0,08484852
156,2	0,08484852
156,25	0,08484852
156,3	0,08484852
156,33	0,08484852
156,39	0,08484852
156,47	0,08484852
156,52	0,08484852
156,56	0,08484852
156,61	0,08484852
156,63	0,08484852
156,68	0,08484852
156,7	0,08484852
156,75	0,08484852
156,78	0,08484852
156,83	0,08484852
156,87	0,08484852
156,91	0,08484852
156,95	0,08484852
157	0,08484852
157,06	0,08484852
157,12	0,08484852
157,17	0,08484852
157,19	0,08484852
157,26	0,08484852
157,31	0,08484852
157,35	0,08484852
157,39	0,08484852
157,41	0,08484852
157,46	0,08484852
157,49	0,08484852
157,54	0,08484852
157,62	0,08484852
157,67	0,08484852
157,73	0,08484852
157,78	0,08484852
157,81	0,08484852
157,86	0,08484852
157,93	0,08484852
157,99	0,08484852
158,05	0,08484852
158,09	0,08484852
158,12	0,08484852
158,16	0,08484852
158,19	0,08484852
158,24	0,08484852
158,26	0,08484852
158,31	0,08484852
158,33	0,08484852
158,38	0,08484852
158,41	0,08484852
158,46	0,08484852
158,48	0,08484852
158,52	0,08484852
158,56	0,08484852
158,6	0,08484852
158,64	0,08484852
158,7	0,08484852
158,75	0,08484852
158,77	0,08484852
158,82	0,08484852
158,84	0,08484852
158,89	0,08484852
158,91	0,08484852
158,95	0,08484852
158,97	0,08484852
159,02	0,08484852
159,04	0,08484852
159,09	0,08484852
159,11	0,08484852
159,15	0,08484852
159,17	0,08484852
159,21	0,08484852
159,23	0,08484852
159,28	0,08484852
159,3	0,08484852
159,34	0,08484852
159,36	0,08484852
159,42	0,08484852
159,44	0,08484852
159,48	0,08484852
159,5	0,08484852
159,55	0,08484852
159,57	0,08484852
159,62	0,08484852
159,64	0,08484852
159,69	0,08484852
159,7	0,08484852
159,74	0,08484852
159,76	0,08484852
159,8	0,08484852
159,82	0,08484852
159,86	0,08484852
159,88	0,08484852
159,93	0,08484852
159,95	0,08484852
160	0,08484852
160,02	0,08484852
160,06	0,08484852
160,09	0,08484852
160,14	0,08484852
160,16	0,08484852
160,26	0,08484852
160,32	0,08484852
160,38	0,08484852
160,41	0,08484852
160,44	0,08484852
160,5	0,08484852
160,53	0,08484852
160,61	0,08484852
160,65	0,08484852
160,67	0,08484852
160,72	0,08484852
160,76	0,08484852
160,82	0,08484852
160,87	0,08484852
160,9	0,08484852
160,98	0,08484852
161,03	0,08484852
161,08	0,08484852
161,11	0,08484852
161,16	0,08484852
161,2	0,08484852
161,25	0,08484852
161,27	0,08484852
161,32	0,08484852
161,35	0,08484852
161,4	0,08484852
161,42	0,08484852
161,47	0,08484852
161,49	0,08484852
161,55	0,08484852
161,61	0,08484852
161,67	0,08484852
161,72	0,08484852
161,73	0,08484852
161,77	0,08484852
161,79	0,08484852
161,84	0,08484852
161,86	0,08484852
161,91	0,08484852
161,95	0,08484852
161,99	0,08484852
162,01	0,08484852
162,06	0,08484852
162,09	0,08484852
162,1	0,08484852
162,14	0,08484852
162,16	0,08484852
162,19	0,08484852
162,23	0,08484852
162,26	0,08484852
162,29	0,08484852
162,31	0,08484852
162,33	0,08484852
162,35	0,08484852
162,38	0,08484852
162,4	0,08484852
162,43	0,08484852
162,45	0,08484852
162,48	0,08484852
162,53	0,08484852
162,58	0,08484852
162,63	0,08484852
162,7	0,08484852
162,75	0,08484852
162,8	0,08484852
162,83	0,08484852
162,87	0,08484852
162,89	0,08484852
162,93	0,08484852
162,95	0,08484852
162,97	0,08484852
163,02	0,08484852
163,04	0,08484852
163,1	0,08484852
163,11	0,08484852
163,15	0,08484852
163,17	0,08484852
163,19	0,08484852
163,25	0,08484852
163,34	0,08484852
163,39	0,08484852
163,41	0,08484852
163,46	0,08484852
163,49	0,08484852
163,55	0,08484852
163,6	0,08484852
163,63	0,08484852
163,68	0,08484852
163,7	0,08484852
163,75	0,08484852
163,77	0,08484852
163,81	0,08484852
163,84	0,08484852
163,88	0,08484852
163,91	0,08484852
163,95	0,08484852
163,98	0,08484852
164,03	0,08484852
164,08	0,08484852
164,1	0,08484852
164,15	0,08484852
164,18	0,08484852
164,23	0,08484852
164,3	0,08484852
164,35	0,08484852
164,39	0,08484852
164,43	0,08484852
164,44	0,08484852
164,49	0,08484852
164,52	0,08484852
164,58	0,08484852
164,64	0,08484852
164,66	0,08484852
164,69	0,08484852
164,71	0,08484852
164,76	0,08484852
164,78	0,08484852
164,83	0,08484852
164,85	0,08484852
164,91	0,08484852
164,95	0,08484852
165	0,08484852
165,02	0,08484852
165,06	0,08484852
165,08	0,08484852
165,13	0,08484852
165,15	0,08484852
165,19	0,08484852
165,2	0,08484852
165,23	0,08484852
165,28	0,08484852
165,32	0,08484852
165,35	0,08484852
165,37	0,08484852
165,43	0,08484852
165,48	0,08484852
165,5	0,08484852
165,56	0,08484852
165,58	0,08484852
165,62	0,08484852
165,64	0,08484852
165,69	0,08484852
165,76	0,08484852
165,8	0,08484852
165,83	0,08484852
165,88	0,08484852
165,92	0,08484852
165,95	0,08484852
165,99	0,08484852
166,01	0,08484852
166,05	0,08484852
166,08	0,08484852
166,11	0,08484852
166,15	0,08484852
166,19	0,08484852
166,21	0,08484852
166,26	0,08484852
166,29	0,08484852
166,34	0,08484852
166,4	0,08484852
166,42	0,08484852
166,48	0,08484852
166,5	0,08484852
166,57	0,08484852
166,62	0,08484852
166,64	0,08484852
166,7	0,08484852
166,75	0,08484852
166,77	0,08484852
166,82	0,08484852
166,85	0,08484852
166,91	0,08484852
166,94	0,08484852
166,96	0,08484852
167,02	0,08484852
167,04	0,08484852
167,09	0,08484852
167,15	0,08484852
167,21	0,08484852
167,24	0,08484852
167,3	0,08484852
167,33	0,08484852
167,39	0,08484852
167,41	0,08484852
167,46	0,08484852
167,48	0,08484852
167,54	0,08484852
167,59	0,08484852
167,64	0,08484852
167,68	0,08484852
167,73	0,08484852
167,77	0,08484852
167,81	0,08484852
167,83	0,08484852
167,9	0,08484852
167,96	0,08484852
168	0,08484852
168,02	0,08484852
168,06	0,08484852
168,09	0,08484852
168,13	0,08484852
168,15	0,08484852
168,2	0,08484852
168,22	0,08484852
168,28	0,08181822
168,32	0,08181822
168,35	0,08181822
168,4	0,08181822
168,43	0,08181822
168,49	0,08181822
168,54	0,08181822
168,58	0,08181822
168,64	0,08181822
168,68	0,08181822
168,72	0,08181822
168,76	0,08181822
168,8	0,08181822
168,83	0,08181822
168,89	0,08181822
168,95	0,08181822
168,96	0,08181822
169,01	0,08181822
169,04	0,08181822
169,09	0,08181822
169,15	0,08181822
169,2	0,08181822
169,23	0,08181822
169,28	0,08181822
169,33	0,08181822
169,36	0,07878792
169,42	0,07272732
169,45	0,06969702
169,49	0,06363642
169,53	0,060606
169,59	0,0515151
169,65	0,0454545
169,7	0,0393939
169,71	0,0393939
169,76	0,0333333
169,79	0,030303
169,83	0,0272727
169,85	0,0242424
169,88	0,0212121
169,94	0,0151515
169,97	0,0090909
170,02	0,0030303
170,07	0
170,09	-0,0030303
170,15	-0,0121212
170,18	-0,0151515
170,23	-0,0212121
170,26	-0,0242424
170,31	-0,0272727
170,36	-0,0272727
170,39	-0,0272727
170,4	-0,0272727
170,42	-0,0272727
170,43	-0,0272727
170,44	-0,0272727
170,45	-0,0272727
170,49	-0,0272727
170,52	-0,0272727
170,62	-0,0272727
170,67	-0,0272727
170,71	-0,03333336
170,74	-0,03636366
170,75	-0,03636366
170,76	-0,03939396
170,78	-0,04242426
170,8	-0,04242426
170,82	-0,04545456
170,84	-0,04848486
170,85	-0,04848486
170,86	-0,04848486
170,87	-0,04848486
170,88	-0,05454546
170,9	-0,05454546
170,92	-0,05757576
170,94	-0,05757576
170,95	-0,06060606
170,97	-0,06363636
171,03	-0,06969696
171,06	-0,07272726
171,09	-0,07575756
171,11	-0,07575756
171,13	-0,07575756
171,17	-0,07575756
171,2	-0,07575756
171,23	-0,07575756
171,25	-0,07878786
171,29	-0,07878786
171,31	-0,07878786
171,33	-0,07878786
171,35	-0,07878786
171,36	-0,07878786
171,38	-0,07878786
171,39	-0,07878786
171,4	-0,07878786
171,42	-0,07878786
171,43	-0,07878786
171,44	-0,07878786
171,45	-0,07878786
171,48	-0,07878786
171,51	-0,07878786
171,55	-0,07878786
171,57	-0,07878786
171,59	-0,07878786
171,6	-0,07878786
171,62	-0,07878786
171,63	-0,07878786
171,65	-0,07878786
171,67	-0,07878786
171,72	-0,07878786
171,74	-0,07878786
171,79	-0,07878786
171,81	-0,07878786
171,84	-0,07878786
171,85	-0,07878786
171,86	-0,07878786
171,89	-0,07878786
171,93	-0,07878786
171,94	-0,07878786
171,98	-0,07878786
172,01	-0,07878786
172,05	-0,07878786
172,09	-0,07878786
172,13	-0,07878786
172,16	-0,07878786
172,18	-0,07878786
172,19	-0,07878786
172,2	-0,07878786
172,22	-0,07878786
172,23	-0,07878786
172,24	-0,07878786
172,25	-0,07878786
172,27	-0,07878786
172,28	-0,07878786
172,33	-0,07878786
172,35	-0,07878786
172,39	-0,07878786
172,41	-0,07878786
172,43	-0,07878786
172,46	-0,07878786
172,48	-0,07878786
172,51	-0,07878786
172,52	-0,07878786
172,53	-0,07878786
172,55	-0,07878786
172,59	-0,07878786
172,61	-0,07878786
172,65	-0,07878786
172,66	-0,07878786
172,69	-0,07878786
172,74	-0,07878786
172,78	-0,07878786
172,84	-0,07878786
172,87	-0,07878786
172,89	-0,07878786
172,9	-0,07878786
172,91	-0,07878786
172,92	-0,07878786
172,93	-0,07878786
172,94	-0,07878786
172,95	-0,07878786
172,97	-0,07878786
172,99	-0,07878786
