16/06/2014 15:16:58
id9
C:\Users\Annotations\Desktop\Annotation\Test_Data\G2\Islands.mp4
C:\Users\Annotations\Desktop\Annotation\Trace2011\Ratings\valence.jpg
Valence
-1,1
255,0,0	0,255,0	125,125,125
0
0,13	0
0,18	0
0,2	0
0,25	0
0,27	0
0,33	0
0,36	0
0,4	0
0,43	0
0,48	0
0,51	0
0,57	0
0,62	0
0,64	0
0,68	0
0,71	0
0,77	0
0,82	0
0,85	0
0,89	0
0,92	0
1,07	0
1,12	0
1,17	0
1,19	0
1,24	0
1,27	0
1,31	0
1,34	0
1,38	0
1,41	0
1,46	0
1,48	0
1,53	0
1,56	0
1,61	0
1,63	0
1,68	0
1,7	0
1,75	0
1,77	0
1,81	0
1,83	0
1,89	0
1,93	0
1,99	0
2,05	0
2,1	0
2,12	0
2,17	0
2,2	0
2,25	0
2,27	0
2,31	0
2,33	0
2,37	0
2,39	0
2,43	0
2,45	0
2,49	0
2,52	0
2,56	0
2,58	0
2,62	0
2,65	0
2,69	0
2,7	0
2,74	0
2,77	0
2,82	0
2,84	0
2,9	0
2,92	0
2,97	0
3	0
3,05	0
3,06	0
3,07	0
3,08	0
3,11	0
3,12	0
3,17	0
3,19	0
3,23	0
3,26	0
3,33	0
3,38	0
3,4	0
3,48	0
3,53	0
3,56	0
3,61	0
3,63	0
3,67	0
3,7	0
3,75	0
3,77	0
3,81	0
3,84	0
3,88	0
3,9	0
3,95	0
3,97	0
4,01	0
4,04	0
4,1	0
4,15	0
4,18	0
4,22	0
4,25	0
4,29	0
4,31	0
4,37	0
4,39	0
4,44	0
4,47	0
4,51	0
4,54	0
4,59	0
4,62	0
4,66	0
4,68	0
4,73	0
4,75	0
4,8	0
4,83	0
4,88	0
4,92	0
4,94	0
4,98	0
5,01	0
5,06	0
5,09	0
5,14	0
5,19	0
5,24	0
5,28	0
5,31	0
5,35	0
5,37	0
5,42	0
5,45	0
5,49	0
5,52	0
5,58	0
5,62	0
5,64	0
5,68	0
5,7	0
5,74	0
5,76	0
5,81	0
5,82	0
5,85	0
5,87	0
5,89	0
5,94	0
5,96	0
6,01	0
6,04	0
6,06	0
6,08	0
6,1	0
6,13	0
6,15	0
6,16	0
6,18	0
6,22	0
6,23	0
6,26	0
6,28	0
6,3	0
6,35	0
6,37	0
6,41	0
6,44	0
6,49	0
6,51	0
6,56	0
6,58	0
6,63	0
6,64	0
6,68	0
6,71	0
6,75	0
6,77	0
6,81	0
6,83	0
6,88	0
6,91	0
6,94	0
6,95	0
6,98	0
7,03	0
7,06	0
7,11	0
7,14	0
7,19	0
7,22	0
7,26	0
7,28	0
7,3	0
7,34	0
7,36	0
7,4	0
7,41	0
7,46	0
7,47	0
7,48	0
7,52	0
7,55	0
7,6	0
7,62	0
7,63	0
7,66	0
7,67	0
7,68	0
7,7	0
7,72	0
7,75	0
7,78	0
7,79	0
7,81	0
7,86	0
7,88	0
7,9	0
7,93	0
7,98	0
8	0
8,05	0
8,07	0
8,1	0
8,13	0
8,15	0
8,2	0
8,23	0
8,25	0
8,27	0
8,29	0
8,31	0
8,33	0
8,36	0
8,4	0
8,43	0
8,45	0
8,47	0
8,51	0
8,56	0
8,59	0
8,7	0
8,81	0
8,85	0
8,89	0
8,94	0
8,96	0
9,01	0
9,03	0
9,08	0
9,1	0
9,15	0
9,17	0
9,22	0
9,24	0
9,3	0
9,34	0
9,36	0
9,41	0
9,43	0
9,47	0
9,52	0
9,59	0
9,63	0
9,65	0
9,7	0
9,72	0
9,77	0
9,79	0
9,85	0
9,89	0
9,91	0
9,96	0
9,99	0
10,04	0
10,06	0
10,11	0
10,14	0
10,18	0
10,21	0
10,26	0
10,3	0
10,34	0
10,37	0
10,41	0
10,44	0
10,47	0
10,48	0
10,5	0
10,56	0
10,61	0
10,63	0
10,68	0
10,7	0
10,75	0
10,77	0
10,81	0
10,84	0
10,89	0
10,91	0
10,96	0
10,99	0
11,04	0
11,06	0
11,1	0
11,13	0
11,18	0
11,2	0
11,23	0
11,25	0
11,27	0
11,33	0
11,38	0
11,4	0
11,45	0
11,47	0
11,5	0
11,53	0
11,59	0
11,65	0
11,69	0
11,72	0
11,77	0
11,8	0
11,85	0
11,87	0
11,92	0
11,94	0
11,99	0
12,01	0
12,06	0
12,08	0
12,12	0
12,16	0
12,2	0
12,22	0
12,27	0
12,29	0
12,35	0
12,4	0
12,42	0
12,47	0
12,49	0
12,53	0
12,55	0
12,59	0
12,61	0
12,66	0
12,68	0
12,72	0
12,75	0
12,8	0
12,83	0
12,88	0
12,9	0
12,94	0
12,97	0
13,01	0
13,04	0
13,09	0
13,11	0
13,16	0
13,18	0
13,22	0
13,25	0
13,3	0
13,34	0
13,39	0
13,41	0
13,46	0
13,48	0
13,53	0
13,56	0
13,61	0
13,63	0
13,67	0
13,68	0
13,7	0
13,74	0
13,75	0
13,78	0
13,82	0
13,84	0
13,85	0
13,88	0
13,91	0
13,95	0
13,97	0
13,99	0
14,01	0
14,04	0
14,08	0
14,11	0
14,15	0
14,17	0
14,21	0
14,22	0
14,23	0
14,26	0
14,34	0
14,38	0
14,4	0
14,44	0
14,46	0
14,5	0
14,52	0
14,57	0
14,59	0
14,63	0
14,65	0
14,71	0
14,73	0
14,75	0
14,77	0
14,79	0
14,83	0
14,86	0
14,9	0
14,93	0
14,96	0
14,98	0
15,01	0
15,04	0
15,05	0
15,07	0
15,09	0
15,12	0
15,15	0
15,2	0
15,21	0
15,25	0
15,26	0
15,27	0
15,31	0
15,34	0
15,39	0
15,41	0
15,43	0
15,45	0
15,46	0
15,47	0
15,48	0
15,5	0
15,51	0
15,55	0
15,59	0
15,61	0
15,65	0
15,67	0
15,71	0
15,73	0
15,77	0
15,79	0
15,83	0
15,85	0
15,89	0
15,91	0
15,94	0
15,97	0
15,99	0
16,02	0
16,05	0
16,1	0
16,12	0
16,17	0
16,2	0
16,23	0
16,26	0
16,3	0
16,33	0
16,37	0
16,39	0
16,44	0
16,46	0
16,51	0
16,52	0
16,55	0
16,58	0
16,63	0
16,66	0
16,7	0
16,73	0
16,77	0
16,81	0
16,84	0
16,87	0
16,92	0
16,94	0
17	0
17,05	0
17,06	0
17,1	0
17,12	0
17,17	0
17,19	0
17,24	0
17,26	0
17,27	0
17,29	0
17,3	0
17,33	0
17,39	0
17,41	0
17,43	0
17,45	0
17,51	0
17,54	0
17,56	0
17,57	0
17,59	0
17,6	0
17,61	0
17,62	0
17,64	0
17,65	0
17,66	0
17,68	0
17,7	0
17,72	0
17,73	0
17,75	0
17,78	0
17,83	0
17,86	0
17,89	0
17,91	0
17,93	0
17,99	0
18,04	0
18,06	0
18,07	0
18,1	0
18,12	0
18,17	0
18,2	0
18,24	0
18,25	0
18,26	0
18,3	0
18,33	0
18,36	0
18,38	0
18,41	0
18,44	0
18,47	0
18,51	0
18,53	0
18,58	0
18,61	0
18,65	0
18,67	0
18,72	0
18,75	0
18,77	0
18,79	0
18,81	0
18,83	0
18,85	0
18,87	0
18,93	0
18,98	0
19,01	0
19,06	0
19,07	0
19,12	0
19,14	0
19,18	0
19,2	0
19,25	0
19,27	0
19,31	0
19,33	0
19,4	0,0030303
19,45	0,0060606
19,46	0,0060606
19,47	0,0060606
19,5	0,0060606
19,52	0,0060606
19,57	0,0060606
19,59	0,0151515
19,61	0,0151515
19,62	0,0151515
19,64	0,0181818
19,68	0,0212121
19,7	0,0212121
19,73	0,0212121
19,74	0,0212121
19,78	0,0363636
19,81	0,0484848
19,83	0,0545454
19,85	0,06666672
19,88	0,08181822
19,9	0,08787882
19,91	0,09393942
19,94	0,1
19,98	0,1212121
20	0,1272727
20,05	0,1484848
20,08	0,160606
20,12	0,1818181
20,14	0,1878788
20,15	0,1939394
20,18	0,2060606
20,21	0,2151515
20,26	0,2545455
20,28	0,2636364
20,31	0,2818182
20,32	0,2909091
20,35	0,3090909
20,37	0,3181819
20,39	0,3181819
20,43	0,3181819
20,45	0,3181819
20,49	0,3181819
20,52	0,3181819
20,58	0,3181819
20,63	0,3181819
20,65	0,3181819
20,7	0,3181819
20,72	0,3181819
20,77	0,3181819
20,79	0,3181819
20,84	0,3181819
20,86	0,3181819
20,91	0,3181819
20,93	0,3181819
20,98	0,3181819
21,01	0,3181819
21,07	0,3181819
21,11	0,3181819
21,13	0,3181819
21,19	0,3181819
21,24	0,3181819
21,26	0,3181819
21,31	0,3181819
21,34	0,3181819
21,4	0,3181819
21,45	0,3181819
21,48	0,3181819
21,53	0,3181819
21,56	0,3181819
21,6	0,3181819
21,63	0,3181819
21,67	0,3181819
21,7	0,3212122
21,75	0,3272728
21,77	0,3363637
21,82	0,3484849
21,85	0,3545455
21,89	0,3636364
21,9	0,3666667
21,95	0,3787879
21,98	0,3878788
22,02	0,4
22,06	0,4060606
22,11	0,4242424
22,14	0,4272727
22,18	0,4272727
22,19	0,430303
22,21	0,430303
22,26	0,430303
22,28	0,430303
22,32	0,4363636
22,34	0,439394
22,39	0,4515152
22,41	0,4575758
22,46	0,469697
22,49	0,4787879
22,54	0,4909091
22,57	0,4939394
22,62	0,5
22,64	0,5030303
22,69	0,5030303
22,71	0,5030303
22,76	0,5030303
22,79	0,5030303
22,84	0,5030303
22,87	0,5030303
22,91	0,5030303
22,94	0,5030303
22,99	0,5030303
23,01	0,5030303
23,05	0,5030303
23,07	0,5030303
23,12	0,5030303
23,16	0,5030303
23,2	0,5030303
23,23	0,5030303
23,28	0,5030303
23,3	0,5030303
23,36	0,5030303
23,4	0,5030303
23,41	0,5030303
23,44	0,5030303
23,48	0,5030303
23,5	0,5030303
23,52	0,5030303
23,55	0,5030303
23,57	0,5030303
23,62	0,5030303
23,64	0,5030303
23,69	0,5030303
23,7	0,5030303
23,75	0,5030303
23,77	0,5030303
23,82	0,5030303
23,84	0,5030303
23,89	0,5030303
23,91	0,5030303
23,97	0,5030303
24,01	0,5030303
24,04	0,5030303
24,08	0,5030303
24,11	0,5030303
24,16	0,5030303
24,18	0,5030303
24,21	0,5030303
24,23	0,5030303
24,25	0,5030303
24,3	0,5030303
24,33	0,5030303
24,36	0,5030303
24,38	0,5030303
24,39	0,5030303
24,44	0,5030303
24,46	0,5030303
24,52	0,5030303
24,55	0,5030303
24,6	0,5030303
24,62	0,5030303
24,69	0,5030303
24,73	0,5030303
24,75	0,5030303
24,79	0,5030303
24,82	0,5030303
24,87	0,5030303
24,89	0,5030303
24,93	0,5030303
24,95	0,5030303
25	0,5030303
25,02	0,5030303
25,08	0,5030303
25,1	0,5030303
25,15	0,5030303
25,18	0,5030303
25,22	0,5030303
25,23	0,5030303
25,27	0,5030303
25,29	0,5030303
25,31	0,5030303
25,35	0,5030303
25,37	0,5030303
25,41	0,5030303
25,44	0,5030303
25,48	0,5030303
25,5	0,5030303
25,53	0,5030303
25,56	0,5030303
25,61	0,5030303
25,62	0,5030303
25,66	0,5030303
25,69	0,5030303
25,73	0,5030303
25,76	0,5030303
25,79	0,5030303
25,82	0,5030303
25,85	0,5030303
25,87	0,5030303
25,9	0,5030303
25,95	0,5030303
25,98	0,5030303
26,03	0,5030303
26,06	0,5030303
26,1	0,5030303
26,12	0,5030303
26,16	0,5030303
26,18	0,5030303
26,21	0,5030303
26,25	0,5030303
26,27	0,5030303
26,32	0,5030303
26,34	0,5030303
26,4	0,5030303
26,45	0,5030303
26,48	0,5030303
26,53	0,5030303
26,54	0,5030303
26,58	0,5030303
26,6	0,5030303
26,65	0,5030303
26,66	0,5030303
26,71	0,5030303
26,73	0,5030303
26,79	0,5030303
26,8	0,5030303
26,82	0,5030303
26,84	0,5030303
26,85	0,5030303
26,88	0,5030303
26,91	0,5030303
26,93	0,5030303
26,96	0,5030303
27,01	0,5030303
27,04	0,5030303
27,05	0,5030303
27,07	0,5030303
27,09	0,5030303
27,1	0,5030303
27,14	0,5030303
27,17	0,5030303
27,22	0,5030303
27,25	0,5030303
27,3	0,5030303
27,32	0,5030303
27,35	0,5030303
27,37	0,5030303
27,39	0,5030303
27,45	0,5030303
27,5	0,5030303
27,53	0,5030303
27,56	0,5030303
27,57	0,5030303
27,59	0,5030303
27,63	0,5030303
27,65	0,5030303
27,7	0,5030303
27,72	0,5030303
27,77	0,5030303
27,79	0,5030303
27,85	0,5030303
27,9	0,5030303
27,92	0,5030303
27,97	0,5030303
28,01	0,5030303
28,05	0,5030303
28,08	0,5030303
28,13	0,5030303
28,15	0,5030303
28,19	0,5030303
28,21	0,5030303
28,24	0,5030303
28,28	0,5030303
28,32	0,5030303
28,34	0,5030303
28,39	0,5030303
28,42	0,5030303
28,46	0,5030303
28,48	0,5030303
28,53	0,5030303
28,56	0,5030303
28,61	0,5030303
28,64	0,5030303
28,68	0,5030303
28,7	0,5030303
28,76	0,5030303
28,81	0,5030303
28,83	0,5030303
28,88	0,5030303
28,9	0,5030303
28,97	0,5030303
29	0,5030303
29,02	0,5030303
29,05	0,5030303
29,09	0,5030303
29,11	0,5030303
29,15	0,5030303
29,17	0,5030303
29,21	0,5030303
29,25	0,5030303
29,29	0,5030303
29,33	0,5030303
29,38	0,5030303
29,43	0,5030303
29,45	0,5030303
29,51	0,5030303
29,54	0,5030303
29,56	0,5030303
29,59	0,5030303
29,64	0,5030303
29,67	0,5030303
29,69	0,5030303
29,71	0,5030303
29,73	0,5030303
29,8	0,5030303
29,81	0,5030303
29,84	0,5030303
29,87	0,5030303
29,91	0,5030303
29,93	0,5030303
30,04	0,5030303
30,09	0,5030303
30,11	0,5030303
30,16	0,5030303
30,19	0,5030303
30,23	0,5030303
30,25	0,5030303
30,31	0,5030303
30,36	0,5030303
30,39	0,5030303
30,43	0,5030303
30,46	0,5030303
30,51	0,5030303
30,54	0,5030303
30,57	0,5030303
30,6	0,5030303
30,61	0,5030303
30,62	0,5030303
30,63	0,5030303
30,64	0,5030303
30,65	0,5030303
30,66	0,5030303
30,69	0,5030303
30,71	0,5030303
30,74	0,5030303
30,78	0,5030303
30,8	0,5030303
30,85	0,5030303
30,88	0,5030303
30,92	0,5030303
30,96	0,5030303
30,98	0,5030303
31,01	0,5030303
31,03	0,5030303
31,07	0,5030303
31,09	0,5030303
31,14	0,5030303
31,17	0,5030303
31,21	0,5030303
31,24	0,5030303
31,29	0,5030303
31,31	0,5030303
31,35	0,5030303
31,38	0,5030303
31,42	0,5030303
31,44	0,5030303
31,47	0,5030303
31,49	0,5030303
31,5	0,5030303
31,54	0,5030303
31,57	0,5030303
31,61	0,5030303
31,64	0,5030303
31,69	0,5030303
31,72	0,5030303
31,75	0,5030303
31,77	0,5030303
31,79	0,5030303
31,83	0,5030303
31,86	0,5030303
31,9	0,5030303
31,93	0,5030303
31,98	0,5030303
32	0,5030303
32,05	0,5030303
32,08	0,5030303
32,13	0,5030303
32,15	0,5030303
32,19	0,5030303
32,21	0,5030303
32,27	0,5030303
32,3	0,5030303
32,34	0,5030303
32,39	0,5030303
32,42	0,5030303
32,47	0,5030303
32,49	0,5030303
32,52	0,5030303
32,55	0,5030303
32,6	0,5030303
32,63	0,5030303
32,68	0,5030303
32,7	0,5030303
32,74	0,5030303
32,76	0,5030303
32,78	0,5030303
32,8	0,5030303
32,82	0,5030303
32,86	0,5030303
32,88	0,5030303
32,93	0,5030303
32,96	0,5030303
33	0,5030303
33,03	0,5030303
33,08	0,5030303
33,1	0,5030303
33,15	0,5030303
33,19	0,5030303
33,22	0,5030303
33,24	0,5030303
33,26	0,5030303
33,3	0,5030303
33,34	0,5030303
33,37	0,5030303
33,42	0,5030303
33,44	0,5030303
33,46	0,5030303
33,49	0,5030303
33,51	0,5030303
33,57	0,5030303
33,62	0,5030303
33,65	0,5030303
33,7	0,5030303
33,73	0,5030303
33,77	0,5030303
33,8	0,5030303
33,85	0,5030303
33,88	0,5030303
33,91	0,5030303
33,93	0,5030303
33,96	0,5030303
34	0,5030303
34,02	0,5030303
34,06	0,5030303
34,08	0,5030303
34,12	0,5030303
34,14	0,5030303
34,17	0,5030303
34,18	0,5030303
34,19	0,5030303
34,2	0,5030303
34,23	0,5030303
34,25	0,5030303
34,27	0,5030303
34,33	0,5030303
34,37	0,5030303
34,4	0,5030303
34,44	0,5030303
34,47	0,5030303
34,52	0,5030303
34,55	0,5030303
34,6	0,5030303
34,62	0,5030303
34,66	0,5030303
34,69	0,5030303
34,73	0,5030303
34,76	0,5030303
34,8	0,5030303
34,83	0,5030303
34,87	0,5030303
34,9	0,5030303
34,95	0,5030303
34,97	0,5030303
35,01	0,5030303
35,03	0,5030303
35,08	0,5030303
35,1	0,5030303
35,15	0,5030303
35,18	0,5030303
35,23	0,5030303
35,26	0,5030303
35,37	0,5030303
35,42	0,5030303
35,45	0,5030303
35,49	0,5030303
35,52	0,5030303
35,57	0,5030303
35,6	0,5030303
35,64	0,5030303
35,67	0,5030303
35,74	0,5030303
35,78	0,5030303
35,8	0,5030303
35,83	0,5030303
35,86	0,5030303
35,9	0,5030303
35,92	0,5030303
35,96	0,5030303
35,97	0,5030303
35,98	0,5030303
36,01	0,5030303
36,02	0,5030303
36,05	0,5030303
36,07	0,5030303
36,09	0,5030303
36,11	0,5030303
36,15	0,5030303
36,18	0,5030303
36,21	0,5030303
36,22	0,5030303
36,25	0,5030303
36,26	0,5030303
36,28	0,5030303
36,3	0,5030303
36,33	0,5030303
36,37	0,5030303
36,39	0,5030303
36,43	0,5030303
36,44	0,5030303
36,47	0,5030303
36,49	0,5030303
36,51	0,5030303
36,56	0,5030303
36,57	0,5030303
36,61	0,5030303
36,64	0,5030303
36,69	0,5030303
36,71	0,5030303
36,75	0,5030303
36,77	0,5030303
36,79	0,5030303
36,81	0,5030303
36,84	0,5030303
36,89	0,5030303
36,93	0,5030303
36,96	0,5030303
37,02	0,5030303
37,04	0,5030303
37,09	0,5030303
37,11	0,5030303
37,16	0,5030303
37,18	0,5030303
37,24	0,5030303
37,28	0,5030303
37,31	0,5030303
37,35	0,5030303
37,38	0,5030303
37,43	0,5030303
37,46	0,5030303
37,5	0,5030303
37,53	0,5030303
37,59	0,5030303
37,64	0,5030303
37,66	0,5030303
37,7	0,5030303
37,71	0,5030303
37,74	0,5030303
37,78	0,5030303
37,79	0,5030303
37,83	0,5030303
37,86	0,5030303
37,9	0,5030303
37,92	0,5030303
37,95	0,5030303
37,97	0,5030303
37,98	0,5030303
38,02	0,5030303
38,05	0,5030303
38,07	0,5030303
38,1	0,5030303
38,12	0,5030303
38,16	0,5030303
38,19	0,5030303
38,23	0,5030303
38,25	0,5030303
38,3	0,5030303
38,33	0,5030303
38,37	0,5030303
38,39	0,5030303
38,46	0,5030303
38,5	0,5030303
38,52	0,5030303
38,57	0,5030303
38,6	0,5030303
38,64	0,5030303
38,66	0,5030303
38,71	0,5030303
38,73	0,5030303
38,77	0,5030303
38,79	0,5030303
38,84	0,5030303
38,86	0,5030303
38,89	0,5030303
38,91	0,5030303
38,93	0,5030303
38,98	0,5030303
39,01	0,5030303
39,06	0,5030303
39,08	0,5030303
39,13	0,5030303
39,15	0,5030303
39,19	0,5030303
39,2	0,5030303
39,23	0,5030303
39,25	0,5030303
39,27	0,5030303
39,3	0,5030303
39,33	0,5030303
39,34	0,5030303
39,36	0,5030303
39,42	0,5030303
39,47	0,5030303
39,5	0,5030303
39,54	0,5030303
39,56	0,5030303
39,61	0,5030303
39,62	0,5030303
39,67	0,5030303
39,69	0,5030303
39,74	0,5030303
39,76	0,5030303
39,81	0,5030303
39,83	0,5030303
39,88	0,5030303
39,9	0,5030303
39,95	0,5030303
39,97	0,5030303
40,02	0,5030303
40,04	0,5030303
40,09	0,5030303
40,11	0,5030303
40,15	0,5030303
40,17	0,5030303
40,22	0,5030303
40,24	0,5030303
40,28	0,5030303
40,31	0,5030303
40,36	0,5030303
40,38	0,5030303
40,39	0,5030303
40,41	0,5030303
40,44	0,5030303
40,49	0,5030303
40,51	0,5030303
40,57	0,5030303
40,6	0,5030303
40,61	0,5030303
40,63	0,5030303
40,65	0,5030303
40,66	0,5030303
40,69	0,5030303
40,74	0,5030303
40,75	0,5030303
40,79	0,5030303
40,81	0,5030303
40,83	0,5030303
40,85	0,5030303
40,87	0,5030303
40,88	0,5030303
40,91	0,5030303
40,93	0,5030303
40,96	0,5030303
41	0,5030303
41,01	0,5030303
41,02	0,5030303
41,05	0,5030303
41,08	0,5030303
41,1	0,5030303
41,12	0,5030303
41,15	0,5030303
41,2	0,5030303
41,23	0,5030303
41,27	0,5030303
41,29	0,5030303
41,33	0,5030303
41,34	0,5030303
41,36	0,5030303
41,4	0,5030303
41,42	0,5030303
41,46	0,5030303
41,49	0,5030303
41,54	0,5030303
41,57	0,5030303
41,62	0,5030303
41,65	0,5030303
41,69	0,5030303
41,71	0,5030303
41,74	0,5030303
41,75	0,5030303
41,77	0,5030303
41,82	0,5030303
41,84	0,5030303
41,89	0,5030303
41,91	0,5030303
41,95	0,5030303
41,97	0,5030303
42,02	0,5030303
42,05	0,5030303
42,09	0,5030303
42,12	0,5030303
42,16	0,5030303
42,19	0,5030303
42,23	0,5030303
42,25	0,5030303
42,35	0,5030303
42,4	0,5030303
42,43	0,5030303
42,47	0,5030303
42,5	0,5030303
42,54	0,5030303
42,58	0,5030303
42,62	0,5030303
42,66	0,5060606
42,71	0,5212121
42,73	0,5272727
42,77	0,5393939
42,79	0,5424242
42,82	0,5515151
42,84	0,5545454
42,87	0,5575757
42,92	0,5575757
42,94	0,5575757
42,99	0,5575757
43,01	0,5575757
43,05	0,5575757
43,07	0,5575757
43,11	0,5575757
43,13	0,5575757
43,17	0,5575757
43,19	0,5575757
43,24	0,5575757
43,27	0,5575757
43,32	0,5575757
43,34	0,5575757
43,4	0,5575757
43,42	0,5575757
43,44	0,5575757
43,47	0,5575757
43,52	0,5575757
43,55	0,5575757
43,61	0,5575757
43,65	0,5575757
43,68	0,5575757
43,73	0,5575757
43,76	0,5575757
43,81	0,5575757
43,82	0,5575757
43,86	0,5575757
43,89	0,5575757
43,94	0,5575757
43,97	0,5575757
44,01	0,5575757
44,03	0,5575757
44,07	0,5575757
44,1	0,5575757
44,13	0,5575757
44,14	0,5575757
44,16	0,5575757
44,21	0,5575757
44,23	0,5575757
44,28	0,5575757
44,3	0,5575757
44,32	0,5575757
44,34	0,5575757
44,36	0,5575757
44,37	0,5575757
44,38	0,5575757
44,4	0,5575757
44,42	0,5575757
44,45	0,5575757
44,46	0,5575757
44,49	0,5575757
44,54	0,5575757
44,58	0,5575757
44,62	0,5575757
44,65	0,5575757
44,69	0,5575757
44,7	0,5575757
44,74	0,5575757
44,77	0,5575757
44,81	0,560606
44,84	0,5666667
44,88	0,5787879
44,9	0,5939394
44,94	0,6121212
44,96	0,6212121
45	0,6393939
45,03	0,6393939
45,07	0,6393939
45,1	0,6393939
45,15	0,6393939
45,18	0,6393939
45,22	0,6393939
45,25	0,6393939
45,29	0,6393939
45,32	0,6393939
45,37	0,6393939
45,39	0,6393939
45,42	0,6393939
45,44	0,6393939
45,47	0,6393939
45,52	0,6393939
45,55	0,6393939
45,6	0,6393939
45,63	0,6393939
45,67	0,6393939
45,69	0,6393939
45,78	0,6393939
45,83	0,6393939
45,85	0,6393939
45,9	0,6393939
45,92	0,6393939
45,97	0,6393939
45,99	0,6393939
46,03	0,6393939
46,06	0,6393939
46,1	0,6393939
46,13	0,6393939
46,17	0,6393939
46,2	0,6393939
46,24	0,6393939
46,26	0,6393939
46,31	0,6393939
46,33	0,6393939
46,37	0,6393939
46,4	0,6393939
46,44	0,6393939
46,46	0,6393939
46,51	0,6393939
46,54	0,6393939
46,58	0,6393939
46,61	0,6393939
46,66	0,6393939
46,68	0,6393939
46,73	0,6393939
46,75	0,6393939
46,8	0,6393939
46,82	0,6393939
46,87	0,6393939
46,89	0,6393939
46,93	0,6393939
46,96	0,6393939
47	0,6393939
47,01	0,6393939
47,06	0,6393939
47,08	0,6393939
47,14	0,6393939
47,19	0,6393939
47,22	0,6393939
47,27	0,6393939
47,29	0,6393939
47,35	0,6393939
47,39	0,6393939
47,41	0,6393939
47,46	0,6393939
47,49	0,6393939
47,54	0,6393939
47,55	0,6393939
47,59	0,6393939
47,6	0,6393939
47,63	0,6393939
47,68	0,6393939
47,71	0,6393939
47,75	0,6393939
47,78	0,6393939
47,8	0,6393939
47,83	0,6393939
47,86	0,6393939
47,9	0,6393939
47,92	0,6393939
47,95	0,6393939
47,98	0,6393939
48,03	0,6393939
48,05	0,6393939
48,08	0,6393939
48,11	0,6393939
48,16	0,6393939
48,18	0,6393939
48,24	0,6393939
48,29	0,6393939
48,31	0,6393939
48,35	0,6393939
48,37	0,6393939
48,4	0,6393939
48,43	0,6393939
48,47	0,6393939
48,5	0,6393939
48,54	0,6393939
48,57	0,6393939
48,63	0,6393939
48,68	0,6393939
48,71	0,6393939
48,75	0,6393939
48,78	0,6393939
48,82	0,6393939
48,84	0,6393939
48,89	0,6393939
48,91	0,6393939
48,94	0,6393939
48,95	0,6393939
48,98	0,6393939
49,02	0,6393939
49,04	0,6393939
49,09	0,6393939
49,11	0,6393939
49,15	0,6393939
49,18	0,6393939
49,23	0,6393939
49,25	0,6393939
49,29	0,6393939
49,32	0,6393939
49,36	0,6393939
49,39	0,6393939
49,44	0,6393939
49,51	0,6393939
49,56	0,6393939
49,59	0,6393939
49,63	0,6393939
49,66	0,6393939
49,7	0,6393939
49,72	0,6393939
49,77	0,6393939
49,8	0,6393939
49,84	0,6393939
49,87	0,6393939
49,92	0,6393939
49,95	0,6393939
49,99	0,6393939
50,01	0,6393939
50,06	0,6393939
50,09	0,6393939
50,13	0,6393939
50,15	0,6393939
50,21	0,6393939
50,26	0,6393939
50,29	0,6393939
50,3	0,6393939
50,33	0,6393939
50,35	0,6393939
50,39	0,6393939
50,42	0,6393939
50,47	0,6393939
50,49	0,6393939
50,53	0,6393939
50,57	0,6393939
50,62	0,6393939
50,64	0,6393939
50,68	0,6393939
50,7	0,6393939
50,74	0,6393939
50,76	0,6393939
50,8	0,6393939
50,82	0,6393939
50,87	0,6393939
50,89	0,6393939
50,92	0,6393939
50,94	0,6393939
50,97	0,6393939
51,01	0,6393939
51,03	0,6393939
51,09	0,6393939
51,2	0,6393939
51,24	0,6393939
51,26	0,6393939
51,31	0,6393939
51,33	0,6393939
51,38	0,6393939
51,4	0,6393939
51,45	0,6393939
51,47	0,6393939
51,52	0,6393939
51,55	0,6393939
51,6	0,6393939
51,62	0,6393939
51,66	0,6393939
51,69	0,6393939
51,74	0,6393939
51,77	0,6393939
51,81	0,6393939
51,84	0,6393939
51,89	0,6393939
51,91	0,6393939
51,96	0,6393939
51,99	0,6393939
52,04	0,6393939
52,06	0,6393939
52,11	0,6393939
52,14	0,6393939
52,18	0,6393939
52,21	0,6393939
52,25	0,6393939
52,29	0,6393939
52,34	0,6393939
52,37	0,6393939
52,42	0,6393939
52,44	0,6393939
52,48	0,6393939
52,5	0,6393939
52,55	0,6393939
52,58	0,6393939
52,62	0,6393939
52,65	0,6393939
52,69	0,6393939
52,71	0,6393939
52,76	0,6393939
52,78	0,6393939
52,83	0,6393939
52,85	0,6393939
52,87	0,6393939
52,89	0,6393939
52,92	0,6393939
52,96	0,6393939
52,98	0,6393939
53,02	0,6393939
53,05	0,6393939
53,1	0,6393939
53,11	0,6393939
53,17	0,6393939
53,22	0,6393939
53,25	0,6393939
53,27	0,6393939
53,3	0,6393939
53,32	0,6393939
53,36	0,6393939
53,38	0,6393939
53,43	0,6393939
53,45	0,6393939
53,49	0,6393939
53,51	0,6393939
53,56	0,6393939
53,58	0,6393939
53,62	0,6393939
53,64	0,6393939
53,67	0,6393939
53,7	0,6393939
53,73	0,6393939
53,75	0,6393939
53,77	0,6393939
53,8	0,6393939
53,81	0,6393939
53,83	0,6393939
53,85	0,6393939
53,87	0,6393939
53,9	0,6393939
53,94	0,6393939
53,97	0,6393939
54,02	0,6393939
54,04	0,6393939
54,09	0,6393939
54,11	0,6393939
54,16	0,6393939
54,18	0,6393939
54,22	0,6393939
54,24	0,6393939
54,28	0,6393939
54,3	0,6393939
54,37	0,6393939
54,41	0,6393939
54,43	0,6393939
54,47	0,6393939
54,5	0,6393939
54,54	0,6393939
54,57	0,6393939
54,62	0,6393939
54,64	0,6393939
54,69	0,6393939
54,71	0,6393939
54,76	0,6393939
54,78	0,6393939
54,83	0,6393939
54,86	0,6393939
54,9	0,6393939
54,93	0,6393939
54,97	0,6393939
55	0,6393939
55,05	0,6393939
55,07	0,6393939
55,12	0,6393939
55,14	0,6393939
55,19	0,6393939
55,22	0,6393939
55,26	0,6393939
55,29	0,6393939
55,33	0,6393939
55,37	0,6393939
55,41	0,6393939
55,44	0,6393939
55,48	0,6393939
55,5	0,6393939
55,55	0,6393939
55,58	0,6393939
55,62	0,6393939
55,64	0,6393939
55,69	0,6393939
55,71	0,6393939
55,76	0,6393939
55,78	0,6393939
55,83	0,6393939
55,85	0,6393939
55,9	0,6393939
55,92	0,6393939
55,96	0,6393939
55,99	0,6393939
56,04	0,6393939
56,06	0,6393939
56,11	0,6393939
56,13	0,6393939
56,18	0,6393939
56,2	0,6393939
56,25	0,6393939
56,27	0,6393939
56,31	0,6393939
56,34	0,6393939
56,39	0,6393939
56,41	0,6393939
56,46	0,6393939
56,49	0,6393939
56,59	0,6393939
56,65	0,6393939
56,69	0,6393939
56,71	0,6393939
56,76	0,6393939
56,78	0,6393939
56,82	0,6393939
56,85	0,6393939
56,89	0,6393939
56,91	0,6393939
56,96	0,6393939
57	0,6393939
57,04	0,6393939
57,06	0,6393939
57,11	0,6393939
57,14	0,6393939
57,18	0,6393939
57,21	0,6393939
57,25	0,6393939
57,28	0,6393939
57,32	0,6393939
57,34	0,6393939
57,4	0,6393939
57,44	0,6393939
57,47	0,6393939
57,51	0,6393939
57,54	0,6393939
57,59	0,6393939
57,61	0,6393939
57,66	0,6393939
57,68	0,6393939
57,72	0,6393939
57,75	0,6393939
57,79	0,6393939
57,81	0,6393939
57,86	0,6393939
57,88	0,6393939
57,92	0,6393939
57,95	0,6393939
57,99	0,6393939
58,02	0,6393939
58,06	0,6393939
58,09	0,6393939
58,14	0,6393939
58,16	0,6393939
58,21	0,6393939
58,23	0,6393939
58,29	0,6393939
58,33	0,6393939
58,35	0,6393939
58,4	0,6393939
58,42	0,6393939
58,47	0,6393939
58,49	0,6393939
58,54	0,6393939
58,57	0,6393939
58,61	0,6393939
58,63	0,6393939
58,68	0,6393939
58,7	0,6393939
58,75	0,6393939
58,78	0,6393939
58,83	0,6393939
58,85	0,6393939
58,89	0,6393939
58,92	0,6393939
58,96	0,6393939
58,98	0,6393939
59,02	0,6393939
59,05	0,6393939
59,09	0,6393939
59,11	0,6393939
59,15	0,6393939
59,21	0,6393939
59,25	0,6393939
59,28	0,6393939
59,32	0,6393939
59,34	0,6393939
59,41	0,6393939
59,45	0,6393939
59,47	0,6393939
59,54	0,6393939
59,59	0,6393939
59,61	0,6393939
59,66	0,6393939
59,68	0,6393939
59,72	0,6393939
59,74	0,6393939
59,79	0,6393939
59,81	0,6393939
59,86	0,6393939
59,88	0,6393939
59,92	0,6393939
59,95	0,6393939
59,99	0,6393939
60	0,6393939
60,01	0,6393939
60,02	0,6393939
60,03	0,6393939
60,05	0,6393939
60,07	0,6393939
60,12	0,6393939
60,14	0,6393939
60,19	0,6393939
60,22	0,6393939
60,26	0,6393939
60,29	0,6393939
60,33	0,6393939
60,36	0,6393939
60,4	0,6393939
60,44	0,6393939
60,48	0,6393939
60,51	0,6393939
60,56	0,6393939
60,58	0,6393939
60,62	0,6393939
60,64	0,6393939
60,69	0,6393939
60,71	0,6393939
60,76	0,6393939
60,79	0,6393939
60,83	0,6393939
60,85	0,6393939
60,89	0,6393939
60,92	0,6393939
60,96	0,6393939
60,98	0,6393939
61,02	0,6393939
61,05	0,6393939
61,09	0,6393939
61,11	0,6393939
61,15	0,6393939
61,17	0,6393939
61,22	0,6393939
61,24	0,6393939
61,28	0,6393939
61,31	0,6393939
61,35	0,6393939
61,36	0,6393939
61,38	0,6393939
61,44	0,6393939
61,5	0,6393939
61,52	0,6393939
61,57	0,6393939
61,59	0,6393939
61,64	0,6393939
61,66	0,6393939
61,71	0,6393939
61,74	0,6393939
61,79	0,6393939
61,81	0,6393939
61,86	0,6393939
61,88	0,6393939
61,99	0,6393939
62,03	0,6393939
62,06	0,6393939
62,1	0,6393939
62,12	0,6393939
62,17	0,6393939
62,2	0,6393939
62,25	0,6393939
62,27	0,6393939
62,31	0,6393939
62,34	0,6393939
62,39	0,6393939
62,41	0,6393939
62,48	0,6393939
62,52	0,6393939
62,56	0,6393939
62,61	0,6393939
62,63	0,6393939
62,67	0,6393939
62,69	0,6393939
62,71	0,6393939
62,72	0,6393939
62,74	0,6393939
62,76	0,6393939
62,8	0,6393939
62,83	0,6393939
62,88	0,6393939
62,92	0,6393939
62,96	0,6393939
62,99	0,6393939
63,04	0,6393939
63,07	0,6393939
63,11	0,6393939
63,14	0,6393939
63,18	0,6393939
63,21	0,6393939
63,26	0,6393939
63,29	0,6393939
63,34	0,6393939
63,36	0,6393939
63,41	0,6393939
63,44	0,6393939
63,49	0,6393939
63,52	0,6393939
63,57	0,6393939
63,59	0,6393939
63,64	0,6393939
63,67	0,6393939
63,73	0,6393939
63,77	0,6393939
63,8	0,6393939
63,84	0,6393939
63,87	0,6393939
63,92	0,6393939
63,95	0,6393939
64	0,6393939
64,02	0,6393939
64,07	0,6393939
64,09	0,6393939
64,13	0,6393939
64,15	0,6393939
64,19	0,6393939
64,21	0,6393939
64,26	0,6393939
64,29	0,6393939
64,35	0,6393939
64,4	0,6393939
64,42	0,6393939
64,48	0,6393939
64,52	0,6393939
64,55	0,6393939
64,6	0,6393939
64,62	0,6393939
64,66	0,6393939
64,69	0,6393939
64,73	0,6393939
64,76	0,6393939
64,8	0,6393939
64,82	0,6393939
64,87	0,6393939
64,89	0,6393939
64,93	0,6393939
64,97	0,6393939
65,01	0,6393939
65,04	0,6393939
65,09	0,6393939
65,12	0,6393939
65,16	0,6393939
65,19	0,6393939
65,24	0,6393939
65,27	0,6393939
65,33	0,6393939
65,39	0,6393939
65,44	0,6393939
65,46	0,6393939
65,51	0,6393939
65,55	0,6393939
65,6	0,6393939
65,62	0,6393939
65,67	0,6393939
65,7	0,6393939
65,75	0,6393939
65,77	0,6393939
65,79	0,6393939
65,81	0,6393939
65,84	0,6393939
65,88	0,6393939
65,91	0,6393939
65,95	0,6393939
65,98	0,6393939
66,02	0,6393939
66,04	0,6393939
66,09	0,6393939
66,12	0,6393939
66,17	0,6393939
66,19	0,6393939
66,23	0,6393939
66,26	0,6393939
66,31	0,6393939
66,32	0,6393939
66,36	0,6393939
66,39	0,6393939
66,41	0,6393939
66,44	0,6393939
66,46	0,6393939
66,5	0,6393939
66,52	0,6393939
66,55	0,6393939
66,58	0,6393939
66,61	0,6393939
66,62	0,6393939
66,63	0,6393939
66,66	0,6393939
66,7	0,6393939
66,73	0,6393939
66,76	0,6393939
66,78	0,6393939
66,8	0,6393939
66,85	0,6393939
66,87	0,6393939
66,91	0,6393939
66,93	0,6393939
66,97	0,6393939
66,99	0,6393939
67,03	0,6393939
67,06	0,6393939
67,12	0,6393939
67,17	0,6393939
67,2	0,6393939
67,24	0,6393939
67,27	0,6393939
67,31	0,6393939
67,34	0,6393939
67,45	0,6393939
67,49	0,6393939
67,53	0,6393939
67,58	0,6393939
67,61	0,6393939
67,65	0,6393939
67,68	0,6393939
67,73	0,6393939
67,75	0,6393939
67,8	0,6393939
67,83	0,6393939
67,87	0,6393939
67,91	0,6393939
67,96	0,6393939
67,98	0,6393939
68,04	0,6393939
68,09	0,6393939
68,12	0,6393939
68,16	0,6393939
68,21	0,6393939
68,26	0,6393939
68,29	0,6393939
68,34	0,6393939
68,37	0,6393939
68,41	0,6393939
68,44	0,6393939
68,48	0,6393939
68,51	0,6393939
68,56	0,6393939
68,6	0,6393939
68,64	0,6393939
68,66	0,6393939
68,7	0,6393939
68,72	0,6393939
68,77	0,6393939
68,8	0,6393939
68,84	0,6393939
68,87	0,6393939
68,92	0,6393939
68,95	0,6393939
69	0,6393939
69,02	0,6393939
69,07	0,6393939
69,09	0,6393939
69,14	0,6393939
69,16	0,6393939
69,21	0,6393939
69,23	0,6393939
69,27	0,6393939
69,3	0,6393939
69,34	0,6393939
69,36	0,6393939
69,4	0,6393939
69,43	0,6393939
69,47	0,6393939
69,5	0,6393939
69,55	0,6393939
69,58	0,6393939
69,64	0,6393939
69,67	0,6393939
69,68	0,6393939
69,69	0,6393939
69,7	0,6393939
69,75	0,6393939
69,78	0,6393939
69,82	0,6393939
69,84	0,6393939
69,9	0,6393939
69,95	0,6393939
69,97	0,6393939
70,03	0,6393939
70,08	0,6393939
70,11	0,6393939
70,17	0,6393939
70,21	0,6393939
70,24	0,6393939
70,28	0,6393939
70,3	0,6393939
70,35	0,6393939
70,38	0,6393939
70,43	0,6393939
70,46	0,6393939
70,5	0,6393939
70,55	0,6393939
70,6	0,6393939
70,63	0,6393939
70,65	0,6393939
70,67	0,6393939
70,72	0,6393939
70,75	0,6393939
70,79	0,6393939
70,82	0,6393939
70,86	0,6393939
70,88	0,6393939
70,92	0,6393939
70,94	0,6393939
70,99	0,6393939
71,02	0,6393939
71,07	0,6393939
71,1	0,6393939
71,15	0,6393939
71,17	0,6393939
71,22	0,6393939
71,25	0,6393939
71,29	0,6393939
71,31	0,6393939
71,37	0,6393939
71,43	0,6393939
71,48	0,6393939
71,51	0,6393939
71,57	0,6393939
71,63	0,6393939
71,68	0,6393939
71,71	0,6393939
71,76	0,6393939
71,79	0,6393939
71,84	0,6393939
71,86	0,6393939
71,91	0,6393939
71,94	0,6393939
71,98	0,6393939
72,02	0,6393939
72,07	0,6393939
72,1	0,6393939
72,15	0,6393939
72,18	0,6393939
72,24	0,6393939
72,29	0,6393939
72,31	0,6393939
72,35	0,6393939
72,38	0,6393939
72,43	0,6393939
72,46	0,6393939
72,5	0,6393939
72,53	0,6393939
72,6	0,6393939
72,65	0,6393939
72,68	0,6393939
72,73	0,6393939
72,76	0,6393939
72,8	0,6393939
72,83	0,6393939
72,88	0,6393939
72,92	0,6393939
72,96	0,6393939
72,99	0,6393939
73,03	0,6393939
73,06	0,6393939
73,12	0,6393939
73,22	0,6393939
73,27	0,6393939
73,29	0,6393939
73,34	0,6393939
73,35	0,6393939
73,37	0,6393939
73,4	0,6393939
73,42	0,6393939
73,47	0,6393939
73,49	0,6393939
73,54	0,6393939
73,6	0,6393939
73,65	0,6393939
73,68	0,6393939
73,72	0,6393939
73,75	0,6393939
73,8	0,6393939
73,82	0,6393939
73,88	0,6393939
73,93	0,6393939
73,97	0,6393939
74,01	0,6393939
74,04	0,6393939
74,07	0,6393939
74,08	0,6393939
74,09	0,6393939
74,12	0,6393939
74,16	0,6393939
74,19	0,6393939
74,24	0,6393939
74,28	0,6393939
74,33	0,6393939
74,38	0,6393939
74,41	0,6393939
74,45	0,6393939
74,48	0,6393939
74,53	0,6393939
74,57	0,6393939
74,58	0,6393939
74,59	0,6393939
74,6	0,6393939
74,61	0,6393939
74,64	0,6393939
74,7	0,6393939
74,76	0,6393939
74,81	0,6393939
74,85	0,6393939
74,89	0,6393939
74,92	0,6393939
74,98	0,6393939
75,01	0,6393939
75,06	0,6393939
75,09	0,6393939
75,13	0,6393939
75,16	0,6393939
75,21	0,6393939
75,23	0,6393939
75,28	0,6393939
75,31	0,6393939
75,36	0,6393939
75,39	0,6393939
75,43	0,6393939
75,48	0,6393939
75,52	0,6393939
75,55	0,6393939
75,6	0,6393939
75,62	0,6393939
75,67	0,6393939
75,71	0,6393939
75,76	0,6393939
75,79	0,6393939
75,84	0,6393939
75,86	0,6393939
75,91	0,6393939
75,94	0,6393939
75,97	0,6393939
76	0,6393939
76,04	0,6393939
76,06	0,6393939
76,11	0,6393939
76,14	0,6393939
76,18	0,6393939
76,22	0,6393939
76,27	0,6393939
76,29	0,6393939
76,34	0,6393939
76,37	0,6393939
76,42	0,6393939
76,44	0,6393939
76,48	0,6393939
76,51	0,6393939
76,57	0,6393939
76,62	0,6393939
76,65	0,6393939
76,7	0,6393939
76,74	0,6393939
76,79	0,6393939
76,81	0,6393939
76,86	0,6393939
76,89	0,6393939
76,94	0,6393939
76,96	0,6393939
77,01	0,6393939
77,03	0,6393939
77,08	0,6393939
77,1	0,6393939
77,14	0,6393939
77,17	0,6393939
77,22	0,6393939
77,24	0,6393939
77,3	0,6393939
77,35	0,6393939
77,38	0,6393939
77,42	0,6393939
77,45	0,6393939
77,5	0,6393939
77,53	0,6393939
77,58	0,6393939
77,61	0,6393939
77,66	0,6393939
77,69	0,6393939
77,74	0,6393939
77,76	0,6393939
77,8	0,6393939
77,84	0,6393939
77,88	0,6393939
77,91	0,6393939
77,95	0,6393939
77,98	0,6393939
78,02	0,6393939
78,05	0,6393939
78,1	0,6393939
78,12	0,6393939
78,17	0,6393939
78,2	0,6393939
78,25	0,6393939
78,28	0,6393939
78,33	0,6393939
78,36	0,6393939
78,41	0,6393939
78,43	0,6393939
78,49	0,6393939
78,54	0,6393939
78,57	0,6393939
78,62	0,6393939
78,65	0,6393939
78,7	0,6393939
78,73	0,6393939
78,76	0,6393939
78,78	0,6393939
78,81	0,6393939
78,91	0,6393939
78,95	0,6393939
78,98	0,6393939
79,01	0,6393939
79,03	0,6393939
79,05	0,6393939
79,09	0,6393939
79,11	0,6393939
79,17	0,6393939
79,22	0,6393939
79,25	0,6393939
79,3	0,6393939
79,32	0,6393939
79,37	0,6393939
79,4	0,6393939
79,44	0,6393939
79,47	0,6393939
79,52	0,6393939
79,55	0,6393939
79,59	0,6393939
79,62	0,6393939
79,68	0,6393939
79,73	0,6393939
79,76	0,6393939
79,8	0,6393939
79,84	0,6393939
79,88	0,6393939
79,91	0,6393939
79,95	0,6393939
79,98	0,6393939
80,03	0,6393939
80,07	0,6393939
80,11	0,6393939
80,15	0,6393939
80,2	0,6393939
80,23	0,6393939
80,27	0,6393939
80,3	0,6393939
80,35	0,6393939
80,37	0,6393939
80,41	0,6393939
80,44	0,6393939
80,49	0,6393939
80,52	0,6393939
80,58	0,6393939
80,63	0,6393939
80,66	0,6393939
80,71	0,6393939
80,73	0,6393939
80,78	0,6393939
80,82	0,6393939
80,87	0,6393939
80,89	0,6393939
80,94	0,6393939
80,97	0,6393939
81,02	0,6393939
81,04	0,6393939
81,09	0,6393939
81,12	0,6393939
81,17	0,6393939
81,19	0,6393939
81,24	0,6393939
81,25	0,6393939
81,26	0,6393939
81,27	0,6393939
81,28	0,6393939
81,31	0,6393939
81,35	0,6393939
81,36	0,6393939
81,37	0,6393939
81,41	0,6393939
81,44	0,6393939
81,48	0,6393939
81,51	0,6393939
81,56	0,6393939
81,59	0,6393939
81,64	0,6393939
81,67	0,6393939
81,73	0,6393939
81,77	0,6393939
81,78	0,6393939
81,8	0,6393939
81,85	0,6393939
81,87	0,6393939
81,93	0,6393939
81,98	0,6393939
82,01	0,6393939
82,05	0,6393939
82,09	0,6393939
82,14	0,6393939
82,16	0,6393939
82,24	0,6393939
82,29	0,6393939
82,35	0,6393939
82,41	0,6393939
82,46	0,6393939
82,48	0,6393939
82,52	0,6393939
82,56	0,6393939
82,61	0,6393939
82,66	0,6393939
82,68	0,6393939
82,73	0,6393939
82,76	0,6393939
82,81	0,6393939
82,84	0,6393939
82,89	0,6393939
82,91	0,6393939
82,96	0,6393939
82,98	0,6393939
83,03	0,6393939
83,04	0,6393939
83,06	0,6393939
83,08	0,6393939
83,11	0,6393939
83,16	0,6393939
83,18	0,6393939
83,23	0,6393939
83,25	0,6393939
83,3	0,6393939
83,33	0,6393939
83,37	0,6393939
83,4	0,6393939
83,45	0,6393939
83,47	0,6393939
83,52	0,6393939
83,55	0,6393939
83,6	0,6393939
83,62	0,6393939
83,67	0,6393939
83,69	0,6393939
83,74	0,6393939
83,77	0,6393939
83,81	0,6393939
83,84	0,6393939
83,89	0,6393939
83,91	0,6393939
83,96	0,6393939
83,99	0,6393939
84,03	0,6393939
84,06	0,6393939
84,1	0,6393939
84,13	0,6393939
84,19	0,6393939
84,24	0,6393939
84,26	0,6393939
84,31	0,6393939
84,34	0,6393939
84,39	0,6393939
84,42	0,6393939
84,5	0,6393939
84,56	0,6393939
84,61	0,6393939
84,63	0,6393939
84,68	0,6393939
84,7	0,6393939
84,77	0,6393939
84,82	0,6393939
84,84	0,6393939
84,9	0,6393939
84,95	0,6393939
84,99	0,6393939
85,03	0,6393939
85,06	0,6393939
85,14	0,6393939
85,17	0,6393939
85,21	0,6393939
85,24	0,6393939
85,28	0,6393939
85,32	0,6393939
85,37	0,6393939
85,4	0,6393939
85,45	0,6393939
85,48	0,6393939
85,52	0,6393939
85,56	0,6393939
85,61	0,6393939
85,64	0,6393939
85,68	0,6393939
85,71	0,6393939
85,76	0,6393939
85,8	0,6393939
85,85	0,6393939
85,87	0,6393939
85,92	0,6393939
85,94	0,6393939
86	0,6393939
86,04	0,6393939
86,08	0,6393939
86,13	0,6393939
86,14	0,6393939
86,19	0,6393939
86,22	0,6393939
86,26	0,6393939
86,28	0,6393939
86,34	0,6393939
86,4	0,6393939
86,45	0,6393939
86,47	0,6393939
86,52	0,6393939
86,56	0,6393939
86,61	0,6393939
86,63	0,6393939
86,68	0,6393939
86,71	0,6393939
86,76	0,6393939
86,78	0,6393939
86,82	0,6393939
86,86	0,6393939
86,91	0,6393939
86,95	0,6393939
86,97	0,6393939
86,99	0,6393939
87,01	0,6393939
87,04	0,6393939
87,06	0,6393939
87,09	0,6393939
87,12	0,6393939
87,13	0,6393939
87,15	0,6393939
87,18	0,6393939
87,2	0,6393939
87,23	0,6393939
87,26	0,6393939
87,28	0,6393939
87,29	0,6393939
87,33	0,6393939
87,35	0,6393939
87,37	0,6393939
87,38	0,6393939
87,41	0,6393939
87,45	0,6393939
87,47	0,6393939
87,5	0,6393939
87,51	0,6393939
87,54	0,6393939
87,55	0,6393939
87,56	0,6393939
87,59	0,6393939
87,61	0,6393939
87,64	0,6393939
87,65	0,6393939
87,67	0,6393939
87,69	0,6393939
87,7	0,6393939
87,74	0,6393939
87,79	0,6393939
87,81	0,6393939
87,86	0,6393939
87,88	0,6393939
87,92	0,6393939
87,94	0,6393939
87,96	0,6393939
87,98	0,6393939
88,01	0,6393939
88,04	0,6393939
88,05	0,6393939
88,08	0,6393939
88,13	0,6393939
88,15	0,6393939
88,21	0,6393939
88,27	0,6393939
88,3	0,6393939
88,34	0,6393939
88,4	0,6393939
88,46	0,6393939
88,48	0,6393939
88,54	0,6393939
88,6	0,6393939
88,66	0,6393939
88,71	0,6393939
88,74	0,6393939
88,78	0,6393939
88,81	0,6393939
88,87	0,6393939
88,92	0,6393939
88,95	0,6393939
89	0,6393939
89,03	0,6393939
89,08	0,6393939
89,1	0,6393939
89,16	0,6393939
89,21	0,6393939
89,23	0,6393939
89,28	0,6393939
89,3	0,6393939
89,36	0,6393939
89,41	0,6393939
89,43	0,6393939
89,49	0,6393939
89,53	0,6393939
89,57	0,6393939
89,62	0,6393939
89,64	0,6393939
89,69	0,6393939
89,75	0,6393939
89,8	0,6393939
89,83	0,6393939
89,88	0,6393939
89,91	0,6393939
90,04	0,6393939
90,09	0,6393939
90,11	0,6393939
90,15	0,6393939
90,18	0,6393939
90,23	0,6393939
90,26	0,6393939
90,31	0,6393939
90,33	0,6393939
90,38	0,6393939
90,41	0,6393939
90,45	0,6393939
90,48	0,6393939
90,52	0,6393939
90,56	0,6393939
90,6	0,6393939
90,63	0,6393939
90,68	0,6393939
90,7	0,6393939
90,75	0,6393939
90,77	0,6393939
90,82	0,6393939
90,84	0,6393939
90,89	0,6393939
90,91	0,6393939
90,95	0,6393939
90,98	0,6393939
91,06	0,6393939
91,09	0,6393939
91,13	0,6393939
91,15	0,6393939
91,2	0,6393939
91,22	0,6393939
91,26	0,6393939
91,28	0,6393939
91,33	0,6393939
91,35	0,6393939
91,4	0,6393939
91,42	0,6393939
91,47	0,6393939
91,51	0,6393939
91,56	0,6393939
91,59	0,6393939
91,64	0,6393939
91,66	0,6393939
91,71	0,6393939
91,74	0,6393939
91,78	0,6393939
91,8	0,6393939
91,85	0,6393939
91,87	0,6393939
91,92	0,6393939
91,94	0,6393939
91,99	0,6393939
92,01	0,6393939
92,07	0,6393939
92,12	0,6393939
92,14	0,6393939
92,2	0,6393939
92,24	0,6393939
92,27	0,6393939
92,32	0,6393939
92,34	0,6393939
92,39	0,6393939
92,42	0,6393939
92,46	0,6393939
92,49	0,6393939
92,53	0,6393939
92,56	0,6393939
92,61	0,6393939
92,63	0,6393939
92,68	0,6393939
92,7	0,6393939
92,74	0,6393939
92,76	0,6393939
92,81	0,6393939
92,84	0,6393939
92,88	0,6393939
92,91	0,6393939
92,97	0,6393939
93,02	0,6393939
93,04	0,6393939
93,09	0,6393939
93,13	0,6393939
93,18	0,6393939
93,21	0,6393939
93,26	0,6393939
93,3	0,6393939
93,34	0,6393939
93,37	0,6393939
93,42	0,6393939
93,44	0,6393939
93,49	0,6393939
93,51	0,6393939
93,57	0,6393939
93,62	0,6393939
93,65	0,6393939
93,7	0,6393939
93,73	0,6393939
93,77	0,6393939
93,8	0,6393939
93,84	0,6393939
93,87	0,6393939
93,91	0,6393939
93,94	0,6393939
93,98	0,6393939
94,01	0,6393939
94,06	0,6393939
94,08	0,6393939
94,13	0,6393939
94,16	0,6393939
94,21	0,6393939
94,24	0,6393939
94,28	0,6393939
94,31	0,6393939
94,36	0,6393939
94,38	0,6393939
94,43	0,6393939
94,46	0,6393939
94,51	0,6393939
94,55	0,6393939
94,6	0,6393939
94,62	0,6393939
94,66	0,6393939
94,68	0,6393939
94,73	0,6393939
94,75	0,6393939
94,8	0,6393939
94,82	0,6393939
94,87	0,6393939
94,89	0,6393939
94,94	0,6393939
94,96	0,6393939
95,01	0,6393939
95,03	0,6393939
95,08	0,6393939
95,11	0,6393939
95,15	0,6393939
95,18	0,6393939
95,22	0,6393939
95,24	0,6393939
95,28	0,6393939
95,31	0,6393939
95,36	0,6393939
95,39	0,6393939
95,44	0,6393939
95,46	0,6393939
95,49	0,6393939
95,51	0,6393939
95,55	0,6393939
95,6	0,6393939
95,62	0,6393939
95,72	0,6393939
95,74	0,6393939
95,76	0,6393939
95,78	0,6393939
95,83	0,6393939
95,85	0,6393939
95,9	0,6393939
95,93	0,6393939
95,97	0,6393939
95,99	0,6393939
96,02	0,6393939
96,05	0,6393939
96,08	0,6393939
96,1	0,6393939
96,14	0,6393939
96,18	0,6393939
96,2	0,6393939
96,25	0,6393939
96,27	0,6393939
96,34	0,6393939
96,4	0,6393939
96,43	0,6393939
96,45	0,6393939
96,48	0,6393939
96,52	0,6393939
96,56	0,6393939
96,6	0,6393939
96,63	0,6393939
96,68	0,6393939
96,7	0,6393939
96,76	0,6393939
96,81	0,6393939
96,84	0,6393939
96,88	0,6393939
96,91	0,6393939
96,96	0,6393939
96,99	0,6393939
97,17	0,6393939
97,21	0,6393939
97,24	0,6393939
97,29	0,6393939
97,31	0,6393939
97,36	0,6393939
97,4	0,6393939
97,45	0,6393939
97,48	0,6393939
97,52	0,6393939
97,55	0,6393939
97,6	0,6393939
97,62	0,6393939
97,67	0,6393939
97,69	0,6393939
97,75	0,6393939
97,8	0,6393939
97,82	0,6393939
97,84	0,6393939
97,87	0,6393939
97,89	0,6393939
97,94	0,6393939
97,97	0,6393939
98,02	0,6393939
98,05	0,6393939
98,09	0,6393939
98,11	0,6393939
98,17	0,6393939
98,21	0,6393939
98,24	0,6393939
98,29	0,6393939
98,32	0,6393939
98,37	0,6393939
98,41	0,6393939
98,46	0,6393939
98,48	0,6393939
98,53	0,6393939
98,57	0,6393939
98,61	0,6393939
98,63	0,6393939
98,67	0,6393939
98,68	0,6393939
98,71	0,6393939
98,76	0,6393939
98,78	0,6393939
98,83	0,6393939
98,85	0,6393939
98,91	0,6393939
98,96	0,6393939
98,99	0,6393939
99,04	0,6393939
99,06	0,6393939
99,1	0,6393939
99,12	0,6393939
99,17	0,6393939
99,2	0,6393939
99,24	0,6393939
99,27	0,6393939
99,33	0,6393939
99,37	0,6393939
99,4	0,6393939
99,45	0,6393939
99,47	0,6393939
99,52	0,6393939
99,56	0,6393939
99,61	0,6393939
99,63	0,6393939
99,68	0,6393939
99,7	0,6393939
99,77	0,6393939
99,82	0,6393939
99,84	0,6393939
99,89	0,6393939
99,91	0,6393939
99,96	0,6393939
99,99	0,6393939
100,04	0,6393939
100,06	0,6393939
100,11	0,6393939
100,15	0,6393939
100,19	0,6393939
100,21	0,6393939
100,26	0,6393939
100,29	0,6393939
100,35	0,6393939
100,4	0,6393939
100,44	0,6393939
100,49	0,6393939
100,51	0,6393939
100,56	0,6393939
100,59	0,6393939
100,63	0,6393939
100,66	0,6393939
100,71	0,6393939
100,76	0,6393939
100,8	0,6393939
100,85	0,6393939
100,88	0,6393939
100,92	0,6393939
100,95	0,6393939
101	0,6393939
101,02	0,6393939
101,07	0,6393939
101,1	0,6393939
101,14	0,6393939
101,17	0,6393939
101,22	0,6393939
101,24	0,6393939
101,29	0,6393939
101,33	0,6393939
101,38	0,6393939
101,41	0,6393939
101,52	0,6393939
101,58	0,6393939
101,63	0,6393939
101,66	0,6393939
101,71	0,6393939
101,74	0,6393939
101,78	0,6393939
101,81	0,6393939
101,86	0,6393939
101,9	0,6393939
101,95	0,6393939
101,97	0,6393939
102,03	0,6393939
102,08	0,6393939
102,11	0,6393939
102,16	0,6393939
102,19	0,6393939
102,24	0,6393939
102,26	0,6393939
102,31	0,6393939
102,33	0,6393939
102,38	0,6393939
102,41	0,6393939
102,46	0,6393939
102,49	0,6393939
102,54	0,6393939
102,56	0,6393939
102,6	0,6393939
102,61	0,6393939
102,62	0,6393939
102,68	0,6393939
102,71	0,6393939
102,72	0,6393939
102,74	0,6393939
102,79	0,6393939
102,81	0,6393939
102,86	0,6393939
102,87	0,6393939
102,92	0,6393939
102,94	0,6393939
102,99	0,6393939
103,01	0,6393939
103,06	0,6393939
103,09	0,6393939
103,13	0,6393939
103,16	0,6393939
103,2	0,6393939
103,23	0,6393939
103,28	0,6393939
103,31	0,6393939
103,36	0,6393939
103,38	0,6393939
103,43	0,6393939
103,45	0,6393939
103,51	0,6393939
103,57	0,6393939
103,62	0,6393939
103,64	0,6393939
103,69	0,6393939
103,71	0,6393939
103,76	0,6393939
103,79	0,6393939
103,83	0,6393939
103,86	0,6393939
103,91	0,6393939
103,94	0,6393939
103,99	0,6393939
104,01	0,6393939
104,07	0,6393939
104,12	0,6393939
104,14	0,6393939
104,19	0,6393939
104,22	0,6393939
104,28	0,6393939
104,34	0,6393939
104,39	0,6393939
104,42	0,6393939
104,47	0,6393939
104,51	0,6393939
104,57	0,6393939
104,62	0,6393939
104,64	0,6393939
104,7	0,6393939
104,76	0,6393939
104,81	0,6393939
104,84	0,6393939
104,9	0,6393939
104,95	0,6393939
104,98	0,6393939
105,03	0,6393939
105,06	0,6393939
105,11	0,6393939
105,13	0,6393939
105,19	0,6393939
105,24	0,6393939
105,27	0,6393939
105,32	0,6393939
105,34	0,6393939
105,42	0,6393939
105,46	0,6393939
105,49	0,6393939
105,53	0,6393939
105,57	0,6393939
105,63	0,6393939
105,68	0,6393939
105,7	0,6393939
105,75	0,6393939
105,78	0,6393939
105,83	0,6393939
105,86	0,6393939
105,9	0,6393939
105,93	0,6393939
105,97	0,6393939
106	0,6393939
106,04	0,6393939
106,07	0,6393939
106,11	0,6393939
106,14	0,6393939
106,18	0,6393939
106,22	0,6393939
106,27	0,6393939
106,3	0,6393939
106,35	0,6393939
106,37	0,6393939
106,42	0,6393939
106,44	0,6393939
106,5	0,6393939
106,57	0,6393939
106,6	0,6393939
106,63	0,6393939
106,67	0,6393939
106,68	0,6393939
106,7	0,6393939
106,74	0,6393939
106,78	0,6393939
106,8	0,6393939
106,82	0,6393939
106,85	0,6393939
106,9	0,6393939
106,92	0,6393939
106,97	0,6393939
107	0,6393939
107,04	0,6393939
107,11	0,6393939
107,16	0,6393939
107,18	0,6393939
107,21	0,6393939
107,23	0,6393939
107,24	0,6393939
107,28	0,6393939
107,3	0,6393939
107,35	0,6393939
107,37	0,6393939
107,41	0,6393939
107,42	0,6393939
107,44	0,6393939
107,48	0,6393939
107,49	0,6393939
107,5	0,6393939
107,56	0,6393939
107,62	0,6393939
107,67	0,6393939
107,69	0,6393939
107,71	0,6393939
107,73	0,6393939
107,74	0,6393939
107,75	0,6393939
107,79	0,6393939
107,81	0,6393939
107,83	0,6393939
107,85	0,6393939
107,87	0,6393939
107,9	0,6393939
107,92	0,6393939
107,93	0,6393939
107,97	0,6393939
107,98	0,6393939
108,01	0,6393939
108,05	0,6393939
108,07	0,6393939
108,11	0,6393939
108,12	0,6393939
108,13	0,6393939
108,17	0,6393939
108,19	0,6393939
108,24	0,6393939
108,26	0,6393939
108,29	0,6393939
108,31	0,6393939
108,32	0,6393939
108,34	0,6393939
108,35	0,6393939
108,37	0,6393939
108,39	0,6393939
108,44	0,6393939
108,46	0,6393939
108,51	0,6393939
108,54	0,6393939
108,6	0,6393939
108,65	0,6393939
108,67	0,6393939
108,72	0,6393939
108,75	0,6393939
108,8	0,6393939
108,83	0,6393939
108,87	0,6393939
108,9	0,6393939
108,95	0,6393939
108,97	0,6393939
109,02	0,6393939
109,04	0,6393939
109,09	0,6393939
109,12	0,6393939
109,17	0,6393939
109,19	0,6393939
109,24	0,6393939
109,26	0,6393939
109,3	0,6393939
109,32	0,6393939
109,35	0,6393939
109,37	0,6393939
109,4	0,6393939
109,44	0,6393939
109,46	0,6393939
109,52	0,6393939
109,58	0,6393939
109,64	0,6393939
109,69	0,6393939
109,71	0,6393939
109,78	0,6393939
109,83	0,6393939
109,85	0,6393939
109,91	0,6393939
109,95	0,6393939
109,98	0,6393939
110,02	0,6393939
110,05	0,6393939
110,09	0,6393939
110,12	0,6393939
110,17	0,6393939
110,19	0,6393939
110,23	0,6393939
110,26	0,6393939
110,3	0,6393939
110,33	0,6393939
110,47	0,6393939
110,52	0,6393939
110,55	0,6393939
110,6	0,6393939
110,64	0,6393939
110,67	0,6393939
110,69	0,6393939
110,74	0,6393939
110,76	0,6393939
110,81	0,6393939
110,84	0,6393939
110,88	0,6393939
110,92	0,6393939
110,96	0,6393939
110,98	0,6393939
111,02	0,6393939
111,06	0,6393939
111,11	0,6393939
111,13	0,6393939
111,18	0,6393939
111,2	0,6393939
111,25	0,6393939
111,28	0,6393939
111,32	0,6393939
111,36	0,6393939
111,4	0,6393939
111,45	0,6393939
111,49	0,6393939
111,53	0,6393939
111,56	0,6393939
111,61	0,6393939
111,63	0,6393939
111,69	0,6393939
111,74	0,6393939
111,77	0,6393939
111,81	0,6393939
111,84	0,6393939
111,88	0,6393939
111,9	0,6393939
111,93	0,6393939
111,95	0,6393939
111,97	0,6393939
112,01	0,6393939
112,03	0,6393939
112,08	0,6393939
112,1	0,6393939
112,14	0,6393939
112,16	0,6393939
112,21	0,6393939
112,23	0,6393939
112,28	0,6393939
112,3	0,6393939
112,34	0,6393939
112,35	0,6393939
112,37	0,6393939
112,46	0,6393939
112,51	0,6393939
112,55	0,6393939
112,6	0,6393939
112,62	0,6393939
112,66	0,6393939
112,69	0,6393939
112,75	0,6393939
112,81	0,6393939
112,84	0,6393939
112,89	0,6393939
112,91	0,6393939
112,95	0,6393939
112,97	0,6393939
113,02	0,6393939
113,04	0,6393939
113,07	0,6393939
113,1	0,6393939
113,15	0,6393939
113,17	0,6393939
113,22	0,6393939
113,24	0,6393939
113,29	0,6393939
113,31	0,6393939
113,36	0,6393939
113,38	0,6393939
113,43	0,6393939
113,45	0,6393939
113,51	0,6393939
113,56	0,6393939
113,58	0,6393939
113,63	0,6393939
113,65	0,6393939
113,7	0,6393939
113,73	0,6393939
113,79	0,6393939
113,85	0,6393939
113,91	0,6393939
113,95	0,6393939
113,98	0,6393939
114,03	0,6393939
114,05	0,6393939
114,1	0,6393939
114,13	0,6393939
114,18	0,6393939
114,2	0,6393939
114,26	0,6393939
114,3	0,6393939
114,33	0,6393939
114,37	0,6393939
114,41	0,6393939
114,46	0,6393939
114,48	0,6393939
114,53	0,6393939
114,56	0,6393939
114,6	0,6393939
114,62	0,6393939
114,67	0,6393939
114,69	0,6393939
114,73	0,6393939
114,76	0,6393939
114,81	0,6393939
114,83	0,6393939
114,87	0,6393939
114,91	0,6393939
114,97	0,6393939
115,02	0,6393939
115,04	0,6393939
115,09	0,6393939
115,12	0,6393939
115,16	0,6393939
115,19	0,6393939
115,24	0,6393939
115,26	0,6393939
115,31	0,6393939
115,34	0,6393939
115,39	0,6393939
115,41	0,6393939
115,47	0,6393939
115,53	0,6393939
115,58	0,6393939
115,61	0,6393939
115,68	0,6393939
115,71	0,6393939
115,76	0,6393939
115,78	0,6393939
115,83	0,6393939
115,85	0,6393939
115,9	0,6393939
115,93	0,6393939
115,97	0,6393939
115,99	0,6393939
116,05	0,6393939
116,09	0,6393939
116,12	0,6393939
116,17	0,6393939
116,19	0,6393939
116,24	0,6393939
116,28	0,6393939
116,33	0,6393939
116,35	0,6393939
116,4	0,6393939
116,42	0,6393939
116,47	0,6393939
116,49	0,6393939
116,54	0,6393939
116,57	0,6393939
116,62	0,6393939
116,64	0,6393939
116,68	0,6393939
116,7	0,6393939
116,74	0,6393939
116,77	0,6393939
116,82	0,6393939
116,84	0,6393939
116,89	0,6393939
116,91	0,6393939
116,96	0,6393939
116,99	0,6393939
117,05	0,6393939
117,1	0,6393939
117,13	0,6393939
117,17	0,6393939
117,2	0,6393939
117,25	0,6484848
117,27	0,6515151
117,33	0,6666666
117,39	0,6818181
117,43	0,6909091
117,45	0,6939394
117,5	0,7121212
117,53	0,7181818
117,58	0,730303
117,61	0,7333333
117,66	0,7515152
117,7	0,7575758
117,78	0,7727273
117,83	0,7909091
117,88	0,7909091
117,9	0,7909091
117,95	0,7909091
117,98	0,7909091
118,04	0,7909091
118,1	0,7909091
118,14	0,7909091
118,17	0,7909091
118,21	0,7909091
118,24	0,7909091
118,34	0,7909091
118,39	0,7909091
118,42	0,7909091
118,47	0,7909091
118,49	0,7909091
118,54	0,7909091
118,57	0,7909091
118,62	0,7909091
118,64	0,7909091
118,69	0,7909091
118,71	0,7909091
118,75	0,7909091
118,76	0,7909091
118,79	0,7909091
118,83	0,7909091
118,86	0,7909091
118,89	0,7909091
118,9	0,7909091
118,91	0,7909091
118,94	0,7909091
118,95	0,7909091
118,97	0,7909091
118,99	0,7909091
119	0,7909091
119,04	0,7909091
119,07	0,7909091
119,12	0,7909091
119,13	0,7909091
119,15	0,7909091
119,17	0,7909091
119,19	0,7909091
119,24	0,7909091
119,27	0,7909091
119,31	0,7909091
119,34	0,7909091
119,38	0,7909091
119,41	0,7909091
119,46	0,7909091
119,49	0,7909091
119,53	0,7909091
119,55	0,7909091
119,58	0,7909091
119,61	0,7909091
119,66	0,7909091
119,69	0,7909091
119,76	0,7909091
119,78	0,7909091
119,8	0,7909091
119,83	0,7909091
119,88	0,7909091
119,92	0,7909091
119,94	0,7909091
119,98	0,7909091
120,03	0,7909091
120,08	0,7909091
120,14	0,7909091
120,19	0,7909091
120,21	0,7909091
120,26	0,7909091
120,29	0,7909091
120,35	0,7909091
120,39	0,7909091
120,41	0,7909091
120,46	0,7909091
120,5	0,7909091
120,54	0,7909091
120,57	0,7909091
120,61	0,7909091
120,63	0,7909091
120,67	0,7909091
120,69	0,7909091
120,74	0,7909091
120,77	0,7909091
120,81	0,7909091
120,84	0,7909091
120,88	0,7909091
120,91	0,7909091
120,95	0,7909091
120,98	0,7909091
121,02	0,7909091
121,05	0,7909091
121,09	0,7909091
121,11	0,7909091
121,17	0,7909091
121,22	0,7909091
121,25	0,7909091
121,29	0,7909091
121,32	0,7909091
121,4	0,7909091
121,46	0,7909091
121,5	0,7909091
121,51	0,7909091
121,54	0,7909091
121,57	0,7909091
121,6	0,7909091
121,64	0,7909091
121,67	0,7909091
121,72	0,7909091
121,74	0,7909091
121,79	0,7909091
121,82	0,7909091
121,87	0,7909091
121,89	0,7909091
121,94	0,7909091
121,96	0,7909091
122	0,7909091
122,03	0,7909091
122,08	0,7909091
122,1	0,7909091
122,15	0,7909091
122,17	0,7909091
122,22	0,7909091
122,24	0,7909091
122,29	0,7909091
122,31	0,7909091
122,36	0,7909091
122,4	0,7909091
122,44	0,7909091
122,48	0,7909091
122,53	0,7909091
122,57	0,7909091
122,61	0,7909091
122,64	0,7909091
122,68	0,7909091
122,7	0,7909091
122,75	0,7909091
122,77	0,7909091
122,82	0,7909091
122,84	0,7909091
122,88	0,7909091
122,9	0,7909091
122,93	0,7909091
122,94	0,7909091
122,96	0,7909091
123,01	0,7909091
123,03	0,7909091
123,08	0,7909091
123,11	0,7909091
123,15	0,7909091
123,18	0,7909091
123,22	0,7909091
123,25	0,7909091
123,28	0,7909091
123,29	0,7909091
123,3	0,7909091
123,33	0,7909091
123,34	0,7909091
123,37	0,7909091
123,39	0,7909091
123,49	0,7909091
123,52	0,7909091
123,54	0,7909091
123,57	0,7909091
123,59	0,7909091
123,62	0,7909091
123,63	0,7909091
123,66	0,7909091
123,68	0,7909091
123,7	0,7909091
123,74	0,7909091
123,77	0,7909091
123,78	0,7909091
123,79	0,7909091
123,81	0,7909091
123,83	0,7909091
123,88	0,7909091
123,9	0,7909091
123,94	0,7909091
123,97	0,7909091
124,02	0,7909091
124,04	0,7909091
124,08	0,7909091
124,11	0,7909091
124,16	0,7909091
124,18	0,7909091
124,23	0,7909091
124,26	0,7909091
124,31	0,7909091
124,34	0,7909091
124,4	0,7909091
124,44	0,7909091
124,47	0,7909091
124,51	0,7909091
124,55	0,7909091
124,59	0,7909091
124,62	0,7909091
124,67	0,7909091
124,7	0,7909091
124,74	0,7909091
124,77	0,7909091
124,82	0,7909091
124,84	0,7909091
124,89	0,7909091
124,92	0,7909091
124,97	0,7909091
124,99	0,7909091
125,04	0,7909091
125,07	0,7909091
125,11	0,7909091
125,14	0,7909091
125,19	0,7909091
125,21	0,7909091
125,26	0,7909091
125,3	0,7909091
125,35	0,7909091
125,39	0,7909091
125,43	0,7909091
125,45	0,7909091
125,49	0,7909091
125,51	0,7909091
125,56	0,7909091
125,59	0,7909091
125,62	0,7909091
125,64	0,7909091
125,66	0,7909091
125,69	0,7909091
125,71	0,7909091
125,73	0,7909091
125,76	0,7909091
125,78	0,7909091
125,8	0,7909091
125,84	0,7909091
125,85	0,7909091
125,87	0,7909091
125,91	0,7909091
125,94	0,7909091
125,98	0,7909091
126	0,7909091
126,04	0,7909091
126,06	0,7909091
126,1	0,7909091
126,13	0,7909091
126,17	0,7909091
126,19	0,7909091
126,24	0,7909091
126,26	0,7909091
126,31	0,7909091
126,34	0,7909091
126,38	0,7909091
126,41	0,7909091
126,44	0,7909091
126,45	0,7909091
126,47	0,7909091
126,51	0,7909091
126,54	0,7909091
126,58	0,7909091
126,59	0,7909091
126,6	0,7909091
126,64	0,7909091
126,66	0,7909091
126,7	0,7909091
126,72	0,7909091
126,77	0,7909091
126,79	0,7909091
126,82	0,7909091
126,85	0,7909091
126,88	0,7909091
126,91	0,7909091
126,92	0,7909091
126,97	0,7909091
126,99	0,7909091
127,03	0,7909091
127,06	0,7909091
127,11	0,7909091
127,14	0,7909091
127,19	0,7909091
127,21	0,7909091
127,26	0,7909091
127,29	0,7909091
127,34	0,7909091
127,36	0,7909091
127,41	0,7909091
127,44	0,7909091
127,48	0,7909091
127,52	0,7909091
127,57	0,7909091
127,62	0,7909091
127,64	0,7909091
127,68	0,7909091
127,71	0,7909091
127,76	0,7909091
127,78	0,7909091
127,82	0,7909091
127,86	0,7909091
127,91	0,7909091
127,93	0,7909091
127,98	0,7909091
128,01	0,7909091
128,05	0,7909091
128,08	0,7909091
128,13	0,7909091
128,16	0,7909091
128,21	0,7909091
128,24	0,7909091
128,29	0,7909091
128,31	0,7909091
128,36	0,7909091
128,39	0,7909091
128,44	0,7909091
128,46	0,7909091
128,51	0,7909091
128,56	0,7909091
128,63	0,7909091
128,67	0,7909091
128,69	0,7909091
128,74	0,7909091
128,77	0,7909091
128,83	0,7909091
128,94	0,7909091
128,99	0,7909091
129,02	0,7909091
129,07	0,7909091
129,1	0,7909091
129,15	0,7909091
129,17	0,7909091
129,22	0,7909091
129,24	0,7909091
129,29	0,7909091
129,33	0,7909091
129,38	0,7909091
129,4	0,7909091
129,45	0,7909091
129,48	0,7909091
129,53	0,7909091
129,56	0,7909091
129,6	0,7909091
129,62	0,7909091
129,67	0,7909091
129,7	0,7909091
129,76	0,7909091
129,81	0,7909091
129,83	0,7909091
129,88	0,7909091
129,91	0,7909091
129,96	0,7909091
129,98	0,7909091
130,03	0,7909091
130,05	0,7909091
130,1	0,7909091
130,12	0,7909091
130,18	0,7909091
130,24	0,7909091
130,29	0,7909091
130,32	0,7909091
130,37	0,7909091
130,39	0,7909091
130,44	0,7909091
130,47	0,7909091
130,52	0,7909091
130,55	0,7909091
130,59	0,7909091
130,61	0,7909091
130,65	0,7909091
130,68	0,7909091
130,73	0,7909091
130,77	0,7909091
130,81	0,7909091
130,85	0,7909091
130,89	0,7909091
130,91	0,7909091
130,96	0,7909091
130,98	0,7909091
131,03	0,7909091
131,05	0,7909091
131,1	0,7909091
131,12	0,7909091
131,18	0,7909091
131,21	0,7909091
131,24	0,7909091
131,28	0,7909091
131,31	0,7909091
131,36	0,7909091
131,39	0,7909091
131,43	0,7909091
131,46	0,7909091
131,51	0,7909091
131,54	0,7909091
131,59	0,7909091
131,61	0,7909091
131,66	0,7909091
131,68	0,7909091
131,73	0,7909091
131,75	0,7909091
131,8	0,7909091
131,83	0,7909091
131,88	0,7909091
131,91	0,7909091
131,95	0,7909091
131,98	0,7909091
132,03	0,7909091
132,05	0,7909091
132,1	0,7909091
132,13	0,7909091
132,19	0,7909091
132,23	0,7909091
132,26	0,7909091
132,31	0,7909091
132,34	0,7909091
132,39	0,7909091
132,42	0,7909091
132,46	0,7909091
132,52	0,7909091
132,57	0,7909091
132,62	0,7909091
132,65	0,7909091
132,7	0,7909091
132,73	0,7909091
132,76	0,7909091
132,79	0,7909091
132,83	0,7909091
132,85	0,7909091
132,9	0,7909091
132,93	0,7909091
132,98	0,7909091
133	0,7909091
133,04	0,7909091
133,07	0,7909091
133,11	0,7909091
133,14	0,7909091
133,18	0,7909091
133,21	0,7909091
133,26	0,7909091
133,29	0,7909091
133,34	0,7909091
133,36	0,7909091
133,41	0,7909091
133,43	0,7909091
133,49	0,7909091
133,54	0,7909091
133,57	0,7909091
133,63	0,7909091
133,67	0,7909091
133,7	0,7909091
133,75	0,7909091
133,79	0,7909091
133,84	0,7909091
133,86	0,7909091
133,91	0,7909091
133,94	0,7909091
133,99	0,7909091
134,01	0,7909091
134,06	0,7909091
134,08	0,7909091
134,13	0,7909091
134,16	0,7909091
134,22	0,7909091
134,27	0,7909091
134,3	0,7909091
134,35	0,7909091
134,37	0,7909091
134,42	0,7909091
134,45	0,7909091
134,5	0,7909091
134,53	0,7909091
134,64	0,7909091
134,68	0,7909091
134,7	0,7909091
134,75	0,7909091
134,78	0,7909091
134,83	0,7909091
134,88	0,7909091
134,91	0,7909091
134,96	0,7909091
134,98	0,7909091
135,04	0,7909091
135,09	0,7909091
135,12	0,7909091
135,16	0,7909091
135,18	0,7909091
135,24	0,7909091
135,25	0,7909091
135,3	0,7909091
135,32	0,7909091
135,33	0,7909091
135,36	0,7909091
135,38	0,7909091
135,42	0,7909091
135,44	0,7909091
135,48	0,7909091
135,51	0,7909091
135,57	0,7909091
135,59	0,7909091
135,64	0,7909091
135,66	0,7909091
135,69	0,7909091
135,71	0,7909091
135,74	0,7909091
135,78	0,7909091
135,79	0,7909091
135,81	0,7909091
135,85	0,7909091
135,87	0,7909091
135,88	0,7909091
135,91	0,7909091
135,93	0,7909091
135,94	0,7909091
135,98	0,7909091
136,01	0,7909091
136,06	0,7909091
136,08	0,7909091
136,12	0,7909091
136,14	0,7909091
136,18	0,7909091
136,2	0,7909091
136,26	0,7909091
136,31	0,7909091
136,34	0,7909091
136,39	0,7909091
136,42	0,7909091
136,46	0,7909091
136,49	0,7909091
136,54	0,7909091
136,58	0,7909091
136,62	0,7909091
136,64	0,7909091
136,69	0,7909091
136,71	0,7909091
136,76	0,7909091
136,78	0,7909091
136,82	0,7909091
136,83	0,7909091
136,87	0,7909091
136,91	0,7909091
136,93	0,7909091
136,98	0,7909091
137	0,7909091
137,04	0,7909091
137,07	0,7909091
137,12	0,7909091
137,14	0,7909091
137,2	0,7909091
137,22	0,7909091
137,27	0,7909091
137,3	0,7909091
137,35	0,7909091
137,37	0,7909091
137,41	0,7909091
137,43	0,7909091
137,48	0,7909091
137,51	0,7909091
137,56	0,7909091
137,59	0,7909091
137,63	0,7909091
137,64	0,7909091
137,66	0,7909091
137,71	0,7909091
137,74	0,7909091
137,78	0,7909091
137,81	0,7909091
137,85	0,7909091
137,88	0,7909091
137,93	0,7909091
137,96	0,7909091
138,05	0,7909091
138,1	0,7909091
138,14	0,7909091
138,18	0,7909091
138,22	0,7909091
138,25	0,7909091
138,29	0,7909091
138,33	0,7909091
138,37	0,7909091
138,39	0,7909091
138,45	0,7909091
138,5	0,7909091
138,55	0,7909091
138,59	0,7909091
138,61	0,7909091
138,66	0,7909091
138,69	0,7909091
138,74	0,7909091
138,76	0,7909091
138,8	0,7909091
138,83	0,7909091
138,87	0,7909091
138,89	0,7909091
138,94	0,7909091
138,96	0,7909091
139,01	0,7909091
139,04	0,7909091
139,08	0,7909091
139,11	0,7909091
139,17	0,7909091
139,21	0,7909091
139,23	0,7909091
139,28	0,7909091
139,3	0,7909091
139,35	0,7909091
139,38	0,7909091
139,44	0,7909091
139,49	0,7909091
139,51	0,7909091
139,58	0,7909091
139,63	0,7909091
139,64	0,7909091
139,69	0,7909091
139,7	0,7909091
139,71	0,7909091
139,72	0,7909091
139,75	0,7909091
139,78	0,7909091
139,83	0,7909091
139,86	0,7909091
139,9	0,7909091
139,92	0,7909091
139,98	0,7909091
140,08	0,7909091
140,09	0,7909091
140,1	0,7909091
140,11	0,7909091
140,14	0,7909091
140,16	0,7909091
140,18	0,7909091
140,19	0,7909091
140,21	0,7909091
140,24	0,7909091
140,27	0,7909091
140,28	0,7909091
140,29	0,7909091
140,3	0,7909091
140,32	0,7909091
140,34	0,7909091
140,42	0,7909091
140,44	0,7909091
140,45	0,7909091
140,47	0,7909091
140,48	0,7909091
140,49	0,7909091
140,5	0,7909091
140,52	0,7909091
140,53	0,7909091
140,54	0,7909091
140,55	0,7909091
140,56	0,7909091
140,57	0,7909091
140,58	0,7909091
140,6	0,7909091
140,65	0,7909091
140,67	0,7909091
140,71	0,7909091
140,74	0,7909091
140,79	0,7909091
140,81	0,7909091
140,86	0,7909091
140,88	0,7909091
140,93	0,7909091
140,96	0,7909091
141,01	0,7909091
141,03	0,7909091
141,09	0,7909091
141,13	0,7909091
141,16	0,7909091
141,22	0,7909091
141,28	0,7909091
141,33	0,7909091
141,36	0,7909091
141,41	0,7909091
141,43	0,7909091
141,49	0,7909091
141,54	0,7909091
141,58	0,7909091
141,63	0,7909091
141,65	0,7909091
141,7	0,7909091
141,73	0,7909091
141,78	0,7909091
141,8	0,7909091
141,85	0,7909091
141,87	0,7909091
141,92	0,7909091
141,94	0,7909091
141,99	0,7909091
142,01	0,7909091
142,06	0,7909091
142,08	0,7909091
142,13	0,7909091
142,15	0,7909091
142,2	0,7909091
142,23	0,7909091
142,27	0,7909091
142,3	0,7909091
142,34	0,7909091
142,36	0,7909091
142,41	0,7909091
142,44	0,7909091
142,49	0,7909091
142,51	0,7909091
142,56	0,7909091
142,58	0,7909091
142,64	0,7909091
142,69	0,7909091
142,71	0,7909091
142,75	0,7909091
142,77	0,7909091
142,82	0,7909091
142,85	0,7909091
142,89	0,7909091
142,92	0,7909091
142,97	0,7909091
142,99	0,7909091
143,03	0,7909091
143,06	0,7909091
143,1	0,7909091
143,14	0,7909091
143,18	0,7909091
143,19	0,7909091
143,2	0,7909091
143,23	0,7909091
143,25	0,7909091
143,29	0,7909091
143,32	0,7909091
143,37	0,7909091
143,39	0,7909091
143,44	0,7909091
143,47	0,7909091
143,51	0,7909091
143,54	0,7909091
143,56	0,7909091
143,59	0,7909091
143,61	0,7909091
143,65	0,7909091
143,67	0,7909091
143,7	0,7909091
143,71	0,7909091
143,74	0,7909091
143,76	0,7909091
143,78	0,7909091
143,79	0,7909091
143,8	0,7909091
143,84	0,7909091
143,85	0,7909091
143,87	0,7909091
143,89	0,7909091
143,92	0,7909091
143,97	0,7909091
144,02	0,7909091
144,03	0,7909091
144,04	0,7909091
144,09	0,7909091
144,12	0,7909091
144,16	0,7909091
144,19	0,7909091
144,22	0,7909091
144,25	0,7909091
144,29	0,7909091
144,3	0,7909091
144,33	0,7909091
144,36	0,7909091
144,38	0,7909091
144,41	0,7909091
144,46	0,7909091
144,48	0,7909091
144,53	0,7909091
144,54	0,7909091
144,56	0,7909091
144,58	0,7909091
144,59	0,7909091
144,62	0,7909091
144,67	0,7909091
144,69	0,7909091
144,74	0,7909091
144,75	0,7909091
144,76	0,7909091
144,81	0,7909091
144,84	0,7909091
144,89	0,7909091
144,92	0,7909091
144,97	0,7909091
144,99	0,7909091
145,04	0,7909091
145,11	0,7909091
145,16	0,7909091
145,2	0,7909091
145,22	0,7909091
145,27	0,7909091
145,29	0,7909091
145,37	0,7909091
145,42	0,7909091
145,45	0,7909091
145,54	0,7909091
145,6	0,7909091
145,66	0,7909091
145,7	0,7909091
145,73	0,7909091
145,77	0,7909091
145,79	0,7909091
145,81	0,7909091
145,84	0,7909091
145,86	0,7909091
145,89	0,7909091
145,9	0,7909091
145,91	0,7909091
145,93	0,7909091
145,96	0,7909091
145,99	0,7909091
146,03	0,7909091
146,05	0,7909091
146,1	0,7909091
146,13	0,7909091
146,17	0,7909091
146,2	0,7909091
146,26	0,7909091
146,3	0,7909091
146,32	0,7909091
146,36	0,7909091
146,39	0,7909091
146,43	0,7909091
146,45	0,7909091
146,48	0,7909091
146,5	0,7909091
146,51	0,7909091
146,54	0,7909091
146,55	0,7909091
146,56	0,7909091
146,58	0,7909091
146,6	0,7909091
146,61	0,7909091
146,63	0,7909091
146,64	0,7909091
146,65	0,7909091
146,66	0,7909091
146,69	0,7909091
146,7	0,7909091
146,72	0,7909091
146,74	0,7909091
146,75	0,7909091
146,79	0,7909091
146,8	0,7909091
146,82	0,7909091
146,86	0,7909091
146,89	0,7909091
146,92	0,7909091
146,94	0,7909091
146,96	0,7909091
147,01	0,7909091
147,02	0,7909091
147,04	0,7909091
147,06	0,7909091
147,08	0,7909091
147,11	0,7909091
147,16	0,7909091
147,18	0,7909091
147,2	0,7909091
147,21	0,7909091
147,23	0,7909091
147,24	0,7909091
147,25	0,7909091
147,26	0,7909091
147,27	0,7909091
147,29	0,7909091
147,3	0,7909091
147,33	0,7909091
147,38	0,7909091
147,42	0,7909091
147,45	0,7909091
147,51	0,7909091
147,56	0,7909091
147,59	0,7909091
147,64	0,7909091
147,67	0,7909091
147,71	0,7909091
147,74	0,7909091
147,79	0,7909091
147,81	0,7909091
147,85	0,7909091
147,88	0,7909091
147,92	0,7909091
147,94	0,7909091
147,99	0,7909091
148,02	0,7909091
148,05	0,7909091
148,08	0,7909091
148,13	0,7909091
148,15	0,7909091
148,22	0,7909091
148,27	0,7909091
148,3	0,7909091
148,35	0,7909091
148,38	0,7909091
148,42	0,7909091
148,45	0,7909091
148,51	0,7909091
148,54	0,7909091
148,59	0,7909091
148,61	0,7909091
148,64	0,7909091
148,67	0,7909091
148,71	0,7909091
148,74	0,7909091
148,8	0,7909091
148,84	0,7909091
148,87	0,7909091
148,93	0,7909091
148,95	0,7909091
148,96	0,7909091
148,98	0,7909091
149,01	0,7909091
149,05	0,7909091
149,08	0,7909091
149,13	0,7909091
149,19	0,7909091
149,23	0,7909091
149,25	0,7909091
149,3	0,7909091
149,33	0,7909091
149,37	0,7909091
149,41	0,7909091
149,45	0,7909091
149,48	0,7909091
149,53	0,7909091
149,56	0,7909091
149,61	0,7909091
149,63	0,7909091
149,68	0,7909091
149,7	0,7909091
149,78	0,7909091
149,83	0,7909091
149,85	0,7909091
149,89	0,7909091
149,91	0,7909091
149,96	0,7909091
149,99	0,7909091
150,04	0,7909091
150,06	0,7909091
150,1	0,7909091
150,13	0,7909091
150,18	0,7909091
150,2	0,7909091
150,24	0,7909091
150,26	0,7909091
150,3	0,7909091
150,33	0,7909091
150,38	0,7909091
150,41	0,7909091
150,44	0,7909091
150,46	0,7909091
150,49	0,7909091
150,57	0,7909091
150,62	0,7909091
150,64	0,7909091
150,66	0,7909091
150,69	0,7909091
150,71	0,7909091
150,76	0,7909091
150,78	0,7909091
150,84	0,7909091
150,89	0,7909091
150,93	0,7909091
150,97	0,7909091
151	0,7909091
151,04	0,7909091
151,05	0,7909091
151,08	0,7909091
151,12	0,7909091
151,17	0,7909091
151,22	0,7909091
151,25	0,7909091
151,26	0,7909091
151,27	0,7909091
151,3	0,7909091
151,36	0,7909091
151,41	0,7909091
151,43	0,7909091
151,48	0,7909091
151,51	0,7909091
151,57	0,7909091
151,62	0,7909091
151,65	0,7909091
151,69	0,7909091
151,72	0,7909091
151,77	0,7909091
151,8	0,7909091
151,84	0,7909091
151,86	0,7909091
151,91	0,7909091
151,94	0,7909091
151,98	0,7909091
152	0,7909091
152,05	0,7909091
152,07	0,7909091
152,11	0,7909091
152,13	0,7909091
152,19	0,7909091
152,24	0,7909091
152,26	0,7909091
152,31	0,7909091
152,34	0,7909091
152,38	0,7909091
152,41	0,7909091
152,45	0,7909091
152,48	0,7909091
152,53	0,7909091
152,58	0,7909091
152,62	0,7909091
152,64	0,7909091
152,69	0,7909091
152,72	0,7909091
152,74	0,7909091
152,75	0,7909091
152,76	0,7909091
152,78	0,7909091
152,8	0,7909091
152,81	0,7909091
152,83	0,7909091
152,86	0,7909091
152,9	0,7909091
152,94	0,7909091
152,98	0,7909091
153,03	0,7909091
153,08	0,7909091
153,1	0,7909091
153,15	0,7909091
153,18	0,7909091
153,22	0,7909091
153,25	0,7909091
153,29	0,7909091
153,33	0,7909091
153,37	0,7909091
153,39	0,7909091
153,44	0,7909091
153,46	0,7909091
153,51	0,7909091
153,53	0,7909091
153,58	0,7909091
153,6	0,7909091
153,64	0,7909091
153,67	0,7909091
153,72	0,7909091
153,74	0,7909091
153,79	0,7909091
153,81	0,7909091
153,86	0,7909091
153,88	0,7909091
153,93	0,7909091
153,95	0,7909091
153,99	0,7909091
154,02	0,7909091
154,08	0,7909091
154,13	0,7909091
154,15	0,7909091
154,2	0,7909091
154,22	0,7909091
154,27	0,7909091
154,29	0,7909091
154,34	0,7909091
154,37	0,7909091
154,41	0,7909091
154,44	0,7909091
154,48	0,7909091
154,51	0,7909091
154,57	0,7909091
154,62	0,7909091
154,64	0,7909091
154,68	0,7909091
154,71	0,7909091
154,75	0,7909091
154,78	0,7909091
154,82	0,7909091
154,84	0,7909091
154,89	0,7909091
154,91	0,7909091
154,96	0,7909091
154,98	0,7909091
155,03	0,7909091
155,06	0,7909091
155,11	0,7909091
155,14	0,7909091
155,18	0,7909091
155,21	0,7909091
155,25	0,7909091
155,27	0,7909091
155,32	0,7909091
155,34	0,7909091
155,39	0,7909091
155,41	0,7909091
155,46	0,7909091
155,5	0,7909091
155,56	0,7909091
155,61	0,7909091
155,63	0,7909091
155,68	0,7909091
155,7	0,7909091
155,76	0,7909091
155,78	0,7909091
155,82	0,7909091
155,84	0,7909091
155,89	0,7909091
155,91	0,7909091
155,96	0,7909091
155,98	0,7909091
156,09	0,7909091
156,15	0,7909091
156,2	0,7909091
156,23	0,7909091
156,28	0,7909091
156,31	0,7909091
156,35	0,7909091
156,38	0,7909091
156,42	0,7909091
156,45	0,7909091
156,5	0,7909091
156,53	0,7909091
156,57	0,7909091
156,6	0,7909091
156,64	0,7909091
156,67	0,7909091
156,71	0,7909091
156,74	0,7909091
156,78	0,7909091
156,8	0,7909091
156,85	0,7909091
156,88	0,7909091
156,93	0,7909091
156,95	0,7909091
156,97	0,7909091
156,98	0,7909091
157,01	0,7909091
157,07	0,7909091
157,11	0,7909091
157,14	0,7909091
157,19	0,7909091
157,21	0,7909091
157,28	0,7909091
157,32	0,7909091
157,35	0,7909091
157,4	0,7909091
157,44	0,7909091
157,47	0,7909091
157,52	0,7909091
157,56	0,7909091
157,6	0,7909091
157,63	0,7909091
157,66	0,7909091
157,67	0,7909091
157,69	0,7909091
157,75	0,7909091
157,77	0,7909091
157,81	0,7909091
157,83	0,7909091
157,88	0,7909091
157,91	0,7909091
157,94	0,7909091
157,95	0,7909091
157,96	0,7909091
157,97	0,7909091
157,98	0,7909091
158	0,7909091
158,01	0,7909091
158,03	0,7909091
158,08	0,7909091
158,1	0,7909091
158,15	0,7909091
158,18	0,7909091
158,22	0,7909091
158,25	0,7909091
158,31	0,7909091
158,35	0,7909091
158,37	0,7909091
158,42	0,7909091
158,44	0,7909091
158,49	0,7909091
158,54	0,7909091
158,57	0,7909091
158,61	0,7909091
158,64	0,7909091
158,69	0,7909091
158,72	0,7909091
158,77	0,7909091
158,79	0,7909091
158,84	0,7909091
158,87	0,7909091
158,92	0,7909091
158,94	0,7909091
158,98	0,7909091
159,02	0,7909091
159,07	0,7909091
159,09	0,7909091
159,14	0,7909091
159,16	0,7909091
159,21	0,7909091
159,24	0,7909091
159,29	0,7909091
159,32	0,7909091
159,36	0,7909091
159,39	0,7909091
159,43	0,7909091
159,46	0,7909091
159,51	0,7909091
159,54	0,7909091
159,59	0,7909091
159,62	0,7909091
159,64	0,7909091
159,65	0,7909091
159,68	0,7909091
159,76	0,7909091
159,81	0,7909091
159,83	0,7909091
159,88	0,7909091
159,91	0,7909091
159,95	0,7909091
159,96	0,7909091
159,97	0,7909091
160,02	0,7909091
160,04	0,7909091
160,08	0,7909091
160,11	0,7909091
160,15	0,7909091
160,18	0,7909091
160,22	0,7909091
160,25	0,7909091
160,3	0,7909091
160,33	0,7909091
160,38	0,7909091
160,41	0,7909091
160,45	0,7909091
160,48	0,7909091
160,52	0,7909091
160,55	0,7909091
160,61	0,7909091
160,63	0,7909091
160,67	0,7909091
160,69	0,7909091
160,74	0,7909091
160,77	0,7909091
160,82	0,7909091
160,87	0,7909091
160,9	0,7909091
160,95	0,7909091
160,97	0,7909091
161,02	0,7909091
161,05	0,7909091
161,1	0,7909091
161,12	0,7909091
161,17	0,7909091
161,2	0,7909091
161,25	0,7909091
161,29	0,7909091
161,34	0,7909091
161,36	0,7909091
161,41	0,7909091
161,43	0,7909091
161,48	0,7909091
161,5	0,7909091
161,58	0,7909091
161,62	0,7909091
161,65	0,7909091
161,69	0,7909091
161,72	0,7909091
161,82	0,7909091
161,87	0,7909091
161,89	0,7909091
161,94	0,7909091
161,97	0,7909091
162,01	0,7909091
162,04	0,7909091
162,08	0,7909091
162,09	0,7909091
162,11	0,7909091
162,16	0,7909091
162,18	0,7909091
162,23	0,7909091
162,25	0,7909091
162,3	0,7909091
162,34	0,7909091
162,38	0,7909091
162,41	0,7909091
162,46	0,7909091
162,48	0,7909091
162,52	0,7909091
162,53	0,7909091
162,55	0,7909091
162,57	0,7909091
162,6	0,7909091
162,62	0,7909091
162,67	0,7909091
162,69	0,7909091
162,74	0,7909091
162,76	0,7909091
162,82	0,7909091
162,87	0,7909091
162,89	0,7909091
162,94	0,7909091
162,97	0,7909091
163,02	0,7909091
163,05	0,7909091
163,1	0,7909091
163,15	0,7909091
163,17	0,7909091
163,22	0,7909091
163,24	0,7909091
163,29	0,7909091
163,32	0,7909091
163,36	0,7909091
163,39	0,7909091
163,44	0,7909091
163,46	0,7909091
163,51	0,7909091
163,54	0,7909091
163,59	0,7909091
163,61	0,7909091
163,66	0,7909091
163,69	0,7909091
163,74	0,7909091
163,77	0,7909091
163,81	0,7909091
163,85	0,7909091
163,89	0,7909091
163,92	0,7909091
163,97	0,7909091
164	0,7909091
164,05	0,7909091
164,07	0,7909091
164,12	0,7909091
164,14	0,7909091
164,19	0,7909091
164,24	0,7909091
164,27	0,7909091
164,31	0,7909091
164,34	0,7909091
164,38	0,7909091
164,41	0,7909091
164,45	0,7909091
164,48	0,7909091
164,52	0,7909091
164,56	0,7909091
164,58	0,7909091
164,6	0,7909091
164,62	0,7909091
164,67	0,7909091
164,7	0,7909091
164,74	0,7909091
164,77	0,7909091
164,8	0,7909091
164,83	0,7909091
164,89	0,7909091
164,91	0,7909091
164,96	0,7909091
164,97	0,7909091
165,02	0,7909091
165,04	0,7909091
165,08	0,7909091
165,1	0,7909091
165,14	0,7909091
165,16	0,7909091
165,2	0,7909091
165,23	0,7909091
165,28	0,7909091
165,3	0,7909091
165,33	0,7909091
165,36	0,7909091
165,4	0,7909091
165,43	0,7909091
165,48	0,7909091
165,51	0,7909091
165,57	0,7909091
165,62	0,7909091
165,64	0,7909091
165,68	0,7909091
165,71	0,7909091
165,75	0,7909091
165,78	0,7909091
165,83	0,7909091
165,85	0,7909091
165,89	0,7909091
165,92	0,7909091
165,95	0,7909091
165,96	0,7909091
165,98	0,7909091
166,03	0,7909091
166,05	0,7909091
166,1	0,7909091
166,12	0,7909091
166,17	0,7909091
166,19	0,7909091
166,24	0,7909091
166,27	0,7909091
166,33	0,7909091
166,37	0,7909091
166,39	0,7909091
166,44	0,7909091
166,46	0,7909091
166,51	0,7909091
166,55	0,7909091
166,6	0,7909091
166,63	0,7909091
166,68	0,7909091
166,69	0,7909091
166,74	0,7909091
166,76	0,7909091
166,78	0,7909091
166,79	0,7909091
166,82	0,7909091
166,86	0,7909091
166,88	0,7909091
166,93	0,7909091
166,95	0,7909091
167,01	0,7909091
167,06	0,7909091
167,08	0,7909091
167,13	0,7909091
167,17	0,7909091
167,21	0,7909091
167,23	0,7909091
167,28	0,7909091
167,3	0,7909091
167,35	0,7909091
167,37	0,7909091
167,42	0,7909091
167,45	0,7909091
167,46	0,7909091
167,54	0,7909091
167,59	0,7909091
167,62	0,7909091
167,66	0,7909091
167,68	0,7909091
167,73	0,7909091
167,75	0,7909091
167,8	0,7909091
167,83	0,7909091
167,87	0,7909091
167,9	0,7909091
167,95	0,7909091
167,97	0,7909091
168,02	0,7909091
168,04	0,7909091
168,09	0,7909091
168,11	0,7909091
168,16	0,7909091
168,18	0,7909091
168,22	0,7909091
168,23	0,7909091
168,25	0,7909091
168,29	0,7909091
168,31	0,7909091
168,33	0,7909091
168,4	0,7909091
168,45	0,7909091
168,47	0,7909091
168,53	0,7909091
168,58	0,7909091
168,64	0,7909091
168,66	0,7909091
168,71	0,7909091
168,73	0,7909091
168,78	0,7909091
168,8	0,7909091
168,85	0,7909091
168,88	0,7909091
168,92	0,7909091
168,94	0,7909091
168,98	0,7909091
169	0,7909091
169,02	0,7909091
169,07	0,7909091
169,09	0,7909091
169,14	0,7909091
169,16	0,7909091
169,21	0,7909091
169,22	0,7909091
169,27	0,7909091
169,3	0,7909091
169,35	0,7909091
169,36	0,7909091
169,38	0,7909091
169,42	0,7909091
169,44	0,7909091
169,5	0,7909091
169,53	0,7909091
169,56	0,7909091
169,59	0,7909091
169,63	0,7909091
169,66	0,7909091
169,7	0,7909091
169,74	0,7909091
169,79	0,7909091
169,81	0,7909091
169,85	0,7909091
169,87	0,7909091
169,92	0,7909091
169,94	0,7909091
169,99	0,7909091
170,01	0,7909091
170,06	0,7909091
170,09	0,7909091
170,13	0,7909091
170,16	0,7909091
170,2	0,7909091
170,23	0,7909091
170,27	0,7909091
170,3	0,7909091
170,36	0,7909091
170,39	0,7909091
170,44	0,7909091
170,5	0,7909091
170,52	0,7909091
170,57	0,7909091
170,6	0,7909091
170,65	0,7909091
170,76	0,7909091
170,78	0,7909091
170,8	0,7909091
170,82	0,7909091
170,87	0,7909091
170,91	0,7909091
170,96	0,7909091
171	0,7909091
171,04	0,7909091
171,05	0,7909091
171,07	0,7909091
171,09	0,7909091
171,11	0,7909091
171,13	0,7909091
171,18	0,7909091
171,19	0,7909091
171,21	0,7909091
171,22	0,7909091
171,23	0,7909091
171,24	0,7909091
171,25	0,7909091
171,26	0,7909091
171,27	0,7909091
171,3	0,7909091
171,32	0,7909091
171,37	0,7909091
171,4	0,7909091
171,44	0,7909091
171,47	0,7909091
171,52	0,7909091
171,55	0,7909091
171,58	0,7909091
171,59	0,7909091
171,62	0,7909091
171,67	0,7909091
171,69	0,7909091
171,71	0,7909091
171,73	0,7909091
171,75	0,7909091
171,76	0,7909091
171,77	0,7909091
171,8	0,7909091
171,83	0,7909091
171,89	0,7909091
171,92	0,7909091
171,93	0,7909091
171,95	0,7909091
172	0,7909091
172,02	0,7909091
172,07	0,7909091
172,09	0,7909091
172,1	0,7909091
172,11	0,7909091
172,14	0,7909091
172,17	0,7909091
172,22	0,7909091
172,24	0,7909091
172,27	0,7909091
172,3	0,7909091
172,34	0,7909091
172,37	0,7909091
172,4	0,7909091
172,41	0,7909091
172,42	0,7909091
172,44	0,7909091
172,46	0,7909091
172,5	0,7909091
172,53	0,7909091
172,55	0,7909091
172,57	0,7909091
172,59	0,7909091
172,67	0,7909091
172,7	0,7909091
172,73	0,7909091
172,74	0,7909091
172,75	0,7909091
172,76	0,7909091
172,77	0,7909091
172,78	0,7909091
172,79	0,7909091
172,84	0,7909091
172,86	0,7909091
172,92	0,7909091
172,93	0,7909091
172,94	0,7909091
172,95	0,7909091
172,97	0,7909091
172,99	0,7909091
